/*--------------------------------*- C++ -*----------------------------------*\
| =========                 |                                                 |
| \\      /  F ield         | OpenFOAM: The Open Source CFD Toolbox           |
|  \\    /   O peration     | Version:  v2012                                 |
|   \\  /    A nd           | Website:  www.openfoam.com                      |
|    \\/     M anipulation  |                                                 |
\*---------------------------------------------------------------------------*/
FoamFile
{
    version     2.0;
    format      ascii;
    class       surfaceScalarField;
    location    "1";
    object      phi;
}
// * * * * * * * * * * * * * * * * * * * * * * * * * * * * * * * * * * * * * //

dimensions      [0 3 -1 0 0 0 0];
oriented        oriented;


internalField   nonuniform List<scalar> 
4432
(
-6.75818e-07
6.75818e-07
-2.9689e-06
2.29308e-06
-5.23746e-06
2.26855e-06
-7.38752e-06
2.15005e-06
-9.50817e-06
2.12065e-06
-1.15932e-05
2.08502e-06
-1.35753e-05
1.98208e-06
-1.5363e-05
1.7877e-06
-1.68623e-05
1.49938e-06
-1.79858e-05
1.12343e-06
-1.865e-05
6.64201e-07
-1.87772e-05
1.27217e-07
-1.83438e-05
-4.33397e-07
-1.74289e-05
-9.14848e-07
-1.60943e-05
-1.33463e-06
-1.4057e-05
-2.03731e-06
-1.09748e-05
-3.08222e-06
-6.68791e-06
-4.28688e-06
-1.45057e-06
-5.23735e-06
3.70745e-06
-5.15803e-06
6.61987e-06
-2.91242e-06
5.04601e-06
1.57386e-06
5.04603e-06
-2.29634e-06
2.97215e-06
-4.9284e-06
4.92512e-06
-7.40729e-06
4.74744e-06
-9.78303e-06
4.52578e-06
-1.21002e-05
4.43783e-06
-1.42898e-05
4.27462e-06
-1.62525e-05
3.94475e-06
-1.78831e-05
3.41832e-06
-1.90822e-05
2.69841e-06
-1.97751e-05
1.8164e-06
-1.99512e-05
8.40312e-07
-1.97002e-05
-1.23821e-07
-1.91293e-05
-1.00428e-06
-1.82447e-05
-1.79942e-06
-1.68885e-05
-2.6909e-06
-1.49044e-05
-4.02133e-06
-1.20907e-05
-5.89596e-06
-8.32886e-06
-8.04874e-06
-3.76753e-06
-9.79869e-06
9.23789e-07
-9.84935e-06
4.28425e-06
-6.27287e-06
4.48469e-06
1.37343e-06
9.53072e-06
-2.97397e-06
5.94611e-06
-5.46863e-06
7.41978e-06
-7.86407e-06
7.14287e-06
-1.02247e-05
6.88637e-06
-1.25177e-05
6.73089e-06
-1.46684e-05
6.42532e-06
-1.6587e-05
5.86335e-06
-1.81786e-05
5.00988e-06
-1.93497e-05
3.86954e-06
-2.00307e-05
2.49737e-06
-2.02138e-05
1.02344e-06
-1.99664e-05
-3.71248e-07
-1.93956e-05
-1.575e-06
-1.85369e-05
-2.65818e-06
-1.73135e-05
-3.91425e-06
-1.5594e-05
-5.74089e-06
-1.32027e-05
-8.2872e-06
-9.98732e-06
-1.12642e-05
-5.9206e-06
-1.38654e-05
-1.38833e-06
-1.43816e-05
2.30009e-06
-9.96126e-06
3.41592e-06
2.57589e-07
1.29467e-05
-3.17774e-06
9.12385e-06
-5.61548e-06
9.85752e-06
-7.98667e-06
9.51406e-06
-1.03475e-05
9.24717e-06
-1.2639e-05
9.02239e-06
-1.47909e-05
8.5772e-06
-1.67205e-05
7.79298e-06
-1.8334e-05
6.62334e-06
-1.95318e-05
5.06739e-06
-2.02341e-05
3.19971e-06
-2.04238e-05
1.21311e-06
-2.01703e-05
-6.24761e-07
-1.95981e-05
-2.14714e-06
-1.87978e-05
-3.4585e-06
-1.77634e-05
-4.94866e-06
-1.64099e-05
-7.09439e-06
-1.45674e-05
-1.01297e-05
-1.19855e-05
-1.3846e-05
-8.37884e-06
-1.74721e-05
-3.82457e-06
-1.89359e-05
3.83966e-07
-1.41698e-05
2.32282e-06
-1.68128e-06
1.52695e-05
-3.18361e-06
1.23075e-05
-5.62133e-06
1.22952e-05
-8.00269e-06
1.18954e-05
-1.03767e-05
1.16212e-05
-1.26852e-05
1.13309e-05
-1.48646e-05
1.07566e-05
-1.68355e-05
9.76389e-06
-1.84992e-05
8.28707e-06
-1.97431e-05
6.31123e-06
-2.04699e-05
3.92652e-06
-2.0652e-05
1.39524e-06
-2.03699e-05
-9.06857e-07
-1.9784e-05
-2.73303e-06
-1.90497e-05
-4.19284e-06
-1.82398e-05
-5.75851e-06
-1.73356e-05
-7.9986e-06
-1.61778e-05
-1.12876e-05
-1.43843e-05
-1.56395e-05
-1.13132e-05
-2.05432e-05
-6.64459e-06
-2.36045e-05
-1.76517e-06
-1.90492e-05
1.08525e-06
-4.5317e-06
1.63547e-05
-3.11242e-06
1.54199e-05
-5.55915e-06
1.4742e-05
-7.95418e-06
1.42905e-05
-1.03439e-05
1.40109e-05
-1.26803e-05
1.36673e-05
-1.49063e-05
1.29826e-05
-1.6943e-05
1.18006e-05
-1.86819e-05
1.0026e-05
-1.99901e-05
7.6195e-06
-2.07456e-05
4.68196e-06
-2.09069e-05
1.55654e-06
-2.05701e-05
-1.24363e-06
-1.99427e-05
-3.36042e-06
-1.9254e-05
-4.8815e-06
-1.86678e-05
-6.34477e-06
-1.82649e-05
-8.40148e-06
-1.79308e-05
-1.16217e-05
-1.71382e-05
-1.64321e-05
-1.47783e-05
-2.29031e-05
-9.99555e-06
-2.83873e-05
-4.34792e-06
-2.46968e-05
-4.44068e-07
-8.43554e-06
1.59107e-05
-3.00949e-06
1.84294e-05
-5.44579e-06
1.71783e-05
-7.84068e-06
1.66853e-05
-1.02408e-05
1.6411e-05
-1.26105e-05
1.6037e-05
-1.4899e-05
1.52711e-05
-1.70249e-05
1.39265e-05
-1.88651e-05
1.18662e-05
-2.02589e-05
9.01335e-06
-2.10505e-05
5.47353e-06
-2.11799e-05
1.68593e-06
-2.07603e-05
-1.66326e-06
-2.00519e-05
-4.06883e-06
-1.93626e-05
-5.57077e-06
-1.8955e-05
-6.75237e-06
-1.9056e-05
-8.30048e-06
-1.96725e-05
-1.10051e-05
-2.0149e-05
-1.59556e-05
-1.87595e-05
-2.42925e-05
-1.39161e-05
-3.32306e-05
-7.48191e-06
-3.1131e-05
-2.5229e-06
-1.33946e-05
1.33878e-05
-2.87613e-06
2.13055e-05
-5.27367e-06
1.95758e-05
-7.64549e-06
1.90572e-05
-1.00445e-05
1.881e-05
-1.2449e-05
1.84415e-05
-1.4814e-05
1.76361e-05
-1.70529e-05
1.61654e-05
-1.90235e-05
1.38368e-05
-2.05306e-05
1.05204e-05
-2.13755e-05
6.31843e-06
-2.14732e-05
1.78368e-06
-2.09534e-05
-2.18302e-06
-2.01311e-05
-4.8912e-06
-1.9388e-05
-6.31385e-06
-1.90699e-05
-7.07043e-06
-1.95892e-05
-7.78114e-06
-2.12144e-05
-9.37988e-06
-2.32422e-05
-1.39278e-05
-2.31855e-05
-2.43493e-05
-1.83123e-05
-3.81038e-05
-1.11628e-05
-3.82805e-05
-4.87275e-06
-1.96846e-05
8.51503e-06
4.44302e-06
-4.44302e-06
-6.53051e-06
1.09735e-05
-2.32762e-05
1.67457e-05
-3.80137e-05
1.47375e-05
-4.42407e-05
6.22702e-06
-4.23126e-05
-1.92814e-06
-3.81496e-05
-4.16295e-06
-3.54687e-05
-2.68086e-06
-3.3529e-05
-1.93975e-06
-2.94391e-05
-4.08985e-06
-1.93256e-05
-1.01135e-05
-5.14022e-06
-1.41854e-05
6.44849e-06
-1.15887e-05
1.33902e-05
-6.94169e-06
1.49165e-05
-1.52635e-06
1.33088e-05
1.60777e-06
1.04613e-05
2.84742e-06
6.52443e-06
3.93689e-06
6.52446e-06
-6.04831e-06
1.60528e-06
-2.14557e-05
2.63809e-05
-3.64918e-05
3.17818e-05
-4.39315e-05
2.21772e-05
-4.36328e-05
5.92838e-06
-3.90399e-05
-6.52108e-06
-3.40028e-05
-9.19996e-06
-3.09581e-05
-5.72554e-06
-2.8761e-05
-4.13686e-06
-2.45007e-05
-8.35014e-06
-1.5037e-05
-1.95773e-05
-2.97776e-06
-2.62446e-05
6.92983e-06
-2.14963e-05
1.25205e-05
-1.25324e-05
1.29932e-05
-1.99897e-06
9.90563e-06
4.6953e-06
5.86708e-06
6.88598e-06
3.4683e-06
6.33566e-06
9.99277e-06
-1.29475e-05
1.45528e-05
-2.7078e-05
4.05114e-05
-3.71528e-05
4.18566e-05
-4.13416e-05
2.6366e-05
-4.0231e-05
4.81777e-06
-3.39982e-05
-1.27539e-05
-2.75724e-05
-1.56258e-05
-2.48095e-05
-8.48841e-06
-2.35263e-05
-5.42007e-06
-1.98861e-05
-1.19903e-05
-1.03028e-05
-2.91606e-05
9.63265e-07
-3.75107e-05
9.98328e-06
-3.05163e-05
1.47636e-05
-1.73127e-05
1.40344e-05
-1.2698e-06
8.73592e-06
9.99378e-06
2.59988e-06
1.3022e-05
-7.25805e-07
9.66132e-06
9.26697e-06
-1.58369e-05
3.03897e-05
-2.7306e-05
5.19806e-05
-3.42938e-05
4.88444e-05
-3.76219e-05
2.9694e-05
-3.504e-05
2.23595e-06
-2.46933e-05
-2.31006e-05
-1.44518e-05
-2.58673e-05
-1.19469e-05
-1.09933e-05
-1.42543e-05
-3.11273e-06
-1.36751e-05
-1.25695e-05
-3.38913e-06
-3.94466e-05
7.53486e-06
-4.84347e-05
1.57679e-05
-3.87493e-05
1.97592e-05
-2.1304e-05
1.82983e-05
1.91174e-07
1.17128e-05
1.65793e-05
3.14281e-06
2.1592e-05
-3.16712e-06
1.59712e-05
6.09985e-06
-1.61423e-05
4.6532e-05
-2.4911e-05
6.07492e-05
-3.00615e-05
5.39949e-05
-3.37131e-05
3.33456e-05
-2.60148e-05
-5.46235e-06
-1.28935e-05
-3.62219e-05
3.74377e-07
-3.91352e-05
8.21298e-06
-1.88318e-05
2.13584e-06
2.96441e-06
-1.63695e-06
-8.79667e-06
7.53521e-06
-4.86188e-05
1.69193e-05
-5.78187e-05
2.42313e-05
-4.60613e-05
2.70724e-05
-2.41451e-05
2.51371e-05
2.12641e-06
1.93581e-05
2.23582e-05
1.21359e-05
2.88143e-05
2.58658e-06
2.55206e-05
8.68646e-06
-1.53154e-05
6.18474e-05
-2.15753e-05
6.70091e-05
-2.59579e-05
5.83775e-05
-2.78176e-05
3.52053e-05
-1.77301e-05
-1.55499e-05
-9.63357e-06
-4.43184e-05
1.69335e-07
-4.89381e-05
1.39398e-05
-3.26022e-05
1.34217e-05
3.48248e-06
1.05971e-05
-5.97197e-06
1.54835e-05
-5.35052e-05
2.32536e-05
-6.55889e-05
3.13948e-05
-5.42024e-05
3.52261e-05
-2.79764e-05
3.37194e-05
3.63312e-06
2.92491e-05
2.68286e-05
2.41306e-05
3.39328e-05
1.01154e-05
3.95357e-05
1.88018e-05
-1.44462e-05
7.62936e-05
-1.83363e-05
7.08992e-05
-2.29127e-05
6.29539e-05
-2.1716e-05
3.40086e-05
-1.35077e-05
-2.37581e-05
-7.65413e-06
-5.0172e-05
-9.3514e-07
-5.56571e-05
9.35568e-06
-4.2893e-05
1.59449e-05
-3.10675e-06
1.8551e-05
-8.57807e-06
2.10028e-05
-5.5957e-05
2.72167e-05
-7.18028e-05
3.53229e-05
-6.23087e-05
4.17506e-05
-3.44041e-05
4.4102e-05
1.28172e-06
3.92639e-05
3.16668e-05
2.78119e-05
4.53847e-05
1.49625e-05
5.23852e-05
3.37641e-05
-1.4414e-05
9.07076e-05
-1.58704e-05
7.23556e-05
-1.95495e-05
6.6633e-05
-1.54334e-05
2.98925e-05
-9.84207e-06
-2.93494e-05
-6.02563e-06
-5.39885e-05
-1.76786e-06
-5.99148e-05
4.82514e-06
-4.9486e-05
1.49537e-05
-1.32353e-05
2.22719e-05
-1.58963e-05
2.47439e-05
-5.8429e-05
2.94704e-05
-7.65293e-05
3.66326e-05
-6.94708e-05
4.33211e-05
-4.10926e-05
4.86639e-05
-4.06107e-06
4.60099e-05
3.43207e-05
3.19695e-05
5.94251e-05
1.89194e-05
6.54355e-05
5.26835e-05
-5.45953e-06
2.67651e-05
-1.0397e-05
2.45133e-05
-1.52908e-05
2.3951e-05
-2.03472e-05
2.38664e-05
-2.55887e-05
2.3683e-05
-3.09377e-05
2.29852e-05
-3.61882e-05
2.14159e-05
-4.09678e-05
1.86164e-05
-4.47326e-05
1.42851e-05
-4.6883e-05
8.46887e-06
-4.71222e-05
2.0229e-06
-4.58073e-05
-3.49796e-06
-4.3746e-05
-6.95252e-06
-4.18489e-05
-8.21091e-06
-4.10219e-05
-7.89737e-06
-4.28588e-05
-5.9443e-06
-4.92605e-05
-2.97816e-06
-6.01109e-05
-3.0774e-06
-6.59776e-05
-1.84826e-05
-5.49785e-05
-4.91029e-05
-3.8391e-05
-5.4868e-05
-2.22105e-05
-3.58651e-05
-9.68714e-06
-4.00833e-06
-4.16226e-06
3.09273e-05
-8.46556e-06
2.88166e-05
-1.2986e-05
2.84714e-05
-1.79606e-05
2.88411e-05
-2.34991e-05
2.92215e-05
-2.95777e-05
2.90637e-05
-3.5991e-05
2.78292e-05
-4.23047e-05
2.49301e-05
-4.77912e-05
1.97716e-05
-5.14931e-05
1.21707e-05
-5.28254e-05
3.35526e-06
-5.23265e-05
-3.9969e-06
-5.06339e-05
-8.64512e-06
-4.88018e-05
-1.0043e-05
-4.60004e-05
-1.06987e-05
-4.41328e-05
-7.81195e-06
-5.25481e-05
5.43715e-06
-7.61236e-05
2.04981e-05
-9.1055e-05
-3.55112e-06
-8.02508e-05
-5.99071e-05
-6.90916e-05
-6.60272e-05
-6.18305e-05
-4.31263e-05
-1.02976e-05
-6.122e-05
-2.06153e-06
3.29888e-05
-5.32734e-06
3.20824e-05
-9.13579e-06
3.22798e-05
-1.38721e-05
3.35774e-05
-1.9731e-05
3.50804e-05
-2.67905e-05
3.61232e-05
-3.49166e-05
3.59554e-05
-4.37326e-05
3.37461e-05
-5.24678e-05
2.85068e-05
-5.98187e-05
1.95216e-05
-6.48227e-05
8.35931e-06
-6.81875e-05
-6.32145e-07
-6.92247e-05
-7.60783e-06
-6.51857e-05
-1.40821e-05
-5.82011e-05
-1.76833e-05
-5.10539e-05
-1.49592e-05
-5.53217e-05
9.70499e-06
-7.60268e-05
4.12032e-05
-9.81439e-05
1.85661e-05
-9.8285e-05
-5.97661e-05
-9.7292e-05
-6.70202e-05
-9.82752e-05
-4.21432e-05
-8.02776e-06
-0.000100545
8.08266e-07
3.21806e-05
-7.40445e-07
3.36311e-05
-3.42037e-06
3.49598e-05
-7.68831e-06
3.78453e-05
-1.37844e-05
4.11765e-05
-2.18593e-05
4.41982e-05
-3.20169e-05
4.6113e-05
-4.44231e-05
4.61523e-05
-5.9059e-05
4.31427e-05
-7.47318e-05
3.51944e-05
-8.87039e-05
2.23314e-05
-0.000101748
1.24117e-05
-0.000118655
9.29945e-06
-0.00013037
-2.36723e-06
-0.000124006
-2.40469e-05
-0.000103005
-3.596e-05
-7.83876e-05
-1.49126e-05
-6.51257e-05
2.79412e-05
-7.7666e-05
3.11063e-05
-0.000101445
-3.59877e-05
-0.000105172
-6.32929e-05
-0.000103273
-4.40421e-05
-1.42442e-05
-9.70565e-05
3.90629e-06
2.82743e-05
4.70703e-06
3.28303e-05
3.30992e-06
3.63569e-05
-4.77405e-07
4.16326e-05
-6.61328e-06
4.73123e-05
-1.59117e-05
5.34965e-05
-2.86726e-05
5.88739e-05
-4.58224e-05
6.33021e-05
-6.9592e-05
6.69123e-05
-0.000103889
6.94912e-05
-0.000143335
6.17772e-05
-0.000172566
4.16431e-05
-0.00018414
2.08735e-05
-0.000181214
-5.29356e-06
-0.000172161
-3.30992e-05
-0.000157285
-5.08366e-05
-0.000124955
-4.72425e-05
-8.17795e-05
-1.52341e-05
-6.0587e-05
9.91388e-06
-8.32181e-05
-1.33565e-05
-0.000103828
-4.26831e-05
-9.43861e-05
-5.3484e-05
-2.69838e-05
-8.16465e-05
4.64584e-06
2.36284e-05
8.10187e-06
2.93743e-05
7.61279e-06
3.6846e-05
3.63248e-06
4.56129e-05
-5.0255e-06
5.59703e-05
-2.10775e-05
6.95485e-05
-4.80337e-05
8.58302e-05
-8.87151e-05
0.000103984
-0.000137207
0.000115404
-0.000179445
0.000111729
-0.000200942
8.32745e-05
-0.000203858
4.45588e-05
-0.000202367
1.93822e-05
-0.000198438
-9.22188e-06
-0.000193283
-3.82545e-05
-0.000186873
-5.72468e-05
-0.000171189
-6.29263e-05
-0.000133114
-5.33095e-05
-9.02945e-05
-3.29054e-05
-7.56257e-05
-2.80252e-05
-8.39993e-05
-3.43095e-05
-9.72213e-05
-4.0262e-05
-4.16412e-05
-8.25639e-05
-1.23381e-06
2.48623e-05
1.00871e-06
2.71318e-05
-3.77624e-06
4.16308e-05
-1.52189e-05
5.70557e-05
-3.47222e-05
7.54736e-05
-6.18804e-05
9.67069e-05
-9.41138e-05
0.000118064
-0.000126677
0.000136546
-0.000155293
0.000144021
-0.000174796
0.000131233
-0.000184715
9.31928e-05
-0.000187834
4.76781e-05
-0.000188854
2.04024e-05
-0.000190391
-7.68489e-06
-0.00019347
-3.51753e-05
-0.000196255
-5.44618e-05
-0.000192207
-6.69742e-05
-0.000177082
-6.84348e-05
-0.000147299
-6.26889e-05
-0.000115794
-5.95304e-05
-9.9384e-05
-5.07192e-05
-8.91828e-05
-5.04632e-05
-4.27124e-05
-8.81116e-05
-8.86329e-06
3.37253e-05
-2.07661e-05
3.9035e-05
-3.2846e-05
5.37108e-05
-4.60682e-05
7.02778e-05
-5.98362e-05
8.92414e-05
-7.3953e-05
0.000110824
-8.87762e-05
0.000132887
-0.000102313
0.000150083
-0.000113236
0.000154944
-0.00012254
0.000140537
-0.000133732
0.000104384
-0.000147178
6.11241e-05
-0.000155508
2.87322e-05
-0.00016414
9.47787e-07
-0.000179243
-2.00725e-05
-0.000192292
-4.14128e-05
-0.000192441
-6.68252e-05
-0.000185988
-7.48884e-05
-0.000171202
-7.74743e-05
-0.000154852
-7.58804e-05
-0.000134333
-7.1238e-05
-0.000118027
-6.67698e-05
-5.21881e-05
-0.000108551
-1.53041e-05
4.90291e-05
-2.985e-05
5.35808e-05
-4.21036e-05
6.59645e-05
-5.20625e-05
8.02366e-05
-5.92397e-05
9.64186e-05
-6.31453e-05
0.000114729
-6.40401e-05
0.000133781
-6.29051e-05
0.000148948
-6.16306e-05
0.00015367
-6.34133e-05
0.00014232
-7.281e-05
0.000113781
-8.96391e-05
7.79533e-05
-0.000108131
4.72236e-05
-0.000129295
2.21125e-05
-0.000150557
1.18919e-06
-0.000165861
-2.61091e-05
-0.000177898
-5.47886e-05
-0.000176175
-7.66107e-05
-0.000169378
-8.42714e-05
-0.000157848
-8.74107e-05
-0.000143386
-8.57002e-05
-0.000129974
-8.01813e-05
-6.82875e-05
-0.000113875
-1.43087e-05
6.33378e-05
-2.77142e-05
6.69863e-05
-3.72872e-05
7.55375e-05
-4.33795e-05
8.63288e-05
-4.58284e-05
9.88678e-05
-4.41166e-05
0.000113017
-3.81528e-05
0.000127818
-2.93558e-05
0.000140151
-2.07967e-05
0.000145111
-1.67818e-05
0.000138305
-2.17226e-05
0.000118722
-3.55887e-05
9.18192e-05
-5.35847e-05
6.52195e-05
-7.29827e-05
4.15104e-05
-9.15996e-05
1.9806e-05
-0.000113255
-4.45334e-06
-0.000136163
-3.1881e-05
-0.000152787
-5.99863e-05
-0.00015689
-8.0169e-05
-0.000149828
-9.4473e-05
-0.000140819
-9.47085e-05
-0.000128546
-9.24546e-05
-8.24479e-05
-0.000114386
-1.00834e-05
7.3421e-05
-1.97819e-05
7.66848e-05
-2.63719e-05
8.21273e-05
-2.9648e-05
8.96047e-05
-2.94068e-05
9.86266e-05
-2.52353e-05
0.000108846
-1.69642e-05
0.000119547
-5.56723e-06
0.000128754
6.28125e-06
0.000133262
1.46372e-05
0.000129949
1.56514e-05
0.000117708
8.56258e-06
9.89079e-05
-3.86785e-06
7.76498e-05
-1.8654e-05
5.62967e-05
-3.40761e-05
3.5228e-05
-5.15063e-05
1.29767e-05
-7.25728e-05
-1.08145e-05
-9.81231e-05
-3.44361e-05
-0.000121213
-5.70788e-05
-0.000136212
-7.94743e-05
-0.000135326
-9.55948e-05
-0.000127909
-9.9871e-05
-9.80983e-05
-0.000112259
-5.527e-06
7.89479e-05
-1.12487e-05
8.24065e-05
-1.49027e-05
8.57811e-05
-1.59568e-05
9.06587e-05
-1.41044e-05
9.67739e-05
-8.99266e-06
0.000103734
-4.29491e-07
0.000110983
1.10079e-05
0.000117316
2.35147e-05
0.000120755
3.42189e-05
0.000119245
4.01676e-05
0.000111759
4.00419e-05
9.90333e-05
3.47257e-05
8.29659e-05
2.59506e-05
6.50717e-05
1.50927e-05
4.60859e-05
2.05251e-06
2.60168e-05
-1.39758e-05
5.21375e-06
-3.31196e-05
-1.52922e-05
-5.51299e-05
-3.50685e-05
-8.06356e-05
-5.39685e-05
-0.000103241
-7.29897e-05
-0.000111981
-9.11309e-05
-0.000105455
-0.000104624
-1.77915e-06
8.0727e-05
-4.22107e-06
8.48481e-05
-5.26345e-06
8.68235e-05
-4.4309e-06
8.9826e-05
-1.39454e-06
9.37374e-05
4.1295e-06
9.82101e-05
1.23148e-05
0.000102798
2.28829e-05
0.000106748
3.47547e-05
0.000108884
4.60889e-05
0.000107911
5.4849e-05
0.000102998
5.97055e-05
9.41767e-05
6.04926e-05
8.21786e-05
5.77654e-05
6.77989e-05
5.22e-05
5.1651e-05
4.40588e-05
3.4158e-05
3.33964e-05
1.58763e-05
2.05311e-05
-2.4269e-06
5.89146e-06
-2.04288e-05
-9.62974e-06
-3.84474e-05
-2.53636e-05
-5.72561e-05
-4.04038e-05
-7.60909e-05
-9.11266e-05
-5.47324e-05
9.23993e-07
7.98031e-05
9.00329e-07
8.48718e-05
1.9392e-06
8.57848e-05
4.31484e-06
8.745e-05
8.28434e-06
8.97678e-05
1.40705e-05
9.24239e-05
2.1807e-05
9.5061e-05
3.13708e-05
9.71842e-05
4.21667e-05
9.8088e-05
5.31062e-05
9.69712e-05
6.28815e-05
9.32228e-05
7.04151e-05
8.66431e-05
7.51626e-05
7.74309e-05
7.70153e-05
6.5946e-05
7.60862e-05
5.25799e-05
7.25035e-05
3.77405e-05
6.64553e-05
2.19244e-05
5.83491e-05
5.67916e-06
4.85629e-05
-1.06427e-05
3.73002e-05
-2.71848e-05
2.41896e-05
-4.41457e-05
9.04615e-06
-6.09474e-05
-7.50241e-05
-7.05632e-06
2.55451e-06
7.72485e-05
4.31338e-06
8.31131e-05
6.87421e-06
8.32238e-05
1.04076e-05
8.39163e-05
1.50858e-05
8.50899e-05
2.10576e-05
8.64519e-05
2.84167e-05
8.77016e-05
3.711e-05
8.84909e-05
4.68177e-05
8.83805e-05
5.69146e-05
8.68742e-05
6.65882e-05
8.35488e-05
7.50563e-05
7.81747e-05
8.17428e-05
7.07444e-05
8.62936e-05
6.13952e-05
8.85234e-05
5.03502e-05
8.8361e-05
3.79028e-05
8.58655e-05
2.44198e-05
8.1247e-05
1.02974e-05
7.47469e-05
-4.14283e-06
6.63379e-05
-1.8776e-05
5.56936e-05
-3.35016e-05
4.25218e-05
-4.77759e-05
-6.00006e-05
2.7498e-05
3.40341e-06
7.3845e-05
6.4164e-06
8.01003e-05
1.00054e-05
7.96344e-05
1.43186e-05
7.96029e-05
1.94641e-05
7.99447e-05
2.55302e-05
8.03857e-05
3.25689e-05
8.06629e-05
4.05484e-05
8.05115e-05
4.92884e-05
7.96404e-05
5.84259e-05
7.77364e-05
6.74575e-05
7.45171e-05
7.584e-05
6.97921e-05
8.30902e-05
6.34942e-05
8.88231e-05
5.56623e-05
9.2755e-05
4.64183e-05
9.4702e-05
3.59557e-05
9.45912e-05
2.45304e-05
9.24588e-05
1.24297e-05
8.83867e-05
-7.09057e-08
8.23385e-05
-1.27278e-05
7.412e-05
-2.52833e-05
6.35618e-05
-3.72178e-05
-4.7515e-05
5.10763e-05
3.81987e-06
7.00253e-05
7.62209e-06
7.62981e-05
1.18427e-05
7.54136e-05
1.66085e-05
7.48373e-05
2.19909e-05
7.45622e-05
2.80373e-05
7.4339e-05
3.47646e-05
7.39359e-05
4.21389e-05
7.31375e-05
5.00442e-05
7.1735e-05
5.82582e-05
6.95222e-05
6.64618e-05
6.63133e-05
7.42833e-05
6.19706e-05
8.13517e-05
5.64258e-05
8.73322e-05
4.96816e-05
9.19437e-05
4.18066e-05
9.49711e-05
3.29282e-05
9.62762e-05
2.3225e-05
9.57957e-05
1.291e-05
9.35082e-05
2.21645e-06
8.93727e-05
-8.59258e-06
8.32878e-05
-1.91985e-05
7.51885e-05
-2.91187e-05
-3.76092e-05
6.52824e-05
4.00492e-06
6.60206e-05
8.24963e-06
7.20532e-05
1.28043e-05
7.08589e-05
1.77691e-05
6.98727e-05
2.31967e-05
6.91344e-05
2.91114e-05
6.84243e-05
3.55065e-05
6.7541e-05
4.23404e-05
6.63037e-05
4.95245e-05
6.4551e-05
5.69086e-05
6.21381e-05
6.42811e-05
5.89408e-05
7.13856e-05
5.48661e-05
7.79486e-05
4.98627e-05
8.37038e-05
4.39263e-05
8.84104e-05
3.70998e-05
9.18668e-05
2.94716e-05
9.39202e-05
2.11715e-05
9.44661e-05
1.23638e-05
9.3436e-05
3.24637e-06
9.07761e-05
-5.93281e-06
8.643e-05
-1.48525e-05
8.03825e-05
-2.30713e-05
-2.99797e-05
7.27529e-05
4.05076e-06
6.19699e-05
8.50163e-06
6.76021e-05
1.3183e-05
6.61775e-05
1.81689e-05
6.4887e-05
2.35014e-05
6.38016e-05
2.91942e-05
6.27316e-05
3.52294e-05
6.15058e-05
4.15609e-05
5.99722e-05
4.81119e-05
5.8e-05
5.47697e-05
5.54802e-05
6.13844e-05
5.23261e-05
6.77743e-05
4.8476e-05
7.37397e-05
4.38971e-05
7.90774e-05
3.85885e-05
8.35944e-05
3.25827e-05
8.71193e-05
2.59466e-05
8.95101e-05
1.87805e-05
9.06563e-05
1.12175e-05
9.0475e-05
3.42758e-06
8.89064e-05
-4.36448e-06
8.5913e-05
-1.18593e-05
8.14996e-05
-1.8658e-05
-2.42363e-05
7.5756e-05
4.00289e-06
5.79667e-05
8.50269e-06
6.31022e-05
1.31732e-05
6.15068e-05
1.80638e-05
5.99965e-05
2.32093e-05
5.8656e-05
2.86186e-05
5.73224e-05
3.42721e-05
5.58522e-05
4.01248e-05
5.41194e-05
4.61082e-05
5.20166e-05
5.21308e-05
4.94576e-05
5.80785e-05
4.63783e-05
6.38173e-05
4.2737e-05
6.91997e-05
3.85146e-05
7.40723e-05
3.37158e-05
7.82851e-05
2.83699e-05
8.16994e-05
2.25323e-05
8.41941e-05
1.62858e-05
8.56681e-05
9.74329e-06
8.60414e-05
3.05408e-06
8.52571e-05
-3.58039e-06
8.32874e-05
-9.88984e-06
8.01476e-05
-1.55184e-05
-2.00096e-05
7.59206e-05
3.89291e-06
5.40736e-05
8.33749e-06
5.86573e-05
1.29077e-05
5.69366e-05
1.763e-05
5.52742e-05
2.25325e-05
5.37535e-05
2.76224e-05
5.22324e-05
3.28831e-05
5.05914e-05
3.8275e-05
4.87274e-05
4.37386e-05
4.6553e-05
4.91973e-05
4.3999e-05
5.45598e-05
4.10157e-05
5.97228e-05
3.75738e-05
6.4574e-05
3.36631e-05
6.8997e-05
2.92927e-05
7.2876e-05
2.44909e-05
7.61014e-05
1.93068e-05
7.85742e-05
1.38129e-05
8.02088e-05
8.10843e-06
8.09359e-05
2.32681e-06
8.07065e-05
-3.35123e-06
7.95015e-05
-8.68502e-06
7.73431e-05
-1.33602e-05
-1.69806e-05
7.4314e-05
3.74894e-06
5.03246e-05
8.07032e-06
5.43357e-05
1.24816e-05
5.25257e-05
1.69896e-05
5.07659e-05
2.16169e-05
4.91263e-05
2.63703e-05
4.7479e-05
3.12374e-05
4.57241e-05
3.61861e-05
4.37785e-05
4.11668e-05
4.15723e-05
4.61156e-05
3.90502e-05
5.09579e-05
3.61734e-05
5.56111e-05
3.29205e-05
5.99875e-05
2.92866e-05
6.39967e-05
2.52834e-05
6.75489e-05
2.09387e-05
7.05578e-05
1.62978e-05
7.29446e-05
1.1426e-05
7.46398e-05
6.41302e-06
7.55868e-05
1.37958e-06
7.57473e-05
-3.5119e-06
7.51104e-05
-8.04826e-06
7.37038e-05
-1.19537e-05
-1.48866e-05
7.16097e-05
3.59397e-06
4.67306e-05
7.74947e-06
5.01802e-05
1.19622e-05
4.83131e-05
1.6227e-05
4.65009e-05
2.05617e-05
4.47915e-05
2.49734e-05
4.30674e-05
2.94538e-05
4.12436e-05
3.39786e-05
3.92538e-05
3.85076e-05
3.70433e-05
4.29887e-05
3.45691e-05
4.73608e-05
3.18013e-05
5.1557e-05
2.87243e-05
5.55071e-05
2.53366e-05
5.91394e-05
2.16511e-05
6.23834e-05
1.76947e-05
6.51712e-05
1.35098e-05
6.74405e-05
9.15664e-06
6.91362e-05
4.71712e-06
7.02144e-05
3.01273e-07
7.06473e-05
-3.94485e-06
7.04316e-05
-7.83273e-06
6.95992e-05
-1.11214e-05
-1.35178e-05
6.82303e-05
3.44142e-06
4.32891e-05
7.40561e-06
4.62161e-05
1.13937e-05
4.43249e-05
1.5397e-05
4.24972e-05
1.94312e-05
4.07572e-05
2.35037e-05
3.89948e-05
2.761e-05
3.71374e-05
3.17317e-05
3.51322e-05
3.58377e-05
3.29373e-05
3.98863e-05
3.05204e-05
4.3828e-05
2.78596e-05
4.76085e-05
2.49438e-05
5.1171e-05
2.17741e-05
5.44582e-05
1.83639e-05
5.74139e-05
1.47391e-05
5.99843e-05
1.09393e-05
6.21205e-05
7.0204e-06
6.37796e-05
3.0579e-06
6.49286e-05
-8.47785e-07
6.55491e-05
-4.56542e-06
6.56446e-05
-7.92829e-06
6.52493e-05
-1.07263e-05
-1.27092e-05
6.44405e-05
3.29376e-06
3.99952e-05
7.05217e-06
4.24577e-05
1.07995e-05
4.05771e-05
1.45317e-05
3.87648e-05
1.82642e-05
3.70244e-05
2.20054e-05
3.52534e-05
2.57533e-05
3.33896e-05
2.94945e-05
3.1391e-05
3.32052e-05
2.92265e-05
3.68527e-05
2.68729e-05
4.03976e-05
2.43147e-05
4.3796e-05
2.15453e-05
4.70023e-05
1.85678e-05
4.99702e-05
1.53959e-05
5.2655e-05
1.20542e-05
5.5014e-05
8.58011e-06
5.70088e-05
5.02547e-06
5.86066e-05
1.46e-06
5.97832e-05
-2.02451e-06
6.05284e-05
-5.31061e-06
6.08504e-05
-8.25039e-06
6.07849e-05
-1.0661e-05
-1.2329e-05
6.04046e-05
3.14554e-06
3.68497e-05
6.68964e-06
3.89135e-05
1.01884e-05
3.70779e-05
1.36465e-05
3.53066e-05
1.70818e-05
3.3589e-05
2.05033e-05
3.18317e-05
2.39109e-05
2.99819e-05
2.7295e-05
2.80068e-05
3.06376e-05
2.58838e-05
3.39134e-05
2.3597e-05
3.70913e-05
2.11366e-05
4.01368e-05
1.84997e-05
4.30131e-05
1.56913e-05
4.56836e-05
1.27252e-05
4.81123e-05
9.62523e-06
5.02659e-05
6.42637e-06
5.21142e-05
3.17699e-06
5.36326e-05
-5.84467e-08
5.48044e-05
-3.1964e-06
5.56251e-05
-6.13134e-06
5.61067e-05
-8.73198e-06
5.62845e-05
-1.08389e-05
-1.22701e-05
5.62255e-05
2.9885e-06
3.38612e-05
6.3123e-06
3.55894e-05
9.56032e-06
3.38298e-05
1.27473e-05
3.21196e-05
1.58939e-05
3.04422e-05
1.90102e-05
2.87154e-05
2.2097e-05
2.68951e-05
2.51477e-05
2.49562e-05
2.81486e-05
2.28829e-05
3.10806e-05
2.06651e-05
3.39195e-05
1.82977e-05
3.66384e-05
1.57808e-05
3.92083e-05
1.31212e-05
4.16004e-05
1.03329e-05
4.37865e-05
7.43903e-06
4.57403e-05
4.47248e-06
4.74388e-05
1.47842e-06
4.88639e-05
-1.4835e-06
5.00049e-05
-4.3374e-06
5.08616e-05
-6.98798e-06
5.14479e-05
-9.31835e-06
5.17979e-05
-1.11889e-05
-1.24438e-05
5.19715e-05
2.81625e-06
3.10449e-05
5.91439e-06
3.2491e-05
8.91335e-06
3.08308e-05
1.18361e-05
2.91967e-05
1.47057e-05
2.75725e-05
1.75326e-05
2.58884e-05
2.03187e-05
2.41091e-05
2.30591e-05
2.22157e-05
2.5744e-05
2.01981e-05
2.83587e-05
1.80505e-05
3.08849e-05
1.57714e-05
3.33019e-05
1.33637e-05
3.55875e-05
1.08354e-05
3.77191e-05
8.20118e-06
3.96749e-05
5.4831e-06
4.14349e-05
2.7125e-06
4.29817e-05
-6.83064e-08
4.43027e-05
-2.80436e-06
4.53917e-05
-5.42632e-06
4.62515e-05
-7.84785e-06
4.68973e-05
-9.96415e-06
4.73605e-05
-1.16522e-05
-1.2777e-05
4.76937e-05
2.62662e-06
2.8418e-05
5.49399e-06
2.96234e-05
8.24764e-06
2.80771e-05
1.09153e-05
2.65288e-05
1.35209e-05
2.49667e-05
1.60749e-05
2.33344e-05
1.85796e-05
2.16043e-05
2.10322e-05
1.97633e-05
2.34251e-05
1.78052e-05
2.57477e-05
1.57279e-05
2.79862e-05
1.35328e-05
3.0125e-05
1.12247e-05
3.21472e-05
8.81302e-06
3.40357e-05
6.31257e-06
3.57738e-05
3.74493e-06
3.73465e-05
1.13984e-06
3.87413e-05
-1.46297e-06
3.99499e-05
-4.01288e-06
4.09697e-05
-6.44613e-06
4.18059e-05
-8.684e-06
4.24736e-05
-1.06318e-05
4.30015e-05
-1.218e-05
-1.32106e-05
4.3435e-05
2.42175e-06
2.59961e-05
5.05408e-06
2.69911e-05
7.56708e-06
2.5564e-05
9.98932e-06
2.41063e-05
1.23439e-05
2.26121e-05
1.46408e-05
2.10374e-05
1.68828e-05
1.93622e-05
1.90682e-05
1.75779e-05
2.11919e-05
1.56815e-05
2.3246e-05
1.36738e-05
2.52206e-05
1.15582e-05
2.71038e-05
9.3413e-06
2.88832e-05
7.03354e-06
3.05457e-05
4.65001e-06
3.20789e-05
2.21172e-06
3.34718e-05
-2.52981e-07
3.47159e-05
-2.70703e-06
3.58066e-05
-5.1035e-06
3.6744e-05
-7.38349e-06
3.75347e-05
-9.4747e-06
3.81938e-05
-1.12909e-05
3.87472e-05
-1.27333e-05
-1.36975e-05
3.9234e-05
2.20669e-06
2.37894e-05
4.60154e-06
2.45963e-05
6.87881e-06
2.32866e-05
9.06478e-06
2.19202e-05
1.11803e-05
2.04965e-05
1.32348e-05
1.8983e-05
1.52311e-05
1.73659e-05
1.71687e-05
1.56403e-05
1.90442e-05
1.38061e-05
2.0852e-05
1.18659e-05
2.2585e-05
9.82515e-06
2.42346e-05
7.69174e-06
2.57911e-05
5.47706e-06
2.72447e-05
3.19644e-06
2.85862e-05
8.70252e-07
2.98079e-05
-1.47458e-06
3.09046e-05
-3.80362e-06
3.18744e-05
-6.07321e-06
3.27196e-05
-8.22862e-06
3.34479e-05
-1.0203e-05
3.40742e-05
-1.19172e-05
3.46221e-05
-1.32812e-05
-1.42011e-05
3.51257e-05
1.98751e-06
2.1802e-05
4.14488e-06
2.24389e-05
6.19132e-06
2.12401e-05
8.14918e-06
1.99624e-05
1.00366e-05
1.86092e-05
1.18618e-05
1.71578e-05
1.36281e-05
1.55996e-05
1.53356e-05
1.39328e-05
1.69823e-05
1.21593e-05
1.85646e-05
1.02836e-05
2.00774e-05
8.31239e-06
2.15141e-05
6.25512e-06
2.28673e-05
4.12408e-06
2.41291e-05
1.93477e-06
2.52927e-05
-2.93147e-07
2.63527e-05
-2.53455e-06
2.73067e-05
-4.75753e-06
2.81549e-05
-6.92136e-06
2.89013e-05
-8.97505e-06
2.95547e-05
-1.08565e-05
3.01298e-05
-1.24922e-05
3.06484e-05
-1.37998e-05
-1.46937e-05
3.1141e-05
1.76956e-06
2.00325e-05
3.69194e-06
2.05165e-05
5.51256e-06
1.94195e-05
7.24977e-06
1.82253e-05
8.91885e-06
1.69402e-05
1.05271e-05
1.55496e-05
1.20777e-05
1.4049e-05
1.35715e-05
1.2439e-05
1.50076e-05
1.07232e-05
1.63838e-05
8.90738e-06
1.76965e-05
6.99976e-06
1.89404e-05
5.01131e-06
2.01091e-05
2.95555e-06
2.11959e-05
8.48152e-07
2.21952e-05
-1.29237e-06
2.31038e-05
-3.44311e-06
2.3921e-05
-5.5747e-06
2.46488e-05
-7.64927e-06
2.52928e-05
-9.61917e-06
2.58627e-05
-1.14264e-05
2.63731e-05
-1.30026e-05
2.68447e-05
-1.42714e-05
-1.51545e-05
2.73057e-05
1.5564e-06
1.84761e-05
3.24837e-06
1.88246e-05
4.8489e-06
1.7819e-05
6.37312e-06
1.67012e-05
7.83365e-06
1.54797e-05
9.23668e-06
1.41465e-05
1.05852e-05
1.27004e-05
1.18803e-05
1.11438e-05
1.31224e-05
9.48107e-06
1.43104e-05
7.71932e-06
1.54418e-05
5.86837e-06
1.6512e-05
3.94123e-06
1.75144e-05
1.95329e-06
1.84422e-05
-7.95942e-08
1.92907e-05
-2.14085e-06
2.00579e-05
-4.21042e-06
2.07448e-05
-6.26172e-06
2.13551e-05
-8.25971e-06
2.18957e-05
-1.01598e-05
2.23768e-05
-1.19075e-05
2.28133e-05
-1.34392e-05
2.32255e-05
-1.46836e-05
-1.55686e-05
2.36397e-05
1.34943e-06
1.71267e-05
2.81759e-06
1.73564e-05
4.2055e-06
1.6431e-05
5.52572e-06
1.5381e-05
6.78823e-06
1.42172e-05
7.99785e-06
1.29368e-05
9.15714e-06
1.15411e-05
1.02678e-05
1.0033e-05
1.13309e-05
8.41783e-06
1.23468e-05
6.70327e-06
1.33142e-05
4.90102e-06
1.42283e-05
3.02713e-06
1.50812e-05
1.1004e-06
1.58647e-05
-8.63219e-07
1.65745e-05
-2.85068e-06
1.72097e-05
-4.84581e-06
1.77731e-05
-6.82521e-06
1.82697e-05
-8.75651e-06
1.87077e-05
-1.05978e-05
1.90979e-05
-1.22977e-05
1.94552e-05
-1.37965e-05
1.97997e-05
-1.50279e-05
-1.59253e-05
2.01564e-05
1.14884e-06
1.59778e-05
2.4023e-06
1.61029e-05
3.5881e-06
1.52452e-05
4.71579e-06
1.42533e-05
5.79232e-06
1.31406e-05
6.82088e-06
1.19083e-05
7.80352e-06
1.05584e-05
8.74229e-06
9.09417e-06
9.63952e-06
7.52048e-06
1.04972e-05
5.84547e-06
1.13154e-05
4.08275e-06
1.20893e-05
2.25318e-06
1.28076e-05
3.82009e-07
1.34592e-05
-1.51493e-06
1.40398e-05
-3.43145e-06
1.45507e-05
-5.35689e-06
1.49966e-05
-7.2712e-06
1.53842e-05
-9.1442e-06
1.57223e-05
-1.09359e-05
1.60221e-05
-1.25976e-05
1.62984e-05
-1.40728e-05
1.65705e-05
-1.53e-05
-1.62176e-05
1.68627e-05
9.55316e-07
1.50225e-05
2.00716e-06
1.5051e-05
3.00559e-06
1.42468e-05
3.95544e-06
1.33035e-05
4.85999e-06
1.22362e-05
5.72063e-06
1.10477e-05
6.53881e-06
9.74024e-06
7.31696e-06
8.31598e-06
8.05875e-06
6.7786e-06
8.76856e-06
5.13554e-06
9.44911e-06
3.40209e-06
1.00958e-05
1.60635e-06
1.06912e-05
-2.13443e-07
1.12186e-05
-2.04252e-06
1.16757e-05
-3.8886e-06
1.20672e-05
-5.74858e-06
1.24008e-05
-7.60489e-06
1.26846e-05
-9.42809e-06
1.29276e-05
-1.1179e-05
1.31406e-05
-1.28105e-05
1.33373e-05
-1.42695e-05
1.35358e-05
-1.54985e-05
-1.64413e-05
1.37595e-05
7.7262e-07
1.42498e-05
1.64189e-06
1.41816e-05
2.47275e-06
1.34159e-05
3.26287e-06
1.25134e-05
4.01152e-06
1.14876e-05
4.7184e-06
1.0341e-05
5.38425e-06
9.07445e-06
6.01151e-06
7.68872e-06
6.60502e-06
6.18503e-06
7.17232e-06
4.56817e-06
7.72104e-06
2.85327e-06
8.24885e-06
1.07847e-06
8.72716e-06
-6.91834e-07
9.13097e-06
-2.44641e-06
9.46385e-06
-4.22157e-06
9.73782e-06
-6.02265e-06
9.96387e-06
-7.83103e-06
1.01507e-05
-9.61502e-06
1.03063e-05
-1.13346e-05
1.04394e-05
-1.29437e-05
1.05617e-05
-1.43919e-05
1.06895e-05
-1.56264e-05
-1.65957e-05
1.08438e-05
6.10537e-07
1.36392e-05
1.32472e-06
1.34673e-05
2.01282e-06
1.27279e-05
2.66396e-06
1.18624e-05
3.27457e-06
1.08772e-05
3.84322e-06
9.77243e-06
4.3695e-06
8.54824e-06
4.85462e-06
7.20361e-06
5.30314e-06
5.73649e-06
5.72545e-06
4.14583e-06
6.13781e-06
2.44088e-06
6.54674e-06
6.69514e-07
6.9037e-06
-1.0488e-06
7.17244e-06
-2.71517e-06
7.37348e-06
-4.42264e-06
7.52999e-06
-6.17922e-06
7.65513e-06
-7.95624e-06
7.75548e-06
-9.71545e-06
7.83543e-06
-1.14146e-05
7.90031e-06
-1.30087e-05
7.95847e-06
-1.44502e-05
8.02282e-06
-1.56908e-05
-1.66843e-05
8.11135e-06
4.91907e-07
1.31472e-05
1.08794e-06
1.28713e-05
1.65949e-06
1.21564e-05
2.19217e-06
1.13298e-05
2.68344e-06
1.0386e-05
3.1314e-06
9.32456e-06
3.5331e-06
8.14659e-06
3.88569e-06
6.85105e-06
4.18914e-06
5.43305e-06
4.45223e-06
3.88276e-06
4.70248e-06
2.19066e-06
4.97836e-06
3.93678e-07
5.19062e-06
-1.26101e-06
5.29487e-06
-2.81938e-06
5.35263e-06
-4.4804e-06
5.39673e-06
-6.22335e-06
5.43492e-06
-7.99448e-06
5.46625e-06
-9.74684e-06
5.48877e-06
-1.14372e-05
5.50283e-06
-1.30228e-05
5.51262e-06
-1.446e-05
5.52695e-06
-1.57052e-05
-1.67168e-05
5.55939e-06
4.64311e-07
1.26829e-05
9.73589e-07
1.23621e-05
1.44504e-06
1.1685e-05
1.87709e-06
1.08979e-05
2.27073e-06
9.99243e-06
2.62169e-06
8.97365e-06
2.92167e-06
7.84664e-06
3.15966e-06
6.61309e-06
3.32384e-06
5.26892e-06
3.40685e-06
3.7998e-06
3.42959e-06
2.16798e-06
3.50143e-06
3.21898e-07
3.50244e-06
-1.26197e-06
3.39614e-06
-2.71304e-06
3.31868e-06
-4.40292e-06
3.2778e-06
-6.18246e-06
3.25904e-06
-7.97573e-06
3.24927e-06
-9.73708e-06
3.23969e-06
-1.14276e-05
3.22638e-06
-1.30095e-05
3.20991e-06
-1.44436e-05
3.19496e-06
-1.56902e-05
-1.67115e-05
3.18971e-06
4.88094e-07
9.3841e-07
1.34017e-06
1.71051e-06
2.04915e-06
2.34734e-06
2.59105e-06
2.76088e-06
2.83097e-06
2.76301e-06
2.48938e-06
1.98448e-06
1.5218e-06
1.28275e-06
1.17132e-06
1.11852e-06
1.09301e-06
1.07847e-06
1.06639e-06
1.05302e-06
1.03756e-06
1.02124e-06
1.00667e-06
-4.91042e-06
9.02085e-07
-1.14385e-05
6.52807e-06
-2.82802e-05
1.68417e-05
2.77732e-05
-5.60534e-05
-6.76194e-05
7.30151e-06
-7.594e-05
1.48486e-05
-8.0468e-05
2.13696e-05
2.53103e-05
-7.8005e-05
-0.00010063
7.38632e-06
-9.80242e-05
1.2243e-05
-9.12236e-05
1.4569e-05
1.47955e-05
-8.07088e-05
-9.10942e-05
1.42405e-06
-8.33521e-05
4.50087e-06
-7.4489e-05
5.70592e-06
5.65394e-06
-6.53474e-05
-7.38225e-05
-6.39988e-06
-6.60436e-05
-3.27804e-06
-5.93287e-05
-1.00902e-06
-2.30399e-08
-5.36517e-05
-7.31913e-05
-1.57725e-05
-6.54862e-05
-1.09831e-05
-5.99349e-05
-6.56033e-06
-3.89602e-06
-5.60619e-05
-8.76841e-05
-1.62e-05
-8.4511e-05
-1.41562e-05
-7.90543e-05
-1.2017e-05
-1.00917e-05
-7.28586e-05
-0.000102823
-2.1928e-05
-9.52678e-05
-2.17115e-05
-8.62174e-05
-2.10675e-05
-2.00403e-05
-7.62688e-05
-0.000106665
-2.91381e-05
-9.94727e-05
-2.89034e-05
-9.10779e-05
-2.94623e-05
-2.98436e-05
-8.12746e-05
-0.000107836
-3.56878e-05
-0.000101028
-3.57111e-05
-9.37352e-05
-3.67553e-05
-3.73224e-05
-8.62565e-05
-0.000103413
-4.45337e-05
-9.64241e-05
-4.26999e-05
-9.13593e-05
-4.18201e-05
-4.19802e-05
-8.67016e-05
-9.8357e-05
-5.08009e-05
-9.28852e-05
-4.81716e-05
-8.9086e-05
-4.56193e-05
-4.52354e-05
-8.58308e-05
-5.98074e-05
-4.57261e-05
-6.18027e-05
-4.61765e-05
-6.11479e-05
-4.62741e-05
-4.64498e-05
-5.99335e-05
-1.43126e-05
-3.84698e-05
-2.05203e-05
-3.99687e-05
-2.56094e-05
-4.11849e-05
-4.22059e-05
-2.98532e-05
2.04725e-05
-3.14445e-05
1.36885e-05
-3.31848e-05
7.27262e-06
-3.4769e-05
-3.61578e-05
1.22455e-06
4.48321e-05
-2.52004e-05
3.84472e-05
-2.67998e-05
3.20199e-05
-2.83417e-05
-2.97831e-05
2.56451e-05
6.01146e-05
-2.00328e-05
5.46721e-05
-2.13575e-05
4.90051e-05
-2.26749e-05
-2.39693e-05
4.31912e-05
6.86694e-05
-1.59494e-05
6.4297e-05
-1.69852e-05
5.96577e-05
-1.80357e-05
-1.91093e-05
5.47976e-05
7.26315e-05
-1.28251e-05
6.92541e-05
-1.36078e-05
6.56312e-05
-1.44129e-05
-1.52626e-05
6.17844e-05
7.35915e-05
-1.04961e-05
7.10591e-05
-1.10754e-05
6.83239e-05
-1.16778e-05
-1.2331e-05
6.53922e-05
7.26247e-05
-8.80685e-06
7.07795e-05
-9.23017e-06
6.87754e-05
-9.67388e-06
-1.01665e-05
6.66108e-05
7.04274e-05
-7.62462e-06
6.91286e-05
-7.93143e-06
6.77093e-05
-8.25458e-06
-8.62067e-06
6.61634e-05
6.74446e-05
-6.83906e-06
6.65737e-05
-7.06058e-06
6.56129e-05
-7.29377e-06
-7.56213e-06
6.45543e-05
6.39601e-05
-6.35869e-06
6.34186e-05
-6.51913e-06
6.28109e-05
-6.68612e-06
-6.87964e-06
6.21284e-05
6.01545e-05
-6.10859e-06
5.98618e-05
-6.2264e-06
5.95209e-05
-6.3452e-06
-6.48163e-06
5.91229e-05
5.61455e-05
-6.02865e-06
5.60366e-05
-6.11751e-06
5.5893e-05
-6.20153e-06
-6.29442e-06
5.57058e-05
5.20142e-05
-6.07142e-06
5.20379e-05
-6.14118e-06
5.20366e-05
-6.20027e-06
-6.25997e-06
5.20022e-05
4.7822e-05
-6.19979e-06
4.79383e-05
-6.25739e-06
4.80368e-05
-6.29882e-06
-6.33331e-06
4.81101e-05
4.36199e-05
-6.38468e-06
4.37977e-05
-6.43513e-06
4.39633e-05
-6.46441e-06
-6.48002e-06
4.411e-05
3.94526e-05
-6.60324e-06
3.96679e-05
-6.65034e-06
3.98754e-05
-6.67193e-06
-6.67392e-06
4.00694e-05
3.536e-05
-6.83749e-06
3.55941e-05
-6.8844e-06
3.58244e-05
-6.90216e-06
-6.89518e-06
3.60457e-05
3.13769e-05
-7.07333e-06
3.16155e-05
-7.12293e-06
3.18538e-05
-7.14043e-06
-7.12879e-06
3.20875e-05
2.75323e-05
-7.29992e-06
2.77644e-05
-7.35494e-06
2.79996e-05
-7.37561e-06
-7.36349e-06
2.82344e-05
2.38489e-05
-7.50904e-06
2.40661e-05
-7.57207e-06
2.42897e-05
-7.59921e-06
-7.59068e-06
2.45169e-05
2.0342e-05
-7.69458e-06
2.0538e-05
-7.76799e-06
2.07434e-05
-7.80466e-06
-7.80359e-06
2.09563e-05
1.70201e-05
-7.85202e-06
1.71899e-05
-7.93773e-06
1.73717e-05
-7.98653e-06
-7.9964e-06
1.75645e-05
1.38855e-05
-7.97813e-06
1.40251e-05
-8.07732e-06
1.41786e-05
-8.14009e-06
-8.16361e-06
1.43458e-05
1.09366e-05
-8.07094e-06
1.1043e-05
-8.18378e-06
1.11641e-05
-8.26122e-06
-8.2999e-06
1.13003e-05
8.17079e-06
-8.1304e-06
8.24273e-06
-8.25571e-06
8.32852e-06
-8.34702e-06
-8.40066e-06
8.42923e-06
5.58835e-06
-8.15938e-06
5.6272e-06
-8.29454e-06
5.67734e-06
-8.39715e-06
-8.46346e-06
5.7401e-06
3.19504e-06
-8.16473e-06
3.20659e-06
-8.30608e-06
3.2256e-06
-8.41615e-06
-8.49142e-06
3.25352e-06
1.00225e-06
9.9986e-07
1.00002e-06
1.00335e-06
-4.27395e-05
7.73937e-05
-3.49269e-05
6.4543e-05
-2.8377e-05
6.00831e-05
-1.42845e-05
1.58e-05
-9.07892e-06
-3.4555e-05
-7.69282e-06
-5.53746e-05
-4.12406e-06
-6.34836e-05
2.7296e-06
-5.63397e-05
2.48902e-05
-3.5396e-05
4.87145e-05
-3.97205e-05
5.51155e-05
-6.48299e-05
6.17651e-05
-8.31789e-05
7.41288e-05
-8.18346e-05
8.41227e-05
-5.10865e-05
8.89208e-05
-8.85911e-06
8.27003e-05
4.05412e-05
6.56052e-05
7.65201e-05
4.39501e-05
8.70906e-05
9.66336e-05
-5.64887e-05
5.58774e-05
-3.99588e-05
4.8013e-05
-1.55781e-05
3.57025e-05
3.54735e-06
-3.3254e-06
3.30094e-06
-3.43086e-05
5.58477e-07
-5.26321e-05
1.81209e-06
-6.47372e-05
6.3645e-06
-6.08921e-05
2.22453e-05
-5.12768e-05
3.94042e-05
-5.68795e-05
4.41069e-05
-6.95326e-05
4.48464e-05
-8.39184e-05
5.32021e-05
-9.01903e-05
5.72345e-05
-5.51189e-05
4.96891e-05
-1.31369e-06
4.29636e-05
4.72667e-05
4.18039e-05
7.76798e-05
3.40206e-05
9.48739e-05
0.000130654
-5.64069e-05
3.15755e-05
-3.22955e-05
2.39016e-05
-5.91807e-06
9.3251e-06
7.28332e-06
-1.65268e-05
8.17424e-06
-3.51995e-05
8.88306e-06
-5.33409e-05
9.94483e-06
-6.5799e-05
1.40127e-05
-6.496e-05
2.45775e-05
-6.18416e-05
3.55743e-05
-6.78762e-05
3.41412e-05
-6.80996e-05
2.14576e-05
-7.12349e-05
2.36285e-05
-9.23612e-05
1.94301e-05
-5.09206e-05
1.29316e-05
5.18494e-06
1.05961e-05
4.96022e-05
1.44119e-05
7.38639e-05
1.12724e-05
9.80135e-05
0.000141927
-4.44841e-05
1.07122e-05
-2.76473e-05
7.06476e-06
-1.28757e-05
-5.44647e-06
-2.80534e-06
-2.65972e-05
5.99085e-06
-4.39957e-05
1.15062e-05
-5.88563e-05
1.38863e-05
-6.8179e-05
1.99837e-05
-7.10573e-05
2.99502e-05
-7.18081e-05
3.90543e-05
-7.69803e-05
2.47647e-05
-5.38099e-05
4.96377e-06
-5.14339e-05
-5.26337e-06
-8.2134e-05
-1.02392e-05
-4.59447e-05
-1.59754e-05
1.09212e-05
-1.65463e-05
5.01731e-05
-1.65876e-05
7.39051e-05
-1.94938e-05
0.00010092
0.000122433
-4.38184e-05
8.78904e-07
-3.57278e-05
-1.02589e-06
-2.366e-05
-1.75143e-05
-1.09585e-05
-3.92986e-05
-3.61408e-07
-5.45928e-05
8.14512e-06
-6.73629e-05
1.55305e-05
-7.55644e-05
2.58376e-05
-8.13645e-05
3.57241e-05
-8.16946e-05
2.59362e-05
-6.71924e-05
1.17048e-05
-3.95785e-05
1.54222e-06
-4.12715e-05
-1.74111e-05
-6.31805e-05
-2.74658e-05
-3.589e-05
-3.34245e-05
1.68798e-05
-3.73326e-05
5.40812e-05
-4.09928e-05
7.75653e-05
-3.17206e-05
9.16475e-05
9.07121e-05
-5.10117e-05
-4.17129e-06
-4.25668e-05
-9.47083e-06
-2.82721e-05
-3.1809e-05
-1.59608e-05
-5.16099e-05
-5.95827e-06
-6.45953e-05
4.19999e-06
-7.75211e-05
1.25052e-05
-8.38697e-05
2.59268e-05
-9.47859e-05
3.32394e-05
-8.90072e-05
2.38556e-05
-5.78087e-05
6.12892e-06
-2.18517e-05
-5.17106e-06
-2.99717e-05
-2.24301e-05
-4.59215e-05
-3.5482e-05
-2.2838e-05
-4.1459e-05
2.28567e-05
-4.18768e-05
5.4499e-05
-4.61472e-05
8.18358e-05
-3.15173e-05
7.70177e-05
5.91947e-05
-5.68732e-05
-2.01567e-05
-3.70385e-05
-2.93055e-05
-2.58204e-05
-4.30271e-05
-1.51892e-05
-6.22411e-05
-6.09013e-06
-7.36944e-05
1.27621e-06
-8.48875e-05
1.30231e-05
-9.56166e-05
1.70067e-05
-9.87695e-05
1.19034e-05
-8.39039e-05
-1.35856e-06
-4.45466e-05
-1.78218e-05
-5.38835e-06
-2.19233e-05
-2.58703e-05
-3.13858e-05
-3.64591e-05
-4.07083e-05
-1.35155e-05
-4.40347e-05
2.6183e-05
-4.79976e-05
5.84618e-05
-4.4233e-05
7.8071e-05
-2.8699e-05
6.14837e-05
3.04958e-05
-5.0665e-05
-4.57606e-05
-3.22175e-05
-4.7753e-05
-2.16384e-05
-5.36061e-05
-1.59851e-05
-6.78945e-05
-5.99138e-06
-8.36881e-05
2.87899e-06
-9.37579e-05
6.30906e-06
-9.90467e-05
1.40839e-06
-9.38689e-05
-1.95258e-05
-6.29698e-05
-4.65529e-05
-1.75194e-05
-4.28219e-05
-9.11929e-06
-3.20217e-05
-3.66706e-05
-3.57908e-05
-3.26899e-05
-3.94781e-05
-9.82824e-06
-3.79993e-05
2.47043e-05
-6.129e-05
8.17526e-05
-5.18565e-05
6.86374e-05
-3.68335e-05
4.64604e-05
-6.33767e-06
-5.79103e-05
-6.91249e-05
-4.04173e-05
-6.5246e-05
-2.80638e-05
-6.59596e-05
-1.66098e-05
-7.93485e-05
-6.97733e-06
-9.33206e-05
3.74869e-07
-0.00010111
-3.79619e-06
-9.48756e-05
-2.28518e-05
-7.48133e-05
-6.67356e-05
-1.9086e-05
-7.96436e-05
-4.61156e-06
-5.16501e-05
-3.71126e-05
-3.94708e-05
-4.88498e-05
-3.35417e-05
-3.86191e-05
-3.0077e-05
-1.32929e-05
-3.9702e-05
3.43292e-05
-5.84275e-05
0.000100478
-5.77372e-05
6.79472e-05
-3.86795e-05
2.74025e-05
-4.50171e-05
-6.79464e-05
-8.7435e-05
-5.04537e-05
-8.27388e-05
-3.25632e-05
-8.38501e-05
-1.82582e-05
-9.36535e-05
-9.57646e-06
-0.000102002
-5.34768e-06
-0.000105339
-2.472e-05
-7.55033e-05
-6.54338e-05
-3.40995e-05
-9.42692e-05
9.74968e-06
-7.71385e-05
-2.17423e-05
-5.93286e-05
-5.49225e-05
-4.67688e-05
-6.14096e-05
-3.90276e-05
-4.63603e-05
-3.56204e-05
-1.67e-05
-3.74193e-05
3.61281e-05
-4.66755e-05
0.000109735
-4.92613e-05
7.0533e-05
-2.56972e-05
3.83821e-06
-7.07144e-05
-7.483e-05
-9.93066e-05
-5.9797e-05
-9.77716e-05
-4.03874e-05
-0.00010326
-2.54851e-05
-0.000108556
-2.10982e-05
-0.000106389
-3.65782e-05
-8.98589e-05
-5.83083e-05
-5.37729e-05
-7.81878e-05
-1.42199e-05
-7.75862e-05
9.14856e-06
-7.45055e-05
-2.48231e-05
-6.62197e-05
-6.32083e-05
-5.94429e-05
-6.81865e-05
-5.47943e-05
-5.10088e-05
-5.7086e-05
-1.44084e-05
-6.50764e-05
4.41186e-05
-5.65215e-05
0.00010118
-4.89277e-05
6.2939e-05
-2.22672e-05
-2.28224e-05
-9.29816e-05
-7.83059e-05
-0.000106831
-6.72162e-05
-0.000108862
-5.80135e-05
-0.000112462
-5.53443e-05
-0.000111226
-6.11049e-05
-0.000100629
-7.21766e-05
-7.87872e-05
-7.8214e-05
-4.77352e-05
-7.48615e-05
-1.75729e-05
-6.32918e-05
-2.42103e-06
-6.70981e-05
-2.10168e-05
-8.14963e-05
-4.88101e-05
-8.02987e-05
-6.93841e-05
-7.8644e-05
-5.26635e-05
-7.9537e-05
-1.35154e-05
-8.62572e-05
5.08387e-05
-8.51633e-05
0.000100086
-6.58709e-05
4.36466e-05
-3.05367e-05
-5.81568e-05
-0.000123518
-5.85607e-05
-0.000108205
-5.77289e-05
-0.000109693
-6.00032e-05
-0.000110188
-6.56672e-05
-0.000105561
-7.35779e-05
-9.27179e-05
-8.08511e-05
-7.15138e-05
-8.2702e-05
-4.58841e-05
-7.79271e-05
-2.2348e-05
-7.0873e-05
-9.47502e-06
-7.53468e-05
-1.6543e-05
-8.76185e-05
-3.65385e-05
-0.000105107
-5.18957e-05
-0.000113532
-4.42388e-05
-0.000116485
-1.05618e-05
-0.00012705
6.1403e-05
-0.000118412
9.14477e-05
-9.1975e-05
1.72099e-05
-4.43513e-05
-0.000105781
-0.000167869
-3.62038e-05
-0.000101854
-4.26509e-05
-0.000103246
-5.06422e-05
-0.000102197
-5.98843e-05
-9.63192e-05
-6.89017e-05
-8.37007e-05
-7.56209e-05
-6.47948e-05
-7.83036e-05
-4.32011e-05
-7.66634e-05
-2.39882e-05
-7.46678e-05
-1.14707e-05
-8.06511e-05
-1.05596e-05
-9.79518e-05
-1.92379e-05
-0.000122363
-2.74848e-05
-0.000145041
-2.156e-05
-0.000165181
9.57808e-06
-0.000162786
5.90077e-05
-0.000135035
6.36968e-05
-0.000102979
-1.4846e-05
-4.83271e-05
-0.000160433
-0.000216197
-1.13554e-05
-8.92737e-05
-2.27622e-05
-9.18394e-05
-3.40683e-05
-9.0891e-05
-4.50747e-05
-8.53126e-05
-5.46746e-05
-7.41007e-05
-6.15789e-05
-5.78904e-05
-6.53887e-05
-3.93912e-05
-6.72622e-05
-2.21147e-05
-6.97407e-05
-8.99219e-06
-7.74465e-05
-2.85397e-06
-9.353e-05
-3.15435e-06
-0.000116345
-4.66997e-06
-0.000139442
1.53742e-06
-0.000152473
2.2609e-05
-0.000140624
4.71585e-05
-0.000113295
3.63672e-05
-8.32772e-05
-4.48633e-05
-3.97163e-05
-0.000203993
-0.000255913
1.11833e-05
-7.48119e-05
-2.33506e-06
-7.83211e-05
-1.51212e-05
-7.8105e-05
-2.68745e-05
-7.35593e-05
-3.67652e-05
-6.42099e-05
-4.40198e-05
-5.06357e-05
-4.8717e-05
-3.4694e-05
-5.20169e-05
-1.88151e-05
-5.58419e-05
-5.1673e-06
-6.29003e-05
4.20443e-06
-7.48397e-05
8.78504e-06
-9.04041e-05
1.08944e-05
-0.00010441
1.55429e-05
-0.000107711
2.59103e-05
-9.39208e-05
3.33681e-05
-7.08637e-05
1.33101e-05
-5.03428e-05
-6.53841e-05
-2.99874e-05
-0.000224349
-0.0002859
2.93355e-05
-6.09563e-05
1.58419e-05
-6.48275e-05
3.05262e-06
-6.53158e-05
-8.58377e-06
-6.19228e-05
-1.84048e-05
-5.4389e-05
-2.58801e-05
-4.31606e-05
-3.1074e-05
-2.95001e-05
-3.47494e-05
-1.51398e-05
-3.81053e-05
-1.81138e-06
-4.27131e-05
8.8123e-06
-4.95898e-05
1.56617e-05
-5.77979e-05
1.91024e-05
-6.35523e-05
2.12972e-05
-6.10329e-05
2.33909e-05
-4.72919e-05
1.96271e-05
-2.82804e-05
-5.7014e-06
-1.72051e-05
-7.64594e-05
-2.00583e-05
-0.000221496
-0.000305959
4.27879e-05
-4.89465e-05
3.0624e-05
-5.2664e-05
1.88586e-05
-5.35506e-05
8.04254e-06
-5.11068e-05
-1.22425e-06
-4.51223e-05
-8.48791e-06
-3.5897e-05
-1.36739e-05
-2.43141e-05
-1.71622e-05
-1.16515e-05
-1.96016e-05
6.27906e-07
-2.18388e-05
1.10495e-05
-2.45654e-05
1.83882e-05
-2.73213e-05
2.1858e-05
-2.78537e-05
2.18294e-05
-2.27656e-05
1.83027e-05
-1.05748e-05
7.43638e-06
4.28268e-06
-2.05588e-05
9.27505e-06
-8.14519e-05
-8.2579e-06
-0.000203963
-0.000314217
5.20269e-05
-3.91892e-05
4.17977e-05
-4.24352e-05
3.16498e-05
-4.34027e-05
2.21413e-05
-4.15983e-05
1.38341e-05
-3.68153e-05
7.17699e-06
-2.92399e-05
2.36649e-06
-1.95036e-05
-6.93336e-07
-8.59172e-06
-2.34303e-06
2.27756e-06
-2.99418e-06
1.17004e-05
-3.07521e-06
1.8469e-05
-2.5458e-06
2.13284e-05
-3.50618e-07
1.96341e-05
5.25261e-06
1.26993e-05
1.47915e-05
-2.10242e-06
2.51536e-05
-3.09209e-05
2.80497e-05
-8.43481e-05
6.67895e-06
-0.000182592
-0.000307538
5.78175e-05
-3.16145e-05
4.96423e-05
-3.42603e-05
4.13293e-05
-3.50897e-05
3.33757e-05
-3.36448e-05
2.62858e-05
-2.97254e-05
2.04915e-05
-2.34457e-05
1.62624e-05
-1.52745e-05
1.3667e-05
-5.99642e-06
1.2592e-05
3.35236e-06
1.27674e-05
1.15248e-05
1.39597e-05
1.72764e-05
1.59972e-05
1.92909e-05
1.91563e-05
1.6475e-05
2.40373e-05
7.81827e-06
3.05453e-05
-8.61057e-06
3.64345e-05
-3.68102e-05
3.58581e-05
-8.37717e-05
1.689e-05
-0.000163624
-0.000290648
6.09352e-05
-2.59388e-05
5.46563e-05
-2.79815e-05
4.81265e-05
-2.856e-05
4.17535e-05
-2.72719e-05
3.59642e-05
-2.39363e-05
3.11477e-05
-1.86293e-05
2.75911e-05
-1.1718e-05
2.54425e-05
-3.84797e-06
2.4702e-05
4.09277e-06
2.52092e-05
1.10175e-05
2.67599e-05
1.57256e-05
2.91166e-05
1.69341e-05
3.21614e-05
1.34303e-05
3.58667e-05
4.11302e-06
3.97975e-05
-1.25415e-05
4.22977e-05
-3.93106e-05
3.95222e-05
-8.09963e-05
2.35611e-05
-0.000147663
-0.000267087
6.20464e-05
-2.18218e-05
5.73849e-05
-2.33201e-05
5.24344e-05
-2.36097e-05
4.75118e-05
-2.23493e-05
4.29612e-05
-1.93858e-05
3.91115e-05
-1.47797e-05
3.62289e-05
-8.83541e-06
3.44812e-05
-2.10037e-06
3.39143e-05
4.65955e-06
3.44411e-05
1.04907e-05
3.58718e-05
1.42949e-05
3.79383e-05
1.48675e-05
4.03507e-05
1.10178e-05
4.28164e-05
1.64723e-06
4.48142e-05
-1.45394e-05
4.51389e-05
-3.96354e-05
4.13387e-05
-7.71962e-05
2.7978e-05
-0.000134303
-0.000239109
6.16738e-05
-1.89415e-05
5.83269e-05
-1.99732e-05
5.46935e-05
-1.99764e-05
5.10114e-05
-1.86672e-05
4.7548e-05
-1.59226e-05
4.45684e-05
-1.18e-05
4.22981e-05
-6.56515e-06
4.08921e-05
-6.94417e-07
4.04083e-05
5.14339e-06
4.07932e-05
1.01057e-05
4.18853e-05
1.32028e-05
4.34159e-05
1.33368e-05
4.50411e-05
9.39249e-06
4.63829e-05
3.05265e-07
4.69235e-05
-1.508e-05
4.57497e-05
-3.84617e-05
4.11367e-05
-7.25832e-05
2.92082e-05
-0.000122374
-0.000209901
6.02077e-05
-1.70208e-05
5.78964e-05
-1.76619e-05
5.53184e-05
-1.73983e-05
5.26471e-05
-1.5996e-05
5.00849e-05
-1.33604e-05
4.78374e-05
-9.55261e-06
4.60856e-05
-4.81344e-06
4.49583e-05
4.32884e-07
4.45082e-05
5.59339e-06
4.46974e-05
9.91649e-06
4.53863e-05
1.25138e-05
4.63291e-05
1.23941e-05
4.71902e-05
8.53125e-06
4.75792e-05
-8.37653e-08
4.70035e-05
-1.45044e-05
4.46959e-05
-3.61541e-05
3.92404e-05
-6.71277e-05
2.74828e-05
-0.000110617
-0.000182418
5.79346e-05
-1.58325e-05
5.64213e-05
-1.61484e-05
5.46655e-05
-1.56425e-05
5.27907e-05
-1.41213e-05
5.09461e-05
-1.15158e-05
4.9287e-05
-7.89362e-06
4.79531e-05
-3.47967e-06
4.70449e-05
1.34097e-06
4.66046e-05
6.0336e-06
4.66e-05
9.92094e-06
4.69108e-05
1.2203e-05
4.73196e-05
1.19852e-05
4.7521e-05
8.3299e-06
4.71416e-05
2.9562e-07
4.57167e-05
-1.30794e-05
4.25413e-05
-3.29787e-05
3.63484e-05
-6.09348e-05
2.45717e-05
-9.88399e-05
-0.000157846
5.5067e-05
-1.51937e-05
5.4157e-05
-1.52385e-05
5.30283e-05
-1.45139e-05
5.17661e-05
-1.28592e-05
5.04773e-05
-1.02271e-05
4.92768e-05
-6.69324e-06
4.82695e-05
-2.47252e-06
4.7531e-05
2.07942e-06
4.70922e-05
6.47233e-06
4.69235e-05
1.00896e-05
4.69208e-05
1.22056e-05
4.68953e-05
1.20106e-05
4.65765e-05
8.64889e-06
4.56181e-05
1.25399e-06
4.35797e-05
-1.10409e-05
3.97931e-05
-2.91921e-05
3.31087e-05
-5.42503e-05
2.14912e-05
-8.72225e-05
-0.000136355
5.17673e-05
-1.49589e-05
5.13053e-05
-1.47766e-05
5.06461e-05
-1.38549e-05
4.98462e-05
-1.20594e-05
4.89801e-05
-9.36111e-06
4.81307e-05
-5.84404e-06
4.73756e-05
-1.71746e-06
4.67702e-05
2.68473e-06
4.63362e-05
6.90632e-06
4.60458e-05
1.03799e-05
4.58093e-05
1.24423e-05
4.54638e-05
1.2356e-05
4.47715e-05
9.3413e-06
4.34161e-05
2.60954e-06
4.0981e-05
-8.60578e-06
3.68403e-05
-2.50513e-05
2.99789e-05
-4.73889e-05
1.88482e-05
-7.60918e-05
-0.000117507
4.81646e-05
-1.50135e-05
4.80286e-05
-1.46407e-05
4.77153e-05
-1.35418e-05
4.72596e-05
-1.16037e-05
4.67117e-05
-8.81329e-06
4.61303e-05
-5.26278e-06
4.55716e-05
-1.15891e-06
4.50764e-05
3.17985e-06
4.46593e-05
7.32338e-06
4.42951e-05
1.07441e-05
4.39065e-05
1.2831e-05
4.33531e-05
1.29095e-05
4.24248e-05
1.02696e-05
4.08325e-05
4.20201e-06
3.81828e-05
-5.95616e-06
3.38974e-05
-2.07659e-05
2.71013e-05
-4.05928e-05
1.66224e-05
-6.5613e-05
-0.000100884
4.43649e-05
-1.52685e-05
4.44609e-05
-1.47366e-05
4.4399e-05
-1.34798e-05
4.41981e-05
-1.14028e-05
4.38905e-05
-8.50574e-06
4.35166e-05
-4.88901e-06
4.31169e-05
-7.59215e-07
4.27211e-05
3.57551e-06
4.23395e-05
7.70488e-06
4.195e-05
1.11336e-05
4.1486e-05
1.3295e-05
4.08254e-05
1.35702e-05
3.97796e-05
1.13153e-05
3.80814e-05
5.90031e-06
3.53598e-05
-3.23463e-06
3.10864e-05
-1.64926e-05
2.4519e-05
-3.40254e-05
1.47591e-05
-5.58533e-05
-8.61251e-05
4.04569e-05
-1.5656e-05
4.0714e-05
-1.49937e-05
4.08335e-05
-1.35992e-05
4.08226e-05
-1.1392e-05
4.07005e-05
-8.38365e-06
4.04938e-05
-4.68238e-06
4.0231e-05
-4.96395e-07
3.99341e-05
3.87235e-06
3.96106e-05
8.02834e-06
3.92417e-05
1.15025e-05
3.87699e-05
1.37667e-05
3.80869e-05
1.42534e-05
3.7019e-05
1.2383e-05
3.53148e-05
7.60457e-06
3.26235e-05
-5.4335e-07
2.84659e-05
-1.23351e-05
2.22183e-05
-2.77779e-05
1.31842e-05
-4.68194e-05
-7.29409e-05
3.65151e-05
-1.61254e-05
3.68816e-05
-1.53602e-05
3.71327e-05
-1.38503e-05
3.72675e-05
-1.1527e-05
3.72953e-05
-8.41152e-06
3.7232e-05
-4.61919e-06
3.70966e-05
-3.61008e-07
3.69052e-05
4.06374e-06
3.66635e-05
8.26999e-06
3.63561e-05
1.18099e-05
3.59331e-05
1.41896e-05
3.52956e-05
1.4891e-05
3.42793e-05
1.33992e-05
3.26414e-05
9.24239e-06
3.0047e-05
2.05099e-06
2.6065e-05
-8.35329e-06
2.01752e-05
-2.18883e-05
1.18399e-05
-3.84842e-05
-6.11011e-05
3.26018e-05
-1.66397e-05
3.30409e-05
-1.57993e-05
3.33898e-05
-1.41992e-05
3.36424e-05
-1.17797e-05
3.37999e-05
-8.56913e-06
3.38693e-05
-4.68871e-06
3.38613e-05
-3.53039e-07
3.37865e-05
4.13861e-06
3.36492e-05
8.40726e-06
3.34376e-05
1.20214e-05
3.31086e-05
1.45186e-05
3.25697e-05
1.54299e-05
3.16607e-05
1.43081e-05
3.01405e-05
1.07624e-05
2.76856e-05
4.50576e-06
2.39057e-05
-4.57352e-06
1.83759e-05
-1.63585e-05
1.06934e-05
-3.08018e-05
-5.04077e-05
2.87668e-05
-1.71721e-05
2.92533e-05
-1.62857e-05
2.96785e-05
-1.46245e-05
3.00332e-05
-1.21344e-05
3.03121e-05
-8.848e-06
3.05136e-05
-4.89025e-06
3.06397e-05
-4.79152e-07
3.06947e-05
4.08366e-06
3.06816e-05
8.42043e-06
3.05925e-05
1.21104e-05
3.0392e-05
1.4719e-05
2.99937e-05
1.58281e-05
2.92374e-05
1.50643e-05
2.78769e-05
1.21228e-05
2.55908e-05
6.79176e-06
2.20217e-05
-1.0045e-06
1.68337e-05
-1.11706e-05
9.74666e-06
-2.37148e-05
-4.0661e-05
2.50482e-05
-1.77034e-05
2.55643e-05
-1.68018e-05
2.60525e-05
-1.51128e-05
2.6502e-05
-1.25838e-05
2.69021e-05
-9.24798e-06
2.72423e-05
-5.23044e-06
2.75142e-05
-7.51072e-07
2.77136e-05
3.88431e-06
2.78404e-05
8.29364e-06
2.78926e-05
1.2058e-05
2.78464e-05
1.47651e-05
2.7624e-05
1.60504e-05
2.70643e-05
1.5624e-05
2.59093e-05
1.32778e-05
2.38284e-05
8.87254e-06
2.0485e-05
2.33885e-06
1.5617e-05
-6.30253e-06
9.07625e-06
-1.71739e-05
-3.15846e-05
2.1471e-05
-1.82182e-05
2.20031e-05
-1.7334e-05
2.25447e-05
-1.56544e-05
2.30859e-05
-1.31249e-05
2.36116e-05
-9.77363e-06
2.41022e-05
-5.72092e-06
2.45358e-05
-1.18469e-06
2.48952e-05
3.52484e-06
2.51741e-05
8.01477e-06
2.53792e-05
1.18528e-05
2.55052e-05
1.4639e-05
2.54905e-05
1.6065e-05
2.51767e-05
1.59378e-05
2.42915e-05
1.41629e-05
2.24865e-05
1.06775e-05
1.94411e-05
5.38433e-06
1.49059e-05
-1.76723e-06
8.98872e-06
-1.12567e-05
-2.25958e-05
1.80487e-05
-1.87023e-05
1.85831e-05
-1.78684e-05
1.91676e-05
-1.62389e-05
1.97961e-05
-1.37535e-05
2.04522e-05
-1.04296e-05
2.11068e-05
-6.3755e-06
2.17218e-05
-1.79966e-06
2.22597e-05
2.98681e-06
2.27009e-05
7.57348e-06
2.3065e-05
1.14887e-05
2.33762e-05
1.43278e-05
2.35941e-05
1.58471e-05
2.35781e-05
1.59537e-05
2.30497e-05
1.46912e-05
2.16423e-05
1.2085e-05
1.90448e-05
7.98188e-06
1.5178e-05
2.09968e-06
9.5209e-06
-5.59939e-06
-1.30748e-05
1.47844e-05
-1.91409e-05
1.53038e-05
-1.83878e-05
1.59145e-05
-1.68496e-05
1.66186e-05
-1.44576e-05
1.74029e-05
-1.1214e-05
1.82327e-05
-7.20528e-06
1.90512e-05
-2.61827e-06
1.97916e-05
2.24635e-06
2.04081e-05
6.95694e-06
2.09353e-05
1.09614e-05
2.14416e-05
1.38213e-05
2.19321e-05
1.53566e-05
2.22326e-05
1.56533e-05
2.21211e-05
1.48027e-05
2.12479e-05
1.29582e-05
1.93614e-05
9.8685e-06
1.62465e-05
5.21468e-06
1.02715e-05
3.75757e-07
-2.80333e-06
1.16764e-05
-1.9517e-05
1.21573e-05
-1.88687e-05
1.27658e-05
-1.7458e-05
1.35175e-05
-1.52094e-05
1.44106e-05
-1.21072e-05
1.54135e-05
-8.20823e-06
1.6455e-05
-3.65984e-06
1.7428e-05
1.27323e-06
1.82373e-05
6.14752e-06
1.89422e-05
1.02565e-05
1.96524e-05
1.3111e-05
2.03885e-05
1.46206e-05
2.09828e-05
1.50589e-05
2.12999e-05
1.44856e-05
2.11332e-05
1.3125e-05
2.01419e-05
1.08598e-05
1.74587e-05
7.89786e-06
1.12689e-05
6.56566e-06
8.46562e-06
8.72503e-06
-1.98128e-05
9.13717e-06
-1.92808e-05
9.70021e-06
-1.80211e-05
1.04467e-05
-1.59561e-05
1.13961e-05
-1.30567e-05
1.2537e-05
-9.34921e-06
1.38016e-05
-4.92457e-06
1.50397e-05
3.50253e-08
1.60622e-05
5.12499e-06
1.69537e-05
9.3649e-06
1.78892e-05
1.21755e-05
1.88004e-05
1.37094e-05
1.96284e-05
1.42309e-05
2.03062e-05
1.38077e-05
2.08482e-05
1.25829e-05
2.08566e-05
1.08514e-05
1.8876e-05
9.87856e-06
1.28661e-05
1.25756e-05
2.13317e-05
5.94127e-06
-2.00141e-05
6.25196e-06
-1.95916e-05
6.71308e-06
-1.84824e-05
7.37178e-06
-1.66149e-05
8.27457e-06
-1.39596e-05
9.45258e-06
-1.05273e-05
1.08859e-05
-6.35796e-06
1.24181e-05
-1.49725e-06
1.37019e-05
3.84112e-06
1.47971e-05
8.26957e-06
1.60218e-05
1.09507e-05
1.7133e-05
1.25982e-05
1.80829e-05
1.32809e-05
1.89326e-05
1.29579e-05
1.98897e-05
1.16257e-05
2.09222e-05
9.8189e-06
2.06442e-05
1.01565e-05
1.62702e-05
1.69496e-05
3.76019e-05
3.35637e-06
-2.0117e-05
3.53958e-06
-1.97748e-05
3.83968e-06
-1.87825e-05
4.3053e-06
-1.70806e-05
4.99922e-06
-1.46536e-05
5.99948e-06
-1.15276e-05
7.39438e-06
-7.75291e-06
9.1956e-06
-3.29852e-06
1.08852e-05
2.15151e-06
1.24157e-05
6.739e-06
1.41379e-05
9.22849e-06
1.55234e-05
1.12125e-05
1.6525e-05
1.22792e-05
1.73081e-05
1.21746e-05
1.8217e-05
1.07168e-05
1.98484e-05
8.18747e-06
2.2406e-05
7.59897e-06
2.2329e-05
1.70265e-05
5.9931e-05
1.02304e-06
1.07392e-06
1.17338e-06
1.34761e-06
1.6381e-06
2.11578e-06
2.91649e-06
4.35044e-06
6.99908e-06
1.03478e-05
1.28197e-05
1.44609e-05
1.54762e-05
1.60447e-05
1.64037e-05
1.73314e-05
2.07124e-05
2.90649e-05
)
;

boundaryField
{
    leftWall
    {
        type            calculated;
        value           uniform 0;
    }
    rightWall
    {
        type            calculated;
        value           uniform 0;
    }
    lowerWall
    {
        type            calculated;
        value           uniform 0;
    }
    atmosphere
    {
        type            calculated;
        value           nonuniform List<scalar> 
46
(
1.21948e-05
1.19118e-05
1.12833e-05
1.05276e-05
9.65381e-06
8.67547e-06
7.60295e-06
6.44329e-06
5.19887e-06
3.86781e-06
2.44166e-06
8.2684e-07
-7.99257e-07
-2.47395e-06
-4.29146e-06
-6.12963e-06
-7.9502e-06
-9.72252e-06
-1.14156e-05
-1.29961e-05
-1.44281e-05
-1.5674e-05
-1.6697e-05
-8.16032e-06
-8.30369e-06
-8.41629e-06
-8.49473e-06
-2.01368e-05
-1.98257e-05
-1.8882e-05
-1.72549e-05
-1.49442e-05
-1.20053e-05
-8.55365e-06
-4.7325e-06
-4.97166e-07
3.39021e-06
6.75662e-06
9.57122e-06
1.12639e-05
1.16061e-05
1.03577e-05
7.25977e-06
4.21789e-06
8.67404e-06
8.89959e-05
)
;
    }
    defaultFaces
    {
        type            empty;
        value           nonuniform List<scalar> 0();
    }
}


// ************************************************************************* //
