/*--------------------------------*- C++ -*----------------------------------*\
| =========                 |                                                 |
| \\      /  F ield         | OpenFOAM: The Open Source CFD Toolbox           |
|  \\    /   O peration     | Version:  v2012                                 |
|   \\  /    A nd           | Website:  www.openfoam.com                      |
|    \\/     M anipulation  |                                                 |
\*---------------------------------------------------------------------------*/
FoamFile
{
    version     2.0;
    format      ascii;
    class       volVectorField;
    location    "1";
    object      U;
}
// * * * * * * * * * * * * * * * * * * * * * * * * * * * * * * * * * * * * * //

dimensions      [0 1 -1 0 0 0 0];


internalField   nonuniform List<vector> 
2268
(
(0.000198202 0.0016052 0)
(-0.0194492 0.00836559 0)
(-0.0487931 0.00793654 0)
(-0.0723289 0.00736046 0)
(-0.0966557 0.0073058 0)
(-0.12077 0.00731354 0)
(-0.144227 0.00710409 0)
(-0.165982 0.0065836 0)
(-0.184979 0.00574086 0)
(-0.200169 0.00454272 0)
(-0.210646 0.00287488 0)
(-0.215598 0.000705268 0)
(-0.213906 -0.00167926 0)
(-0.206089 -0.00386713 0)
(-0.193472 -0.00582941 0)
(-0.174644 -0.00906583 0)
(-0.145091 -0.0138699 0)
(-0.102045 -0.01934 0)
(-0.0469796 -0.0235777 0)
(0.0139348 -0.0231321 0)
(0.0638366 -0.0133326 0)
(0.0812164 0.00490916 0)
(0.0426723 0.0157976 0)
(-0.0161817 0.00799484 0)
(-0.0411994 0.019733 0)
(-0.0714952 0.0193535 0)
(-0.0981772 0.0184252 0)
(-0.125196 0.0181644 0)
(-0.151188 0.0176733 0)
(-0.175193 0.0165273 0)
(-0.195988 0.0145768 0)
(-0.212404 0.0118268 0)
(-0.223379 0.00837365 0)
(-0.228301 0.00438813 0)
(-0.227566 0.000148846 0)
(-0.22283 -0.00388556 0)
(-0.214828 -0.00759176 0)
(-0.202379 -0.0114497 0)
(-0.183697 -0.017374 0)
(-0.156412 -0.0258487 0)
(-0.118539 -0.0355042 0)
(-0.0702 -0.0430416 0)
(-0.0152926 -0.0424095 0)
(0.0336818 -0.0250744 0)
(0.0617973 0.00943898 0)
(0.0467785 0.0406983 0)
(-0.0244169 0.0233703 0)
(-0.0482603 0.0332214 0)
(-0.076458 0.0320769 0)
(-0.103299 0.0308113 0)
(-0.130125 0.0301743 0)
(-0.155738 0.028917 0)
(-0.179232 0.0265043 0)
(-0.199534 0.022765 0)
(-0.215559 0.017724 0)
(-0.226295 0.0116185 0)
(-0.231185 0.00498982 0)
(-0.230575 -0.00140635 0)
(-0.225751 -0.00700421 0)
(-0.21769 -0.0121405 0)
(-0.206077 -0.0180664 0)
(-0.189638 -0.026735 0)
(-0.166443 -0.0387688 0)
(-0.13451 -0.0525762 0)
(-0.0925761 -0.064032 0)
(-0.0417512 -0.0650454 0)
(0.00825001 -0.0430559 0)
(0.0427923 0.00528451 0)
(0.0396795 0.0608036 0)
(-0.0271594 0.0406415 0)
(-0.0501826 0.0465922 0)
(-0.0776676 0.0448917 0)
(-0.104724 0.0434742 0)
(-0.131517 0.042446 0)
(-0.157099 0.0404137 0)
(-0.180644 0.0367699 0)
(-0.201141 0.0313022 0)
(-0.217469 0.024029 0)
(-0.228509 0.0153057 0)
(-0.233575 0.00600164 0)
(-0.23294 -0.00269083 0)
(-0.227948 -0.0100514 0)
(-0.220017 -0.0165799 0)
(-0.209683 -0.0241308 0)
(-0.196358 -0.0350332 0)
(-0.178514 -0.0502608 0)
(-0.153813 -0.0683339 0)
(-0.11891 -0.0847847 0)
(-0.0710311 -0.0894513 0)
(-0.0176577 -0.0642521 0)
(0.024591 -0.00293588 0)
(0.0325091 0.076529 0)
(-0.0272137 0.0579522 0)
(-0.0502253 0.0597596 0)
(-0.077676 0.0577233 0)
(-0.104992 0.0562536 0)
(-0.131924 0.0548523 0)
(-0.15774 0.0520842 0)
(-0.181674 0.0472709 0)
(-0.202717 0.0401195 0)
(-0.219639 0.0305988 0)
(-0.231127 0.0191597 0)
(-0.236297 0.0070221 0)
(-0.235392 -0.00410607 0)
(-0.230012 -0.0131529 0)
(-0.22217 -0.0207265 0)
(-0.213307 -0.0291705 0)
(-0.203715 -0.0413013 0)
(-0.192451 -0.0586989 0)
(-0.176797 -0.0806118 0)
(-0.150587 -0.103253 0)
(-0.105649 -0.114608 0)
(-0.0471484 -0.0888181 0)
(0.00392822 -0.0159604 0)
(0.0246966 0.0860632 0)
(-0.0261863 0.0749142 0)
(-0.0494807 0.0729315 0)
(-0.0770004 0.0706222 0)
(-0.104513 0.0691177 0)
(-0.131661 0.0673851 0)
(-0.157887 0.0639582 0)
(-0.18247 0.0580624 0)
(-0.204357 0.0492767 0)
(-0.222141 0.03747 0)
(-0.234223 0.0231655 0)
(-0.239444 0.00798058 0)
(-0.238027 -0.00572873 0)
(-0.23193 -0.0163744 0)
(-0.223882 -0.0245166 0)
(-0.216312 -0.0328948 0)
(-0.210632 -0.0448223 0)
(-0.206934 -0.062756 0)
(-0.202509 -0.0876432 0)
(-0.18764 -0.118031 0)
(-0.146758 -0.140176 0)
(-0.0822763 -0.116999 0)
(-0.021382 -0.0338232 0)
(0.0137859 0.0890265 0)
(-0.0248098 0.0913969 0)
(-0.0482662 0.0861275 0)
(-0.0756691 0.0835791 0)
(-0.10323 0.082069 0)
(-0.130597 0.0800974 0)
(-0.15736 0.0761408 0)
(-0.182827 0.0692884 0)
(-0.205856 0.058931 0)
(-0.224793 0.0447719 0)
(-0.237653 0.0273707 0)
(-0.242914 0.00881223 0)
(-0.240754 -0.0077106 0)
(-0.233537 -0.0198964 0)
(-0.224789 -0.0281029 0)
(-0.217944 -0.0353919 0)
(-0.215745 -0.0453795 0)
(-0.220116 -0.0615706 0)
(-0.229419 -0.0879625 0)
(-0.229369 -0.127691 0)
(-0.194416 -0.165902 0)
(-0.124086 -0.148992 0)
(-0.0524377 -0.055913 0)
(-0.000924799 0.0859367 0)
(-0.0233737 0.107309 0)
(-0.0465329 0.0992072 0)
(-0.073506 0.0964624 0)
(-0.10091 0.09503 0)
(-0.128446 0.0929806 0)
(-0.155839 0.0886867 0)
(-0.182412 0.0810426 0)
(-0.206894 0.0691747 0)
(-0.227323 0.0525386 0)
(-0.241233 0.0316981 0)
(-0.246645 0.00932368 0)
(-0.243661 -0.0103038 0)
(-0.235054 -0.0240128 0)
(-0.225178 -0.0319458 0)
(-0.218255 -0.0374615 0)
(-0.218345 -0.0441403 0)
(-0.230333 -0.0569176 0)
(-0.255529 -0.0837585 0)
(-0.27361 -0.1333 0)
(-0.247153 -0.191362 0)
(-0.172611 -0.186273 0)
(-0.090268 -0.0877211 0)
(-0.0166114 0.0680525 0)
(0.0845488 -0.0408549 0)
(0.0299086 0.0268971 0)
(-0.183497 0.0549943 0)
(-0.381832 0.0493741 0)
(-0.496844 0.0203737 0)
(-0.501693 -0.00636522 0)
(-0.453972 -0.0154984 0)
(-0.420318 -0.0104835 0)
(-0.40363 -0.00937574 0)
(-0.371205 -0.020295 0)
(-0.280307 -0.0450552 0)
(-0.13475 -0.0596477 0)
(0.0146008 -0.046685 0)
(0.124347 -0.026604 0)
(0.170049 -0.00743839 0)
(0.162527 0.00102848 0)
(0.133788 0.00444705 0)
(0.0891608 0.00843403 0)
(0.0726139 0.0185929 0)
(-0.0172949 -0.0147575 0)
(-0.12735 0.0953191 0)
(-0.360871 0.124766 0)
(-0.493733 0.0939049 0)
(-0.515987 0.0292634 0)
(-0.470476 -0.021358 0)
(-0.411596 -0.034396 0)
(-0.367209 -0.0222693 0)
(-0.347366 -0.016562 0)
(-0.318061 -0.0350337 0)
(-0.232815 -0.0807033 0)
(-0.098278 -0.108303 0)
(0.0310388 -0.08798 0)
(0.125279 -0.0502613 0)
(0.157956 -0.00923137 0)
(0.133482 0.0148493 0)
(0.0854222 0.0239272 0)
(0.0358029 0.0262457 0)
(0.0500365 0.0458835 0)
(-0.0858585 0.0397982 0)
(-0.221424 0.164548 0)
(-0.396461 0.179844 0)
(-0.470668 0.115403 0)
(-0.478553 0.0244406 0)
(-0.424805 -0.037636 0)
(-0.342411 -0.0500483 0)
(-0.292767 -0.0334026 0)
(-0.281265 -0.0274047 0)
(-0.26527 -0.0535939 0)
(-0.179663 -0.11585 0)
(-0.047784 -0.153474 0)
(0.0699589 -0.127471 0)
(0.157903 -0.074307 0)
(0.180383 -0.00844721 0)
(0.135749 0.0361414 0)
(0.0583621 0.0482525 0)
(-0.00670392 0.0405208 0)
(-0.000925742 0.0555428 0)
(-0.123157 0.110035 0)
(-0.251937 0.226451 0)
(-0.375752 0.22057 0)
(-0.430507 0.135266 0)
(-0.432431 0.0252724 0)
(-0.340007 -0.070973 0)
(-0.20724 -0.0813601 0)
(-0.140936 -0.0373242 0)
(-0.153135 -0.0230001 0)
(-0.187243 -0.0582565 0)
(-0.101019 -0.154852 0)
(0.0312886 -0.199278 0)
(0.139469 -0.162409 0)
(0.218223 -0.0932479 0)
(0.235562 -0.00332024 0)
(0.18051 0.065656 0)
(0.0796636 0.0816338 0)
(-0.0174545 0.0477367 0)
(-0.0399302 0.0221722 0)
(-0.137813 0.186718 0)
(-0.244957 0.275915 0)
(-0.335472 0.250651 0)
(-0.380941 0.156236 0)
(-0.365085 0.00341981 0)
(-0.212652 -0.161205 0)
(-0.0683288 -0.176596 0)
(0.0728187 -0.0550582 0)
(0.0710004 0.00434671 0)
(-0.0360856 -0.0533009 0)
(0.0360617 -0.227141 0)
(0.144131 -0.264072 0)
(0.242097 -0.203528 0)
(0.305826 -0.105421 0)
(0.312603 0.00734524 0)
(0.259666 0.0940318 0)
(0.170768 0.117447 0)
(0.0774579 0.0849704 0)
(-0.0128415 0.0194388 0)
(-0.14063 0.263611 0)
(-0.222296 0.312586 0)
(-0.289826 0.27497 0)
(-0.327961 0.172179 0)
(-0.264753 -0.0603371 0)
(-0.152159 -0.199971 0)
(-0.064247 -0.220336 0)
(0.0840115 -0.142089 0)
(0.185293 0.0257426 0)
(0.124608 -0.0307567 0)
(0.139118 -0.251552 0)
(0.2177 -0.305934 0)
(0.317379 -0.249001 0)
(0.398019 -0.125779 0)
(0.40377 0.0188176 0)
(0.356371 0.115537 0)
(0.293504 0.142866 0)
(0.228235 0.153034 0)
(0.0570491 0.0764812 0)
(-0.140681 0.33593 0)
(-0.199162 0.337539 0)
(-0.24462 0.295797 0)
(-0.274442 0.168883 0)
(-0.201569 -0.101057 0)
(-0.115482 -0.229766 0)
(-0.0573762 -0.253901 0)
(0.0430514 -0.190132 0)
(0.15492 0.00306383 0)
(0.212217 -0.0310791 0)
(0.214181 -0.263735 0)
(0.267572 -0.333677 0)
(0.35737 -0.283501 0)
(0.448307 -0.153758 0)
(0.507053 0.0113653 0)
(0.473028 0.143148 0)
(0.404916 0.184522 0)
(0.26206 0.237583 0)
(0.128455 0.125907 0)
(-0.144281 0.406839 0)
(-0.188776 0.350836 0)
(-0.205084 0.315213 0)
(-0.2131 0.153072 0)
(-0.141027 -0.128855 0)
(-0.0861581 -0.255031 0)
(-0.0489036 -0.282543 0)
(0.00911933 -0.222919 0)
(0.104153 -0.0379544 0)
(0.236669 -0.0496955 0)
(0.266448 -0.276009 0)
(0.301257 -0.360819 0)
(0.374396 -0.320928 0)
(0.458328 -0.183997 0)
(0.529911 -0.00891373 0)
(0.550576 0.159994 0)
(0.484526 0.263537 0)
(0.290141 0.292264 0)
(0.178736 0.208119 0)
(-0.0211816 0.130097 0)
(-0.0427224 0.119123 0)
(-0.0685233 0.116111 0)
(-0.0953809 0.115008 0)
(-0.123132 0.113201 0)
(-0.151715 0.108776 0)
(-0.180477 0.100209 0)
(-0.207917 0.0860747 0)
(-0.231547 0.0653151 0)
(-0.248021 0.038474 0)
(-0.25449 0.0093898 0)
(-0.250986 -0.0155772 0)
(-0.241057 -0.0320785 0)
(-0.22976 -0.0399736 0)
(-0.221605 -0.0428388 0)
(-0.221946 -0.0441916 0)
(-0.241995 -0.0511666 0)
(-0.294187 -0.075806 0)
(-0.347421 -0.136743 0)
(-0.334349 -0.234658 0)
(-0.261105 -0.255957 0)
(-0.167481 -0.161622 0)
(-0.0581698 -0.039393 0)
(-0.0156808 0.156469 0)
(-0.0335697 0.144424 0)
(-0.0569382 0.141801 0)
(-0.0823879 0.142293 0)
(-0.110623 0.142485 0)
(-0.141932 0.139863 0)
(-0.175792 0.132027 0)
(-0.210561 0.116376 0)
(-0.243133 0.0905622 0)
(-0.268576 0.0544253 0)
(-0.282251 0.0132443 0)
(-0.284343 -0.0228846 0)
(-0.279252 -0.0465623 0)
(-0.270488 -0.0546234 0)
(-0.256936 -0.050828 0)
(-0.238326 -0.0331709 0)
(-0.243973 -0.0015034 0)
(-0.341818 0.015505 0)
(-0.473397 -0.0939253 0)
(-0.453793 -0.308328 0)
(-0.407176 -0.342772 0)
(-0.351177 -0.233016 0)
(-0.311798 -0.0724713 0)
(-0.00679718 0.173626 0)
(-0.0187151 0.16514 0)
(-0.0377771 0.164975 0)
(-0.0604516 0.169414 0)
(-0.0888037 0.174374 0)
(-0.123586 0.176442 0)
(-0.164623 0.172002 0)
(-0.210564 0.157293 0)
(-0.258489 0.128579 0)
(-0.302559 0.0838255 0)
(-0.336871 0.0288107 0)
(-0.361429 -0.0192689 0)
(-0.377084 -0.0460758 0)
(-0.372054 -0.0510291 0)
(-0.327475 -0.0460365 0)
(-0.292785 -0.0277718 0)
(-0.270194 0.080238 0)
(-0.330039 0.211935 0)
(-0.498981 0.0198384 0)
(-0.516982 -0.338139 0)
(-0.527376 -0.357642 0)
(-0.525177 -0.219959 0)
(-0.533613 -0.0198186 0)
(0.00401357 0.183557 0)
(0.00273968 0.181185 0)
(-0.00964007 0.184772 0)
(-0.0279912 0.194822 0)
(-0.055722 0.205658 0)
(-0.0936358 0.213123 0)
(-0.142277 0.21328 0)
(-0.202177 0.202066 0)
(-0.274817 0.173547 0)
(-0.358075 0.123363 0)
(-0.441653 0.0643249 0)
(-0.515034 0.0233162 0)
(-0.579389 -0.000856707 0)
(-0.67416 -0.0415542 0)
(-0.721796 -0.124457 0)
(-0.637982 -0.145041 0)
(-0.477903 0.0182881 0)
(-0.344278 0.242347 0)
(-0.353662 0.203572 0)
(-0.500554 -0.286373 0)
(-0.566187 -0.333554 0)
(-0.564526 -0.217292 0)
(-0.541391 -0.0512026 0)
(0.0117032 0.183582 0)
(0.0279436 0.193018 0)
(0.0232488 0.197043 0)
(0.00975503 0.211093 0)
(-0.0165334 0.22762 0)
(-0.0576336 0.243199 0)
(-0.115347 0.253191 0)
(-0.19372 0.253673 0)
(-0.302371 0.240928 0)
(-0.454098 0.209329 0)
(-0.656381 0.16462 0)
(-0.867967 0.128971 0)
(-0.980729 0.0835426 0)
(-0.991947 -0.0223003 0)
(-0.95596 -0.162717 0)
(-0.897674 -0.238709 0)
(-0.792646 -0.177305 0)
(-0.545974 0.0646387 0)
(-0.322347 0.165975 0)
(-0.362313 -0.114646 0)
(-0.538145 -0.298874 0)
(-0.537231 -0.220909 0)
(-0.47616 -0.0944388 0)
(0.00351039 0.157174 0)
(0.0427871 0.180586 0)
(0.0428792 0.193996 0)
(0.030226 0.219442 0)
(0.000206849 0.246496 0)
(-0.0575618 0.276634 0)
(-0.161891 0.317523 0)
(-0.347404 0.384181 0)
(-0.609057 0.455269 0)
(-0.873556 0.481569 0)
(-1.05882 0.390883 0)
(-1.08552 0.236572 0)
(-1.09168 0.101885 0)
(-1.07672 -0.0478668 0)
(-1.05194 -0.202594 0)
(-1.02318 -0.304035 0)
(-0.979401 -0.317836 0)
(-0.854982 -0.217147 0)
(-0.577209 -0.0471896 0)
(-0.397012 -0.0410568 0)
(-0.403779 -0.197721 0)
(-0.542194 -0.275059 0)
(-0.475062 -0.158313 0)
(-0.0651604 0.108906 0)
(0.021772 0.155855 0)
(0.000674798 0.193995 0)
(-0.0386068 0.257042 0)
(-0.122804 0.36002 0)
(-0.254537 0.500015 0)
(-0.413357 0.633713 0)
(-0.591064 0.738998 0)
(-0.765122 0.778268 0)
(-0.903754 0.726249 0)
(-0.982975 0.524931 0)
(-1.00063 0.271247 0)
(-1.01153 0.108311 0)
(-1.01394 -0.0610102 0)
(-1.02712 -0.222902 0)
(-1.05136 -0.328683 0)
(-1.05014 -0.368352 0)
(-1.00535 -0.354518 0)
(-0.886917 -0.290431 0)
(-0.705735 -0.256576 0)
(-0.554004 -0.193552 0)
(-0.485951 -0.231902 0)
(-0.485883 -0.239383 0)
(-0.0468205 0.129368 0)
(-0.077438 0.141145 0)
(-0.143151 0.262449 0)
(-0.207653 0.370095 0)
(-0.279973 0.474213 0)
(-0.3554 0.584967 0)
(-0.434806 0.704427 0)
(-0.515347 0.804244 0)
(-0.584056 0.834667 0)
(-0.634809 0.751651 0)
(-0.686838 0.540367 0)
(-0.754493 0.26553 0)
(-0.824682 0.113242 0)
(-0.849153 -0.036477 0)
(-0.91122 -0.181883 0)
(-1.01682 -0.288809 0)
(-1.03935 -0.373326 0)
(-1.02159 -0.400514 0)
(-0.96257 -0.402345 0)
(-0.880331 -0.383222 0)
(-0.779212 -0.346937 0)
(-0.67139 -0.328698 0)
(-0.605961 -0.26764 0)
(-0.053958 0.223171 0)
(-0.125642 0.243298 0)
(-0.195945 0.32356 0)
(-0.254003 0.411075 0)
(-0.300247 0.506692 0)
(-0.329792 0.613439 0)
(-0.342127 0.725184 0)
(-0.341713 0.815391 0)
(-0.33537 0.844065 0)
(-0.333757 0.775775 0)
(-0.359478 0.601194 0)
(-0.429218 0.384394 0)
(-0.528131 0.207555 0)
(-0.635416 0.071221 0)
(-0.748671 -0.0261404 0)
(-0.854365 -0.173747 0)
(-0.944052 -0.345294 0)
(-0.955046 -0.409438 0)
(-0.933848 -0.44127 0)
(-0.880848 -0.44777 0)
(-0.80837 -0.436478 0)
(-0.736614 -0.404058 0)
(-0.658204 -0.337891 0)
(-0.0455051 0.307625 0)
(-0.119094 0.329202 0)
(-0.178307 0.383275 0)
(-0.219635 0.450369 0)
(-0.243086 0.528875 0)
(-0.245342 0.61783 0)
(-0.2241 0.710222 0)
(-0.18261 0.785988 0)
(-0.133517 0.814287 0)
(-0.0961073 0.767907 0)
(-0.0943562 0.640178 0)
(-0.144264 0.470419 0)
(-0.234088 0.310571 0)
(-0.338088 0.175427 0)
(-0.441593 0.0611096 0)
(-0.545395 -0.0693108 0)
(-0.657905 -0.241355 0)
(-0.807118 -0.400904 0)
(-0.844486 -0.449287 0)
(-0.827283 -0.484885 0)
(-0.783417 -0.484778 0)
(-0.72526 -0.461929 0)
(-0.654085 -0.402662 0)
(-0.0291664 0.372705 0)
(-0.0852413 0.391955 0)
(-0.127739 0.428766 0)
(-0.153806 0.477526 0)
(-0.162298 0.53545 0)
(-0.150911 0.601005 0)
(-0.117407 0.669628 0)
(-0.0630348 0.727863 0)
(0.00264718 0.754287 0)
(0.0608891 0.728898 0)
(0.0897372 0.646119 0)
(0.0741334 0.524768 0)
(0.0185079 0.394712 0)
(-0.0580523 0.27074 0)
(-0.139845 0.154042 0)
(-0.226158 0.0303434 0)
(-0.328627 -0.10428 0)
(-0.449225 -0.253755 0)
(-0.581564 -0.404948 0)
(-0.738003 -0.498299 0)
(-0.727187 -0.51229 0)
(-0.711814 -0.513953 0)
(-0.671987 -0.466476 0)
(-0.0143122 0.415302 0)
(-0.0480653 0.43328 0)
(-0.0731857 0.456435 0)
(-0.0858417 0.489035 0)
(-0.0840151 0.529046 0)
(-0.0657286 0.574445 0)
(-0.0291841 0.621959 0)
(0.0254596 0.663396 0)
(0.0921685 0.685211 0)
(0.157883 0.673893 0)
(0.205739 0.623789 0)
(0.222633 0.542089 0)
(0.206682 0.443149 0)
(0.16669 0.336939 0)
(0.113025 0.22733 0)
(0.0494304 0.11264 0)
(-0.0280561 -0.00592694 0)
(-0.123059 -0.122828 0)
(-0.231701 -0.240104 0)
(-0.352095 -0.377356 0)
(-0.498403 -0.498548 0)
(-0.630824 -0.540958 0)
(-0.584907 -0.579495 0)
(-0.00328151 0.434915 0)
(-0.0175741 0.454433 0)
(-0.0275328 0.468498 0)
(-0.0283805 0.489062 0)
(-0.0183495 0.515336 0)
(0.00429911 0.545284 0)
(0.0409519 0.576245 0)
(0.0917704 0.603236 0)
(0.153502 0.618289 0)
(0.218125 0.612801 0)
(0.274466 0.581723 0)
(0.312494 0.526399 0)
(0.327675 0.452865 0)
(0.321661 0.366751 0)
(0.298754 0.271869 0)
(0.261861 0.170205 0)
(0.211238 0.0649895 0)
(0.147327 -0.0386691 0)
(0.0729624 -0.138249 0)
(-0.0074519 -0.238004 0)
(-0.0948567 -0.345272 0)
(-0.183021 -0.469387 0)
(-0.258213 -0.563377 0)
(0.00430541 0.43564 0)
(0.00425081 0.460436 0)
(0.00615463 0.467931 0)
(0.0150467 0.480035 0)
(0.0317815 0.496246 0)
(0.0576894 0.514762 0)
(0.0938385 0.533432 0)
(0.1405 0.549079 0)
(0.195992 0.556981 0)
(0.255769 0.551799 0)
(0.313023 0.52972 0)
(0.3608 0.489996 0)
(0.394399 0.434561 0)
(0.412177 0.366124 0)
(0.41451 0.287278 0)
(0.40225 0.200441 0)
(0.376115 0.108648 0)
(0.337494 0.0154847 0)
(0.28898 -0.0767507 0)
(0.232456 -0.169316 0)
(0.167186 -0.265798 0)
(0.0910451 -0.364788 0)
(0.00590229 -0.445923 0)
(0.00879599 0.424955 0)
(0.0181884 0.455213 0)
(0.0289335 0.457628 0)
(0.0451065 0.463638 0)
(0.0669311 0.47262 0)
(0.0952997 0.482924 0)
(0.130957 0.492785 0)
(0.174145 0.500021 0)
(0.224002 0.501745 0)
(0.278012 0.494677 0)
(0.33215 0.476134 0)
(0.381863 0.444863 0)
(0.423284 0.401137 0)
(0.453878 0.346054 0)
(0.47228 0.281136 0)
(0.477865 0.20824 0)
(0.470574 0.129662 0)
(0.451147 0.0478869 0)
(0.421019 -0.0352635 0)
(0.381182 -0.119362 0)
(0.330503 -0.204866 0)
(0.266568 -0.288883 0)
(0.189034 -0.360757 0)
(0.0109341 0.408346 0)
(0.0262742 0.441661 0)
(0.0432413 0.440441 0)
(0.0643278 0.441966 0)
(0.0895749 0.445742 0)
(0.119516 0.450223 0)
(0.154601 0.453888 0)
(0.194962 0.455134 0)
(0.240107 0.452097 0)
(0.288603 0.442733 0)
(0.33806 0.42523 0)
(0.385535 0.398446 0)
(0.428146 0.36208 0)
(0.463497 0.316486 0)
(0.489784 0.262503 0)
(0.505751 0.201382 0)
(0.5107 0.134739 0)
(0.50457 0.0643428 0)
(0.487812 -0.00824143 0)
(0.460807 -0.081813 0)
(0.422885 -0.155265 0)
(0.372469 -0.225631 0)
(0.309195 -0.286431 0)
(0.0117784 0.388519 0)
(0.0306864 0.422702 0)
(0.0516189 0.418885 0)
(0.0756261 0.41705 0)
(0.102775 0.417003 0)
(0.133359 0.417322 0)
(0.167594 0.416666 0)
(0.205482 0.413762 0)
(0.246664 0.407317 0)
(0.290253 0.396012 0)
(0.334769 0.378652 0)
(0.378297 0.354374 0)
(0.418771 0.322781 0)
(0.454245 0.283929 0)
(0.483037 0.23828 0)
(0.503791 0.186649 0)
(0.515548 0.130159 0)
(0.517791 0.0701093 0)
(0.510368 0.00784789 0)
(0.493239 -0.0552096 0)
(0.466055 -0.117399 0)
(0.427943 -0.175978 0)
(0.378557 -0.226387 0)
(0.0120451 0.36717 0)
(0.0329154 0.400602 0)
(0.056056 0.394872 0)
(0.0814789 0.390502 0)
(0.109314 0.387595 0)
(0.13971 0.384884 0)
(0.172735 0.381195 0)
(0.208285 0.375469 0)
(0.246035 0.36673 0)
(0.285357 0.354078 0)
(0.32527 0.336724 0)
(0.364489 0.314073 0)
(0.401551 0.285802 0)
(0.434975 0.251884 0)
(0.463374 0.212591 0)
(0.485537 0.168471 0)
(0.500494 0.120324 0)
(0.507569 0.0691362 0)
(0.506333 0.0160538 0)
(0.496518 -0.0375332 0)
(0.477877 -0.0898554 0)
(0.449906 -0.13841 0)
(0.41238 -0.179601 0)
(0.0120354 0.34531 0)
(0.0337754 0.376908 0)
(0.0578836 0.369743 0)
(0.0836855 0.363471 0)
(0.111341 0.358411 0)
(0.140916 0.353462 0)
(0.172402 0.347618 0)
(0.205644 0.339984 0)
(0.240324 0.32978 0)
(0.275941 0.316346 0)
(0.311783 0.299141 0)
(0.346946 0.277772 0)
(0.380385 0.25202 0)
(0.410999 0.221867 0)
(0.437709 0.187501 0)
(0.459517 0.149321 0)
(0.475566 0.107926 0)
(0.485179 0.0641001 0)
(0.487854 0.0188221 0)
(0.483235 -0.0266316 0)
(0.471106 -0.0705721 0)
(0.451125 -0.110728 0)
(0.423213 -0.144059 0)
(0.0118509 0.323528 0)
(0.0337141 0.352628 0)
(0.0579618 0.344392 0)
(0.0834699 0.336722 0)
(0.110382 0.330059 0)
(0.138711 0.323456 0)
(0.168424 0.316067 0)
(0.199359 0.307144 0)
(0.231216 0.296048 0)
(0.263569 0.282261 0)
(0.295863 0.265394 0)
(0.327421 0.245181 0)
(0.357475 0.221495 0)
(0.385207 0.194347 0)
(0.409795 0.163897 0)
(0.430452 0.130465 0)
(0.446465 0.0945317 0)
(0.457234 0.0567499 0)
(0.462277 0.0179731 0)
(0.461242 -0.0206517 0)
(0.453933 -0.0575848 0)
(0.440103 -0.0907901 0)
(0.419806 -0.117627 0)
(0.0115424 0.302203 0)
(0.0330322 0.328413 0)
(0.0568814 0.319386 0)
(0.0816694 0.310728 0)
(0.10749 0.302908 0)
(0.134317 0.295107 0)
(0.162123 0.286622 0)
(0.190764 0.276837 0)
(0.219977 0.265229 0)
(0.249397 0.251381 0)
(0.278571 0.234994 0)
(0.306968 0.215885 0)
(0.334002 0.193984 0)
(0.359051 0.169332 0)
(0.381489 0.142082 0)
(0.400706 0.112511 0)
(0.416129 0.0810314 0)
(0.427257 0.0482094 0)
(0.433671 0.0148028 0)
(0.435062 -0.0181602 0)
(0.431269 -0.0493028 0)
(0.42212 -0.07682 0)
(0.407768 -0.0984173 0)
(0.0111642 0.281562 0)
(0.0319743 0.304691 0)
(0.0550785 0.295093 0)
(0.0788726 0.285779 0)
(0.103389 0.27717 0)
(0.128578 0.268541 0)
(0.154423 0.259305 0)
(0.180812 0.248965 0)
(0.207527 0.237099 0)
(0.234263 0.223371 0)
(0.260646 0.207547 0)
(0.286248 0.189493 0)
(0.310605 0.169175 0)
(0.333233 0.146651 0)
(0.353648 0.122073 0)
(0.371374 0.095695 0)
(0.385961 0.0678845 0)
(0.397004 0.039148 0)
(0.404158 0.0101678 0)
(0.407171 -0.0181327 0)
(0.405929 -0.0445321 0)
(0.400322 -0.0674436 0)
(0.390568 -0.0848843 0)
(0.0107718 0.261713 0)
(0.0307346 0.281752 0)
(0.0528712 0.271768 0)
(0.0754898 0.262067 0)
(0.0985727 0.252967 0)
(0.12206 0.243808 0)
(0.145947 0.234095 0)
(0.170153 0.223429 0)
(0.194507 0.211478 0)
(0.218759 0.197979 0)
(0.242603 0.182747 0)
(0.265693 0.165684 0)
(0.287654 0.146776 0)
(0.308101 0.12609 0)
(0.326651 0.103776 0)
(0.342932 0.0800688 0)
(0.356589 0.0553067 0)
(0.3673 0.0299503 0)
(0.374794 0.00462004 0)
(0.378877 -0.0198538 0)
(0.37948 -0.0423911 0)
(0.376546 -0.0616038 0)
(0.370335 -0.075787 0)
(0.0103996 0.242688 0)
(0.0294361 0.259786 0)
(0.0504639 0.24959 0)
(0.0717873 0.239721 0)
(0.0933637 0.230368 0)
(0.115133 0.220914 0)
(0.137101 0.210939 0)
(0.159214 0.200124 0)
(0.18134 0.188213 0)
(0.203282 0.175005 0)
(0.224794 0.160362 0)
(0.245594 0.144212 0)
(0.265379 0.126555 0)
(0.283841 0.107462 0)
(0.300671 0.0870772 0)
(0.315575 0.0656217 0)
(0.328273 0.0434077 0)
(0.338514 0.0208589 0)
(0.346087 -0.00145789 0)
(0.350852 -0.0227973 0)
(0.352781 -0.0422032 0)
(0.35186 -0.0584654 0)
(0.348369 -0.0701238 0)
(0.0100494 0.224476 0)
(0.028123 0.238909 0)
(0.0479571 0.228682 0)
(0.0679145 0.218826 0)
(0.0879528 0.209402 0)
(0.108021 0.199837 0)
(0.128134 0.189765 0)
(0.148257 0.178936 0)
(0.168292 0.167156 0)
(0.188085 0.154278 0)
(0.207441 0.140203 0)
(0.226135 0.124883 0)
(0.243923 0.108331 0)
(0.260556 0.0906183 0)
(0.275787 0.0718823 0)
(0.289381 0.0523308 0)
(0.301118 0.0322537 0)
(0.310802 0.0120421 0)
(0.318274 -0.00778546 0)
(0.323439 -0.0265615 0)
(0.326301 -0.0434388 0)
(0.326878 -0.057363 0)
(0.325463 -0.067088 0)
(0.00969564 0.207074 0)
(0.0267802 0.219184 0)
(0.0453746 0.209114 0)
(0.0639356 0.199419 0)
(0.0824389 0.190066 0)
(0.100848 0.180524 0)
(0.119187 0.170483 0)
(0.137433 0.159743 0)
(0.155514 0.148163 0)
(0.173312 0.135639 0)
(0.190674 0.122105 0)
(0.207423 0.107537 0)
(0.223365 0.0919568 0)
(0.238301 0.0754373 0)
(0.252034 0.0581099 0)
(0.264377 0.0401691 0)
(0.275158 0.0218851 0)
(0.284225 0.00361931 0)
(0.291462 -0.014156 0)
(0.29681 -0.0308407 0)
(0.300297 -0.0456849 0)
(0.301963 -0.0577698 0)
(0.3021 -0.0660331 0)
(0.00930428 0.190508 0)
(0.0253663 0.200646 0)
(0.0427001 0.190912 0)
(0.0598665 0.181499 0)
(0.0768661 0.172323 0)
(0.0936794 0.162908 0)
(0.110334 0.15299 0)
(0.12682 0.142417 0)
(0.143083 0.131087 0)
(0.159033 0.118933 0)
(0.174553 0.105914 0)
(0.189505 0.0920262 0)
(0.203737 0.0773001 0)
(0.217093 0.0618114 0)
(0.229417 0.0456856 0)
(0.240563 0.029106 0)
(0.250396 0.0123242 0)
(0.258802 -0.00432514 0)
(0.265698 -0.0204135 0)
(0.271055 -0.0354001 0)
(0.274916 -0.0486186 0)
(0.277335 -0.0592668 0)
(0.278593 -0.0664374 0)
(0.0088492 0.174839 0)
(0.0238453 0.183322 0)
(0.0399122 0.174071 0)
(0.0557076 0.165034 0)
(0.0712538 0.156115 0)
(0.0865455 0.146901 0)
(0.101614 0.137178 0)
(0.116457 0.12683 0)
(0.131033 0.115788 0)
(0.145277 0.104011 0)
(0.159099 0.0914818 0)
(0.172393 0.0782106 0)
(0.185043 0.0642374 0)
(0.196927 0.0496396 0)
(0.207926 0.0345385 0)
(0.217925 0.0191071 0)
(0.226822 0.00358098 0)
(0.234534 -0.0117311 0)
(0.241006 -0.0264387 0)
(0.246228 -0.0400535 0)
(0.250255 -0.0519802 0)
(0.253149 -0.0615143 0)
(0.255169 -0.0678762 0)
(0.00832131 0.160153 0)
(0.0222045 0.167234 0)
(0.0370059 0.158568 0)
(0.0514661 0.149974 0)
(0.0656193 0.141369 0)
(0.0794689 0.132413 0)
(0.0930484 0.122937 0)
(0.10636 0.112856 0)
(0.119376 0.102128 0)
(0.132047 0.0907309 0)
(0.144307 0.0786671 0)
(0.156075 0.0659578 0)
(0.167265 0.0526506 0)
(0.177782 0.0388249 0)
(0.187537 0.0245984 0)
(0.196442 0.0101356 0)
(0.204422 -0.0043427 0)
(0.211418 -0.0185523 0)
(0.217399 -0.0321351 0)
(0.22237 -0.0446478 0)
(0.226391 -0.0555546 0)
(0.229528 -0.0642317 0)
(0.232017 -0.070002 0)
(0.00772859 0.146535 0)
(0.0204587 0.152405 0)
(0.0340007 0.144377 0)
(0.0471655 0.136263 0)
(0.0599873 0.128012 0)
(0.0724727 0.119354 0)
(0.0846557 0.110162 0)
(0.0965432 0.100377 0)
(0.108116 0.0899777 0)
(0.11934 0.0789599 0)
(0.130166 0.0673373 0)
(0.140535 0.0551417 0)
(0.150381 0.0424266 0)
(0.159635 0.0292732 0)
(0.168227 0.0157961 0)
(0.176094 0.00215191 0)
(0.183181 -0.0114523 0)
(0.189452 -0.024754 0)
(0.194891 -0.0374235 0)
(0.199517 -0.049055 0)
(0.203393 -0.0591625 0)
(0.206586 -0.0671873 0)
(0.209307 -0.0725334 0)
(0.00709078 0.134053 0)
(0.0186426 0.138852 0)
(0.0309357 0.131468 0)
(0.0428434 0.123849 0)
(0.0543911 0.115974 0)
(0.0655841 0.107639 0)
(0.0764561 0.0987542 0)
(0.0870171 0.0892837 0)
(0.0972563 0.0792203 0)
(0.107149 0.0685737 0)
(0.116662 0.0573678 0)
(0.125752 0.0456426 0)
(0.134369 0.0334567 0)
(0.14246 0.0208925 0)
(0.149973 0.00806166 0)
(0.156861 -0.00488657 0)
(0.163088 -0.0177594 0)
(0.168635 -0.0303128 0)
(0.1735 -0.0422413 0)
(0.17771 -0.0531709 0)
(0.181329 -0.0626568 0)
(0.184428 -0.0701928 0)
(0.187196 -0.075247 0)
(0.00643181 0.122745 0)
(0.0167987 0.126579 0)
(0.0278579 0.119815 0)
(0.0385435 0.112685 0)
(0.048868 0.105193 0)
(0.0588335 0.0971936 0)
(0.0684722 0.0886269 0)
(0.0777968 0.0794759 0)
(0.0868024 0.0697461 0)
(0.095474 0.0594569 0)
(0.103788 0.0486412 0)
(0.111713 0.037346 0)
(0.11921 0.025635 0)
(0.126237 0.0135913 0)
(0.132755 0.0013232 0)
(0.138728 -0.0110283 0)
(0.144135 -0.0232842 0)
(0.14897 -0.0352173 0)
(0.153241 -0.046543 0)
(0.156984 -0.0569143 0)
(0.160263 -0.0659211 0)
(0.163153 -0.0730997 0)
(0.165824 -0.0779692 0)
(0.00577241 0.112616 0)
(0.0149649 0.11558 0)
(0.024811 0.109392 0)
(0.0343072 0.102728 0)
(0.043455 0.0956137 0)
(0.0522523 0.0879487 0)
(0.0607295 0.0796991 0)
(0.0689005 0.0708625 0)
(0.0767656 0.0614541 0)
(0.0843168 0.0515018 0)
(0.0915387 0.0410463 0)
(0.0984076 0.030142 0)
(0.104891 0.0188581 0)
(0.110952 0.00727866 0)
(0.116557 -0.00449275 0)
(0.12168 -0.0163257 0)
(0.126311 -0.0280548 0)
(0.130453 -0.039468 0)
(0.134125 -0.0502998 0)
(0.137367 -0.0602267 0)
(0.140248 -0.0688678 0)
(0.142843 -0.075795 0)
(0.14531 -0.0805689 0)
(0.00512453 0.103648 0)
(0.0131671 0.105836 0)
(0.021828 0.100171 0)
(0.03017 0.0939413 0)
(0.0381873 0.0871847 0)
(0.0458744 0.0798411 0)
(0.0532581 0.0718963 0)
(0.0603528 0.0633587 0)
(0.0671629 0.054251 0)
(0.0736868 0.0446077 0)
(0.0799159 0.0344777 0)
(0.0858315 0.0239247 0)
(0.0914024 0.0130256 0)
(0.0965904 0.00186533 0)
(0.101362 -0.00946017 0)
(0.105699 -0.020834 0)
(0.109599 -0.0321046 0)
(0.113074 -0.0430754 0)
(0.116151 -0.053498 0)
(0.118876 -0.0630696 0)
(0.12132 -0.0714349 0)
(0.12356 -0.0781965 0)
(0.125746 -0.0829496 0)
(0.00448939 0.095811 0)
(0.0114175 0.0973187 0)
(0.0189322 0.0921187 0)
(0.0261638 0.0862804 0)
(0.0331031 0.0798531 0)
(0.03974 0.0728087 0)
(0.0460968 0.0651478 0)
(0.0521877 0.0568863 0)
(0.0580208 0.048051 0)
(0.0636011 0.0386823 0)
(0.0689273 0.0288379 0)
(0.0739844 0.0185946 0)
(0.0787372 0.00804244 0)
(0.0831378 -0.00273284 0)
(0.0871493 -0.0136489 0)
(0.0907577 -0.0246064 0)
(0.0939694 -0.0354697 0)
(0.0968055 -0.0460574 0)
(0.0993012 -0.0561366 0)
(0.101506 -0.0654228 0)
(0.103493 -0.0735832 0)
(0.105341 -0.0802479 0)
(0.107193 -0.0850428 0)
(0.00386001 0.0890705 0)
(0.00972253 0.0899865 0)
(0.0161471 0.0851895 0)
(0.0223274 0.0796925 0)
(0.0282518 0.0735595 0)
(0.0339041 0.0667871 0)
(0.0393009 0.0593857 0)
(0.0444556 0.0513733 0)
(0.0493805 0.0427782 0)
(0.0540887 0.0336441 0)
(0.0585887 0.0240392 0)
(0.0628713 0.0140604 0)
(0.0668908 0.00382173 0)
(0.0705781 -0.00659051 0)
(0.0738876 -0.0171194 0)
(0.0768132 -0.0276901 0)
(0.0793734 -0.0381852 0)
(0.0815999 -0.0484369 0)
(0.0835341 -0.0582255 0)
(0.0852289 -0.0672819 0)
(0.0867547 -0.0752933 0)
(0.0881932 -0.0819152 0)
(0.0896775 -0.0868017 0)
(0.00322831 0.0833925 0)
(0.00809634 0.083782 0)
(0.0135104 0.0793162 0)
(0.0187186 0.0741076 0)
(0.0237051 0.0682341 0)
(0.0284458 0.0617082 0)
(0.0329506 0.0545433 0)
(0.0372319 0.0467552 0)
(0.0413064 0.0383684 0)
(0.0451973 0.0294267 0)
(0.0489288 0.0200089 0)
(0.0525043 0.010243 0)
(0.0558599 0.00029066 0)
(0.0588868 -0.00976418 0)
(0.0615279 -0.0199145 0)
(0.063797 -0.0301202 0)
(0.0657327 -0.0402815 0)
(0.0673783 -0.0502402 0)
(0.0687791 -0.0597849 0)
(0.0699866 -0.0686579 0)
(0.0710664 -0.0765643 0)
(0.0720962 -0.0831834 0)
(0.0731988 -0.0881967 0)
(0.00259537 0.0787338 0)
(0.00657837 0.0786208 0)
(0.0110903 0.0744066 0)
(0.0154275 0.0694378 0)
(0.0195674 0.0637963 0)
(0.0234777 0.0574991 0)
(0.0271616 0.0505563 0)
(0.0306288 0.042976 0)
(0.0338983 0.0347734 0)
(0.0370036 0.0259845 0)
(0.0399934 0.016694 0)
(0.0429018 0.00707704 0)
(0.0456354 -0.00260471 0)
(0.0480183 -0.0122803 0)
(0.0499858 -0.0220485 0)
(0.0515992 -0.0319134 0)
(0.0529283 -0.0417831 0)
(0.0540257 -0.0514978 0)
(0.0549336 -0.0608461 0)
(0.0556945 -0.0695778 0)
(0.0563629 -0.0774135 0)
(0.0570066 -0.0840559 0)
(0.0577337 -0.0892141 0)
(0.00198497 0.0750177 0)
(0.00525421 0.074386 0)
(0.00900138 0.0703483 0)
(0.0125872 0.0655864 0)
(0.015983 0.0601633 0)
(0.0191527 0.0540889 0)
(0.0220928 0.0473656 0)
(0.0248057 0.0399919 0)
(0.027304 0.0319661 0)
(0.029624 0.0233016 0)
(0.031848 0.0140706 0)
(0.0340805 0.00450936 0)
(0.0361796 -0.00489701 0)
(0.037874 -0.0141222 0)
(0.0391075 -0.0234996 0)
(0.0400436 -0.0330699 0)
(0.0407873 -0.0427151 0)
(0.0413857 -0.0522516 0)
(0.0418633 -0.0614587 0)
(0.0422428 -0.0700898 0)
(0.0425596 -0.0778809 0)
(0.0428657 -0.0845583 0)
(0.0432487 -0.0898591 0)
(0.00148439 0.0720994 0)
(0.00429211 0.0709204 0)
(0.00742214 0.0670083 0)
(0.0103755 0.0624419 0)
(0.0131317 0.0572351 0)
(0.0156591 0.0513866 0)
(0.0179454 0.044896 0)
(0.0199745 0.0377545 0)
(0.0217319 0.0299404 0)
(0.0232302 0.0214246 0)
(0.0245811 0.0122209 0)
(0.0260385 0.00259456 0)
(0.0273533 -0.00652821 0)
(0.0282277 -0.0151969 0)
(0.0286146 -0.0242221 0)
(0.0288603 -0.0336058 0)
(0.0290768 -0.0431371 0)
(0.0292656 -0.0525841 0)
(0.029411 -0.0617119 0)
(0.0295056 -0.0702803 0)
(0.0295612 -0.0780429 0)
(0.0296092 -0.084751 0)
(0.0297129 -0.0901685 0)
(0.00133908 0.069669 0)
(0.00393978 0.0679169 0)
(0.00653746 0.0641248 0)
(0.00895004 0.0597574 0)
(0.0111759 0.0547694 0)
(0.0131857 0.0491649 0)
(0.0149468 0.0429563 0)
(0.0164072 0.0361423 0)
(0.0174956 0.0286948 0)
(0.0181457 0.0205467 0)
(0.0184332 0.011606 0)
(0.0188153 0.00194145 0)
(0.0186563 -0.007026 0)
(0.018521 -0.0152542 0)
(0.0180121 -0.0242024 0)
(0.017677 -0.033628 0)
(0.0175259 -0.0431991 0)
(0.017462 -0.0526511 0)
(0.0174171 -0.0617531 0)
(0.0173568 -0.0702834 0)
(0.0172731 -0.078019 0)
(0.0171789 -0.0847359 0)
(0.0171113 -0.0902222 0)
(0.00131649 0.0660083 0)
(0.00391645 0.0645074 0)
(0.00614628 0.0611467 0)
(0.00821411 0.0570929 0)
(0.0101303 0.0523825 0)
(0.0118557 0.0470831 0)
(0.0133314 0.0412475 0)
(0.0144697 0.0349078 0)
(0.0151394 0.0280671 0)
(0.015161 0.0206874 0)
(0.0143962 0.0126194 0)
(0.0130558 0.00320455 0)
(0.00830837 -0.00521066 0)
(0.00738241 -0.013603 0)
(0.00653399 -0.0232006 0)
(0.00610646 -0.0330636 0)
(0.00591522 -0.0428717 0)
(0.00582087 -0.0524336 0)
(0.00575565 -0.0615736 0)
(0.00568927 -0.0701088 0)
(0.0056111 -0.0778437 0)
(0.00552275 -0.0845738 0)
(0.00543485 -0.0901008 0)
(-0.0128399 -0.0505466 0)
(-0.0226694 -0.0343427 0)
(-0.111048 0.117093 0)
(-0.249539 0.313657 0)
(-0.342343 0.0660998 0)
(-0.386149 0.176387 0)
(-0.424867 0.285138 0)
(-0.435428 0.361205 0)
(-0.542469 0.121539 0)
(-0.537508 0.188795 0)
(-0.511064 0.22512 0)
(-0.463666 0.230921 0)
(-0.507845 0.0577252 0)
(-0.470412 0.0966777 0)
(-0.424863 0.107727 0)
(-0.375114 0.101007 0)
(-0.417284 -0.034165 0)
(-0.375061 -0.00379883 0)
(-0.335547 0.0153681 0)
(-0.301243 0.0238847 0)
(-0.413724 -0.093109 0)
(-0.371815 -0.0559808 0)
(-0.33498 -0.0265901 0)
(-0.309569 -0.00809138 0)
(-0.479529 -0.18028 0)
(-0.461485 -0.131409 0)
(-0.437665 -0.0885047 0)
(-0.410791 -0.0608529 0)
(-0.566935 -0.243405 0)
(-0.534057 -0.233822 0)
(-0.493186 -0.210011 0)
(-0.437512 -0.184225 0)
(-0.589939 -0.298308 0)
(-0.553094 -0.293594 0)
(-0.515818 -0.295105 0)
(-0.462813 -0.297338 0)
(-0.5972 -0.371664 0)
(-0.560312 -0.372147 0)
(-0.523004 -0.385047 0)
(-0.482896 -0.391693 0)
(-0.578925 -0.423373 0)
(-0.525041 -0.429651 0)
(-0.501966 -0.439638 0)
(-0.479717 -0.444352 0)
(-0.541294 -0.586273 0)
(-0.512413 -0.528157 0)
(-0.486684 -0.481689 0)
(-0.470473 -0.475369 0)
(-0.309041 -0.583668 0)
(-0.329054 -0.584466 0)
(-0.331636 -0.582578 0)
(-0.325992 -0.582026 0)
(-0.0582035 -0.475526 0)
(-0.0948182 -0.488079 0)
(-0.125389 -0.497299 0)
(-0.149772 -0.506133 0)
(0.128838 -0.398215 0)
(0.0914031 -0.418298 0)
(0.0557101 -0.435625 0)
(0.0221733 -0.449947 0)
(0.257854 -0.320373 0)
(0.223808 -0.340022 0)
(0.189229 -0.358648 0)
(0.154597 -0.375584 0)
(0.337093 -0.254982 0)
(0.30859 -0.271811 0)
(0.278655 -0.288385 0)
(0.247584 -0.304356 0)
(0.380057 -0.202446 0)
(0.357398 -0.21585 0)
(0.333156 -0.22936 0)
(0.307458 -0.242962 0)
(0.398647 -0.161777 0)
(0.381266 -0.172017 0)
(0.362463 -0.182501 0)
(0.342261 -0.193435 0)
(0.401556 -0.131124 0)
(0.388594 -0.13875 0)
(0.374462 -0.146654 0)
(0.359136 -0.155141 0)
(0.394557 -0.108582 0)
(0.38516 -0.114177 0)
(0.374841 -0.12003 0)
(0.363564 -0.126473 0)
(0.38133 -0.0925202 0)
(0.374757 -0.0965858 0)
(0.367475 -0.100866 0)
(0.359445 -0.10568 0)
(0.364202 -0.0815735 0)
(0.359835 -0.0845088 0)
(0.354933 -0.0876069 0)
(0.349452 -0.0911555 0)
(0.34464 -0.0745925 0)
(0.341971 -0.0767087 0)
(0.338901 -0.0789315 0)
(0.335385 -0.0815091 0)
(0.323566 -0.070621 0)
(0.322179 -0.0721592 0)
(0.320495 -0.0737431 0)
(0.318466 -0.0755805 0)
(0.301571 -0.0688881 0)
(0.301129 -0.0700306 0)
(0.30047 -0.0711533 0)
(0.299544 -0.0724275 0)
(0.279053 -0.0687881 0)
(0.279292 -0.0696675 0)
(0.279371 -0.0704593 0)
(0.279245 -0.0713045 0)
(0.256313 -0.0698496 0)
(0.257024 -0.0705591 0)
(0.257618 -0.0711149 0)
(0.258057 -0.0716331 0)
(0.233602 -0.0717043 0)
(0.234623 -0.072309 0)
(0.23556 -0.0726992 0)
(0.236381 -0.0729695 0)
(0.211141 -0.0740616 0)
(0.212346 -0.0746094 0)
(0.213492 -0.0748885 0)
(0.214557 -0.0749754 0)
(0.189132 -0.0766913 0)
(0.190421 -0.07722 0)
(0.191676 -0.0774343 0)
(0.192876 -0.0773931 0)
(0.167748 -0.0794113 0)
(0.169047 -0.0799545 0)
(0.170333 -0.0801457 0)
(0.171588 -0.0800269 0)
(0.147139 -0.0820798 0)
(0.148389 -0.0826691 0)
(0.149645 -0.082877 0)
(0.150895 -0.0827291 0)
(0.127416 -0.0845886 0)
(0.128574 -0.0852547 0)
(0.129757 -0.0855181 0)
(0.130955 -0.0853883 0)
(0.108657 -0.0868573 0)
(0.10969 -0.0876292 0)
(0.110766 -0.0879847 0)
(0.111877 -0.0879189 0)
(0.0909038 -0.0888264 0)
(0.0917876 -0.0897293 0)
(0.0927288 -0.0902102 0)
(0.0937216 -0.0902511 0)
(0.0741649 -0.0904523 0)
(0.0748807 -0.091505 0)
(0.0756644 -0.0921377 0)
(0.0765126 -0.0923217 0)
(0.0584284 -0.0917047 0)
(0.058964 -0.0929159 0)
(0.0595715 -0.093716 0)
(0.0602502 -0.0940687 0)
(0.0436767 -0.0925699 0)
(0.0440288 -0.0939345 0)
(0.044449 -0.0949025 0)
(0.0449387 -0.0954331 0)
(0.0299028 -0.0930606 0)
(0.0300834 -0.0945567 0)
(0.0303194 -0.0956737 0)
(0.0306133 -0.0963683 0)
(0.0171263 -0.0932356 0)
(0.0171703 -0.0948225 0)
(0.01725 -0.0960452 0)
(0.0173689 -0.0968606 0)
(0.00538909 -0.0931743 0)
(0.00536988 -0.0948123 0)
(0.00536292 -0.0961005 0)
(0.00536982 -0.0970012 0)
(-0.263742 0.44668 0)
(-0.22333 0.350691 0)
(-0.176105 0.330164 0)
(-0.111993 0.121824 0)
(-0.05264 -0.15731 0)
(-0.0435844 -0.271002 0)
(-0.0337286 -0.305739 0)
(-0.0162031 -0.260302 0)
(0.0569031 -0.121925 0)
(0.215713 -0.14208 0)
(0.283596 -0.301724 0)
(0.31025 -0.391717 0)
(0.358076 -0.373848 0)
(0.424124 -0.230885 0)
(0.467587 -0.0369975 0)
(0.482766 0.173098 0)
(0.420861 0.35008 0)
(0.289953 0.385085 0)
(0.217193 0.365291 0)
(-0.360536 0.361412 0)
(-0.259835 0.29877 0)
(-0.152747 0.257386 0)
(-0.0114225 0.0272399 0)
(0.0329755 -0.165517 0)
(0.00851207 -0.260457 0)
(0.00267283 -0.311695 0)
(0.0110112 -0.287623 0)
(0.0710551 -0.227868 0)
(0.168458 -0.256701 0)
(0.233393 -0.33755 0)
(0.245964 -0.413762 0)
(0.245231 -0.420568 0)
(0.292479 -0.261872 0)
(0.301532 -0.037091 0)
(0.264341 0.227938 0)
(0.226894 0.385479 0)
(0.199854 0.442513 0)
(0.201082 0.539423 0)
(-0.369286 0.204023 0)
(-0.237854 0.161375 0)
(-0.0885685 0.0877543 0)
(0.00605485 -0.0494993 0)
(0.0556354 -0.160197 0)
(0.0476446 -0.254434 0)
(0.0443941 -0.315708 0)
(0.057218 -0.305832 0)
(0.100202 -0.280042 0)
(0.162729 -0.309807 0)
(0.205156 -0.351169 0)
(0.16286 -0.415931 0)
(0.0861446 -0.444731 0)
(0.121599 -0.270891 0)
(0.101589 0.00661842 0)
(0.0580843 0.240761 0)
(0.0721963 0.363989 0)
(0.0545079 0.448225 0)
(0.107465 0.704084 0)
(-0.290452 0.0793619 0)
(-0.187891 0.0575145 0)
(-0.105503 0.00597702 0)
(-0.0373296 -0.0943727 0)
(0.0142922 -0.193062 0)
(0.0486553 -0.272969 0)
(0.0642189 -0.320891 0)
(0.0845005 -0.322107 0)
(0.131354 -0.314699 0)
(0.186215 -0.342721 0)
(0.218858 -0.321231 0)
(0.090746 -0.330148 0)
(-0.0561779 -0.440374 0)
(-0.0259276 -0.23679 0)
(-0.0643482 0.0437351 0)
(-0.0891091 0.242396 0)
(-0.0904436 0.358936 0)
(-0.121579 0.526991 0)
(-0.0316459 0.691553 0)
(-0.255945 0.0282495 0)
(-0.213338 0.0204702 0)
(-0.160839 -0.0542488 0)
(-0.0901805 -0.172074 0)
(-0.0307378 -0.243758 0)
(0.0172839 -0.299561 0)
(0.0600492 -0.336195 0)
(0.105219 -0.354986 0)
(0.175078 -0.359163 0)
(0.199361 -0.363309 0)
(0.113247 -0.20295 0)
(0.0699399 -0.172032 0)
(-0.0913018 -0.369812 0)
(-0.12056 -0.204944 0)
(-0.157117 0.0691211 0)
(-0.188943 0.253896 0)
(-0.226967 0.367398 0)
(-0.221829 0.450093 0)
(-0.0815666 0.418063 0)
(-0.285184 0.0048598 0)
(-0.252948 -0.0184464 0)
(-0.189327 -0.128386 0)
(-0.122317 -0.2211 0)
(-0.0588746 -0.278996 0)
(-0.00905054 -0.336867 0)
(0.0426502 -0.37778 0)
(0.114308 -0.44527 0)
(0.164303 -0.446181 0)
(0.17437 -0.313782 0)
(0.0922476 -0.144916 0)
(0.0272442 -0.149378 0)
(-0.102444 -0.253915 0)
(-0.171131 -0.132924 0)
(-0.203587 0.103778 0)
(-0.243354 0.286878 0)
(-0.237626 0.395136 0)
(-0.235099 0.462547 0)
(-0.0890006 0.432665 0)
(-0.346123 -0.0408328 0)
(-0.234078 -0.0881016 0)
(-0.168682 -0.17043 0)
(-0.115874 -0.257915 0)
(-0.0586621 -0.327362 0)
(-0.00799391 -0.394815 0)
(0.0372908 -0.456374 0)
(0.087496 -0.481393 0)
(0.0866105 -0.428183 0)
(0.0439594 -0.261127 0)
(-0.0399064 -0.0565242 0)
(-0.121575 -0.11818 0)
(-0.151231 -0.189555 0)
(-0.204248 -0.0764267 0)
(-0.240774 0.140197 0)
(-0.262298 0.283255 0)
(-0.245213 0.381191 0)
(-0.201507 0.244583 0)
(-0.131504 0.136163 0)
(-0.313184 -0.172795 0)
(-0.224013 -0.182187 0)
(-0.143358 -0.228723 0)
(-0.0931701 -0.317084 0)
(-0.0619719 -0.395392 0)
(-0.00551612 -0.451093 0)
(0.0341329 -0.480634 0)
(0.0356816 -0.4744 0)
(-0.0370621 -0.374613 0)
(-0.167524 -0.154896 0)
(-0.269167 0.0213125 0)
(-0.20634 -0.158992 0)
(-0.173549 -0.155869 0)
(-0.21502 -0.0396974 0)
(-0.239815 0.140054 0)
(-0.232431 0.272871 0)
(-0.336808 0.357096 0)
(-0.23258 0.319396 0)
(-0.162125 0.170322 0)
(-0.362847 -0.294608 0)
(-0.265868 -0.281632 0)
(-0.179197 -0.302039 0)
(-0.115018 -0.373492 0)
(-0.0612666 -0.435306 0)
(-0.0102726 -0.47818 0)
(0.00699648 -0.485216 0)
(-0.0422371 -0.441771 0)
(-0.240585 -0.250033 0)
(-0.449213 -0.0174557 0)
(-0.354807 -0.143592 0)
(-0.240302 -0.202204 0)
(-0.188905 -0.172236 0)
(-0.187181 -0.0683827 0)
(-0.195336 0.134766 0)
(-0.214172 0.473795 0)
(-0.319679 0.335193 0)
(-0.292662 0.174777 0)
(-0.104928 -0.151029 0)
(-0.412346 -0.384262 0)
(-0.322201 -0.358724 0)
(-0.224614 -0.351396 0)
(-0.122511 -0.406705 0)
(-0.06909 -0.472957 0)
(-0.0304797 -0.497137 0)
(-0.0434323 -0.446615 0)
(-0.217253 -0.327277 0)
(-0.527108 0.0026971 0)
(-0.439036 -0.0636531 0)
(-0.357489 -0.217098 0)
(-0.280742 -0.266438 0)
(-0.230343 -0.210154 0)
(-0.200574 -0.0826611 0)
(-0.192343 0.134647 0)
(-0.21744 0.54224 0)
(-0.245531 0.351171 0)
(-0.245144 0.0783032 0)
(-0.0478389 -0.292454 0)
(-0.435845 -0.441312 0)
(-0.36972 -0.423702 0)
(-0.274129 -0.435264 0)
(-0.157872 -0.478545 0)
(-0.115317 -0.503463 0)
(-0.108788 -0.493223 0)
(-0.26505 -0.288226 0)
(-0.387032 -0.0215077 0)
(-0.457348 0.0909588 0)
(-0.399246 -0.133583 0)
(-0.35783 -0.272654 0)
(-0.340713 -0.310818 0)
(-0.310219 -0.237197 0)
(-0.290634 -0.0725552 0)
(-0.302657 0.208415 0)
(-0.365036 0.517732 0)
(-0.279265 0.343077 0)
(-0.215231 -0.0283612 0)
(-0.0594548 -0.385708 0)
(-0.440154 -0.48005 0)
(-0.389173 -0.512725 0)
(-0.333007 -0.562659 0)
(-0.296509 -0.571527 0)
(-0.300686 -0.523812 0)
(-0.355962 -0.408863 0)
(-0.410935 -0.231447 0)
(-0.417291 -0.0609067 0)
(-0.382755 0.036889 0)
(-0.341386 -0.0953118 0)
(-0.394941 -0.320745 0)
(-0.432493 -0.32738 0)
(-0.435832 -0.224992 0)
(-0.422969 -0.0381574 0)
(-0.419399 0.247275 0)
(-0.498118 0.480654 0)
(-0.408375 0.276994 0)
(-0.272002 -0.169596 0)
(-0.101115 -0.503692 0)
(-0.31728 -0.57792 0)
(-0.30997 -0.563659 0)
(-0.31194 -0.557604 0)
(-0.332804 -0.535291 0)
(-0.370579 -0.471851 0)
(-0.419325 -0.360077 0)
(-0.446292 -0.222176 0)
(-0.435832 -0.0991432 0)
(-0.398767 -0.0382832 0)
(-0.375742 -0.0910794 0)
(-0.427706 -0.202866 0)
(-0.520895 -0.338014 0)
(-0.604632 -0.251573 0)
(-0.617416 -0.057821 0)
(-0.626291 0.2618 0)
(-0.712093 0.487642 0)
(-0.569456 0.160728 0)
(-0.385251 -0.369163 0)
(-0.129666 -0.680011 0)
(-0.180107 -0.517343 0)
(-0.211217 -0.523461 0)
(-0.248418 -0.519165 0)
(-0.295359 -0.491677 0)
(-0.346245 -0.428744 0)
(-0.390612 -0.33102 0)
(-0.419743 -0.217482 0)
(-0.422145 -0.115446 0)
(-0.402897 -0.056053 0)
(-0.399279 -0.0724855 0)
(-0.465701 -0.130697 0)
(-0.589212 -0.195256 0)
(-0.732772 -0.201674 0)
(-0.854608 -0.0295663 0)
(-0.888929 0.317217 0)
(-0.826613 0.3827 0)
(-0.646574 -0.00147881 0)
(-0.423865 -0.660223 0)
(-0.109298 -0.949541 0)
(-0.0298039 -0.46646 0)
(-0.0922293 -0.476347 0)
(-0.152446 -0.471001 0)
(-0.21311 -0.442231 0)
(-0.269888 -0.383723 0)
(-0.31493 -0.298948 0)
(-0.344408 -0.203244 0)
(-0.360106 -0.115524 0)
(-0.364166 -0.05243 0)
(-0.383289 -0.0326063 0)
(-0.447546 -0.0498778 0)
(-0.561693 -0.0660205 0)
(-0.701527 -0.0310278 0)
(-0.805359 0.0904145 0)
(-0.805535 0.259255 0)
(-0.701211 0.231498 0)
(-0.535467 -0.172558 0)
(-0.33008 -0.925326 0)
(-0.0822051 -1.16222 0)
(0.0971441 -0.398349 0)
(0.0226997 -0.413798 0)
(-0.0476779 -0.410943 0)
(-0.11426 -0.386126 0)
(-0.173463 -0.336089 0)
(-0.220062 -0.263924 0)
(-0.251841 -0.180635 0)
(-0.271988 -0.100467 0)
(-0.287494 -0.0346058 0)
(-0.312426 0.00598896 0)
(-0.363115 0.0194323 0)
(-0.443512 0.0229561 0)
(-0.53341 0.0490879 0)
(-0.585784 0.119204 0)
(-0.556187 0.189287 0)
(-0.45664 0.111208 0)
(-0.326068 -0.293867 0)
(-0.214265 -1.07427 0)
(-0.064297 -1.32537 0)
(0.193953 -0.327866 0)
(0.120547 -0.346524 0)
(0.0497244 -0.347528 0)
(-0.0165515 -0.32842 0)
(-0.0749796 -0.287688 0)
(-0.121875 -0.22779 0)
(-0.155595 -0.156071 0)
(-0.178344 -0.0825198 0)
(-0.195136 -0.0161738 0)
(-0.214217 0.0344073 0)
(-0.244877 0.0644866 0)
(-0.289173 0.0790342 0)
(-0.33314 0.0941602 0)
(-0.345756 0.120156 0)
(-0.3008 0.124926 0)
(-0.20802 0.0141784 0)
(-0.111517 -0.351489 0)
(-0.112493 -1.1096 0)
(-0.0390934 -1.45067 0)
(0.26193 -0.26426 0)
(0.196874 -0.283211 0)
(0.132114 -0.286994 0)
(0.070704 -0.273197 0)
(0.016078 -0.240777 0)
(-0.02873 -0.19153 0)
(-0.0620849 -0.130504 0)
(-0.0848067 -0.0647851 0)
(-0.0996403 -0.00200953 0)
(-0.110822 0.0501556 0)
(-0.123931 0.0861221 0)
(-0.140551 0.103712 0)
(-0.153013 0.107975 0)
(-0.143328 0.101643 0)
(-0.0959717 0.0631074 0)
(-0.0174095 -0.0663626 0)
(0.0654599 -0.379702 0)
(-0.0184085 -1.05309 0)
(0.000643318 -1.52327 0)
(0.305858 -0.211319 0)
(0.252087 -0.228487 0)
(0.196833 -0.233331 0)
(0.143256 -0.2234 0)
(0.0947503 -0.19769 0)
(0.0541167 -0.157338 0)
(0.0232003 -0.105918 0)
(0.00230734 -0.0487927 0)
(-0.00985026 0.00771128 0)
(-0.0153242 0.0563422 0)
(-0.0168681 0.0913216 0)
(-0.01637 0.107208 0)
(-0.0108352 0.102472 0)
(0.00860444 0.0752251 0)
(0.0500353 0.0107079 0)
(0.108427 -0.127289 0)
(0.167252 -0.399901 0)
(0.0706059 -0.922708 0)
(0.0412498 -1.52571 0)
(0.331208 -0.169501 0)
(0.288909 -0.183862 0)
(0.244183 -0.188417 0)
(0.199771 -0.180822 0)
(0.158752 -0.160071 0)
(0.12368 -0.126852 0)
(0.096508 -0.0837577 0)
(0.078201 -0.0349976 0)
(0.0685911 0.0140188 0)
(0.0664712 0.0568778 0)
(0.0706074 0.0875381 0)
(0.0792395 0.0995182 0)
(0.0925918 0.0882167 0)
(0.11366 0.0492557 0)
(0.145062 -0.028012 0)
(0.181813 -0.16687 0)
(0.210872 -0.407773 0)
(0.141296 -0.830708 0)
(0.0673781 -1.45532 0)
(0.342837 -0.137703 0)
(0.310801 -0.149032 0)
(0.276074 -0.152525 0)
(0.240803 -0.146081 0)
(0.207593 -0.128761 0)
(0.17866 -0.100993 0)
(0.155867 -0.0647517 0)
(0.140435 -0.0234503 0)
(0.132772 0.0182794 0)
(0.132351 0.0548231 0)
(0.138237 0.0802011 0)
(0.149006 0.0879549 0)
(0.163566 0.0723174 0)
(0.18177 0.0280193 0)
(0.203142 -0.0531085 0)
(0.222757 -0.186911 0)
(0.230262 -0.400876 0)
(0.183612 -0.754596 0)
(0.0790389 -1.35763 0)
(0.344562 -0.114305 0)
(0.321086 -0.122807 0)
(0.295048 -0.124922 0)
(0.26803 -0.11885 0)
(0.242131 -0.103771 0)
(0.219175 -0.0799982 0)
(0.200793 -0.0491261 0)
(0.188198 -0.0140081 0)
(0.181994 0.0213797 0)
(0.182057 0.0521075 0)
(0.187617 0.0725961 0)
(0.197385 0.0767656 0)
(0.209758 0.0586868 0)
(0.223268 0.0129558 0)
(0.236076 -0.0671638 0)
(0.243891 -0.193165 0)
(0.238657 -0.384712 0)
(0.205206 -0.682388 0)
(0.0944626 -1.2341 0)
(0.339174 -0.0976629 0)
(0.322555 -0.103705 0)
(0.303664 -0.104393 0)
(0.283622 -0.0982199 0)
(0.264065 -0.0845137 0)
(0.246432 -0.0635505 0)
(0.232067 -0.0366927 0)
(0.222036 -0.00639678 0)
(0.216941 0.0238865 0)
(0.216808 0.0498233 0)
(0.221047 0.0663514 0)
(0.228472 0.0678823 0)
(0.237396 0.0487899 0)
(0.245896 0.00378835 0)
(0.251723 -0.0730169 0)
(0.251122 -0.190651 0)
(0.237067 -0.364136 0)
(0.20502 -0.621694 0)
(0.112948 -1.08924 0)
(0.328658 -0.0863086 0)
(0.317397 -0.0902771 0)
(0.304178 -0.0896105 0)
(0.289777 -0.0830623 0)
(0.275436 -0.0701059 0)
(0.262256 -0.0510243 0)
(0.251297 -0.0270333 0)
(0.243428 -0.000300734 0)
(0.239169 0.0261357 0)
(0.238575 0.0484294 0)
(0.241171 0.0620381 0)
(0.245909 0.0619016 0)
(0.251212 0.0428187 0)
(0.255117 -0.000257739 0)
(0.255337 -0.0726713 0)
(0.248476 -0.18194 0)
(0.227684 -0.339628 0)
(0.193415 -0.564985 0)
(0.114376 -0.950449 0)
(0.31442 -0.0790121 0)
(0.307272 -0.0812549 0)
(0.298444 -0.0793493 0)
(0.288466 -0.072267 0)
(0.27826 -0.0596145 0)
(0.268647 -0.0417018 0)
(0.260437 -0.0196508 0)
(0.254306 0.00458689 0)
(0.250668 0.0282922 0)
(0.249564 0.0480153 0)
(0.250592 0.0596767 0)
(0.252843 0.058714 0)
(0.25491 0.040365 0)
(0.254966 -0.00011593 0)
(0.250797 -0.0676177 0)
(0.23922 -0.16846 0)
(0.213643 -0.311293 0)
(0.176413 -0.507921 0)
(0.105564 -0.822305 0)
(0.297487 -0.0747768 0)
(0.293442 -0.0755852 0)
(0.287947 -0.0725614 0)
(0.281359 -0.0648543 0)
(0.274346 -0.0521858 0)
(0.267507 -0.0349024 0)
(0.261446 -0.014066 0)
(0.256674 0.00853499 0)
(0.253503 0.0304251 0)
(0.251951 0.0484788 0)
(0.25167 0.0590098 0)
(0.251877 0.0578951 0)
(0.251337 0.0407874 0)
(0.248411 0.00328618 0)
(0.241014 -0.0590527 0)
(0.226081 -0.151413 0)
(0.197536 -0.279952 0)
(0.157902 -0.451326 0)
(0.0937787 -0.712174 0)
(0.278636 -0.0728102 0)
(0.276884 -0.0724212 0)
(0.273874 -0.0683911 0)
(0.269836 -0.0600105 0)
(0.265243 -0.0470989 0)
(0.260521 -0.030043 0)
(0.256113 -0.00986898 0)
(0.252398 0.0117569 0)
(0.249604 0.0325463 0)
(0.247728 0.0496368 0)
(0.24647 0.0596709 0)
(0.24516 0.0589048 0)
(0.242718 0.0433739 0)
(0.237682 0.00905085 0)
(0.228126 -0.0480409 0)
(0.211125 -0.13201 0)
(0.181288 -0.246903 0)
(0.140809 -0.396062 0)
(0.0829186 -0.614552 0)
(0.258482 -0.0724888 0)
(0.25838 -0.0710959 0)
(0.25719 -0.0661602 0)
(0.25504 -0.0570867 0)
(0.252259 -0.0437771 0)
(0.249143 -0.0266593 0)
(0.246007 -0.00674061 0)
(0.243134 0.0144014 0)
(0.240684 0.0346219 0)
(0.238646 0.0512716 0)
(0.236762 0.0612673 0)
(0.23446 0.0611909 0)
(0.230796 0.0474299 0)
(0.224452 0.0163432 0)
(0.213648 -0.0355481 0)
(0.195633 -0.111391 0)
(0.165725 -0.213583 0)
(0.125604 -0.343553 0)
(0.0736277 -0.528915 0)
(0.237522 -0.0733274 0)
(0.238572 -0.0710926 0)
(0.23869 -0.0653452 0)
(0.237927 -0.0555842 0)
(0.2365 -0.0417811 0)
(0.234609 -0.0244042 0)
(0.232478 -0.00445524 0)
(0.230311 0.0165501 0)
(0.228227 0.0365768 0)
(0.226206 0.0531484 0)
(0.224034 0.0634126 0)
(0.22122 0.0642353 0)
(0.216932 0.0523321 0)
(0.209962 0.0244499 0)
(0.198639 -0.0223797 0)
(0.180406 -0.0904716 0)
(0.151249 -0.181001 0)
(0.112407 -0.294367 0)
(0.0657503 -0.453004 0)
(0.216173 -0.0749527 0)
(0.217997 -0.0720188 0)
(0.219039 -0.0655539 0)
(0.219293 -0.0551348 0)
(0.218895 -0.0407934 0)
(0.217968 -0.0230368 0)
(0.216667 -0.00287098 0)
(0.215144 0.0182278 0)
(0.213482 0.0383075 0)
(0.211666 0.0550328 0)
(0.209513 0.0657496 0)
(0.206601 0.0675803 0)
(0.202177 0.0575545 0)
(0.195116 0.0328045 0)
(0.183817 -0.00914156 0)
(0.165914 -0.0699009 0)
(0.137991 -0.149795 0)
(0.100986 -0.248707 0)
(0.0590493 -0.385321 0)
(0.194784 -0.0770828 0)
(0.197101 -0.0735832 0)
(0.198793 -0.0665018 0)
(0.199806 -0.0554796 0)
(0.200217 -0.0405995 0)
(0.200091 -0.0224054 0)
(0.199529 -0.00191483 0)
(0.198637 0.019417 0)
(0.19748 0.0396989 0)
(0.196043 0.0567103 0)
(0.194174 0.0679729 0)
(0.191502 0.0708506 0)
(0.18733 0.0626834 0)
(0.180576 0.0409878 0)
(0.169683 0.00375759 0)
(0.152444 -0.0500774 0)
(0.125984 -0.12028 0)
(0.0910739 -0.206534 0)
(0.0533415 -0.324718 0)
(0.173646 -0.0795088 0)
(0.176257 -0.0755758 0)
(0.178406 -0.0679916 0)
(0.18001 -0.0564479 0)
(0.181098 -0.0410688 0)
(0.181689 -0.0224304 0)
(0.181835 -0.00156666 0)
(0.181604 0.020073 0)
(0.181041 0.0406376 0)
(0.180135 0.0579987 0)
(0.178767 0.0698376 0)
(0.176603 0.0737554 0)
(0.17298 0.067411 0)
(0.166827 0.048707 0)
(0.156601 0.0160601 0)
(0.140215 -0.0311983 0)
(0.115267 -0.0925368 0)
(0.0824968 -0.167658 0)
(0.0485597 -0.270169 0)
(0.152997 -0.0820792 0)
(0.155762 -0.0778497 0)
(0.15824 -0.0698936 0)
(0.160332 -0.0579381 0)
(0.162032 -0.0421359 0)
(0.163317 -0.0230878 0)
(0.164188 -0.00184552 0)
(0.164671 0.0201345 0)
(0.164788 0.0410204 0)
(0.164539 0.0587512 0)
(0.163835 0.0711537 0)
(0.162387 0.0760711 0)
(0.159554 0.0715024 0)
(0.154243 0.0557514 0)
(0.144884 0.0276146 0)
(0.129464 -0.0133244 0)
(0.105974 -0.0664937 0)
(0.0752529 -0.131837 0)
(0.0448487 -0.220781 0)
(0.133018 -0.0846847 0)
(0.13584 -0.0803043 0)
(0.138562 -0.0721272 0)
(0.141084 -0.0598988 0)
(0.143375 -0.0437841 0)
(0.145372 -0.0243954 0)
(0.14702 -0.00279893 0)
(0.14829 0.019532 0)
(0.149169 0.0407595 0)
(0.149664 0.0588572 0)
(0.14974 0.0717771 0)
(0.14917 0.077616 0)
(0.147342 0.0747504 0)
(0.143123 0.0619235 0)
(0.134861 0.0382862 0)
(0.120561 0.00352755 0)
(0.0984859 -0.041996 0)
(0.0697251 -0.098834 0)
(0.0428212 -0.175314 0)
(0.113834 -0.0872437 0)
(0.116636 -0.0828673 0)
(0.119537 -0.074641 0)
(0.122452 -0.0623096 0)
(0.125338 -0.0460281 0)
(0.128092 -0.0264002 0)
(0.130597 -0.00449476 0)
(0.132744 0.0181919 0)
(0.134459 0.0397869 0)
(0.135754 0.0582431 0)
(0.136681 0.0716028 0)
(0.137119 0.0782307 0)
(0.13651 0.0769306 0)
(0.133686 0.0669631 0)
(0.12689 0.0478391 0)
(0.114094 0.0191985 0)
(0.0937007 -0.0190989 0)
(0.0673605 -0.0685737 0)
(0.043703 -0.131821 0)
(0.0955158 -0.0896877 0)
(0.098225 -0.0854764 0)
(0.101235 -0.0773922 0)
(0.1045 -0.0651592 0)
(0.107978 -0.048896 0)
(0.111541 -0.0291672 0)
(0.114999 -0.00701918 0)
(0.118135 0.0160336 0)
(0.120765 0.0380495 0)
(0.122896 0.0568679 0)
(0.124711 0.0705576 0)
(0.126257 0.0777671 0)
(0.127062 0.0777868 0)
(0.125976 0.0704906 0)
(0.121197 0.0558136 0)
(0.110695 0.0331148 0)
(0.0931027 0.00137652 0)
(0.0701863 -0.0408532 0)
(0.0470884 -0.0870155 0)
(0.0780876 -0.0919481 0)
(0.0806178 -0.0880607 0)
(0.0836429 -0.0803214 0)
(0.0871731 -0.0684183 0)
(0.0911999 -0.0524048 0)
(0.0955939 -0.0327651 0)
(0.100102 -0.0104773 0)
(0.104365 0.0129551 0)
(0.108015 0.0354915 0)
(0.111018 0.0547029 0)
(0.113759 0.0685723 0)
(0.116533 0.076033 0)
(0.118894 0.0770931 0)
(0.119721 0.0721065 0)
(0.117473 0.0615165 0)
(0.110288 0.0441899 0)
(0.0968959 0.0184738 0)
(0.0764369 -0.0125848 0)
(0.0508737 -0.0388449 0)
(0.0615508 -0.0939481 0)
(0.0637949 -0.0905238 0)
(0.0666916 -0.0833267 0)
(0.0703274 -0.0720037 0)
(0.074763 -0.0565213 0)
(0.0799193 -0.0372364 0)
(0.085526 -0.0149841 0)
(0.0910733 0.00882554 0)
(0.0958856 0.0320537 0)
(0.0998438 0.0517301 0)
(0.103579 0.0656164 0)
(0.107545 0.0730279 0)
(0.11128 0.0748737 0)
(0.113946 0.0715936 0)
(0.114636 0.0640763 0)
(0.11185 0.051253 0)
(0.102697 0.0326948 0)
(0.083746 0.0171052 0)
(0.0561926 0.0135369 0)
(0.0459156 -0.0956015 0)
(0.04775 -0.0927348 0)
(0.0503208 -0.0862383 0)
(0.0537959 -0.0757318 0)
(0.0583389 -0.0610964 0)
(0.0639966 -0.0425276 0)
(0.0705945 -0.0206159 0)
(0.0775402 0.00350842 0)
(0.0836705 0.0277365 0)
(0.0886985 0.0480237 0)
(0.0935025 0.0617442 0)
(0.0985682 0.0690623 0)
(0.103314 0.0713455 0)
(0.107406 0.0690268 0)
(0.110775 0.063042 0)
(0.112656 0.0537875 0)
(0.108249 0.0446832 0)
(0.0936236 0.0477837 0)
(0.0646843 0.0712635 0)
(0.0312376 -0.0968165 0)
(0.032546 -0.0945196 0)
(0.0345587 -0.0887886 0)
(0.0374999 -0.0792506 0)
(0.0416371 -0.0657439 0)
(0.0472107 -0.0483257 0)
(0.0543338 -0.0272766 0)
(0.0625935 -0.00316114 0)
(0.0701607 0.0223976 0)
(0.0766833 0.0433806 0)
(0.0827838 0.0567092 0)
(0.0891828 0.0642221 0)
(0.0947455 0.0669432 0)
(0.0994405 0.0650453 0)
(0.10414 0.0590319 0)
(0.109536 0.0512148 0)
(0.111056 0.0511147 0)
(0.109735 0.0763758 0)
(0.0832856 0.148224 0)
(0.0176593 -0.0975296 0)
(0.0183754 -0.0957047 0)
(0.019619 -0.0906533 0)
(0.0216038 -0.0820517 0)
(0.0246296 -0.069773 0)
(0.0290969 -0.0538641 0)
(0.0355442 -0.0344571 0)
(0.0442455 -0.0115552 0)
(0.0529271 0.0145296 0)
(0.0632571 0.0353357 0)
(0.0716938 0.0486092 0)
(0.0800476 0.0574988 0)
(0.0864405 0.0617335 0)
(0.0910057 0.0606917 0)
(0.0952348 0.0541178 0)
(0.101886 0.0444042 0)
(0.106646 0.0445623 0)
(0.132414 0.0845328 0)
(0.115707 0.22638 0)
(0.00540725 -0.0978266 0)
(0.0055762 -0.09632 0)
(0.00595459 -0.0917301 0)
(0.00665094 -0.0838088 0)
(0.00783651 -0.072547 0)
(0.00980403 -0.0581925 0)
(0.013136 -0.041227 0)
(0.0188198 -0.0219502 0)
(0.0255281 0.00115187 0)
(0.0499674 0.0217073 0)
(0.0633751 0.0359412 0)
(0.0739663 0.0483672 0)
(0.0810047 0.0558427 0)
(0.0849996 0.0570316 0)
(0.087622 0.050769 0)
(0.091907 0.0364566 0)
(0.0920288 0.0246575 0)
(0.132201 0.0535671 0)
(0.159991 0.40929 0)
)
;

boundaryField
{
    leftWall
    {
        type            noSlip;
    }
    rightWall
    {
        type            noSlip;
    }
    lowerWall
    {
        type            noSlip;
    }
    atmosphere
    {
        type            pressureInletOutletVelocity;
        value           nonuniform List<vector> 
46
(
(0.00131649 0.0660083 0)
(0.00391645 0.0645074 0)
(0.00614628 0.0611467 0)
(0.00821411 0.0570929 0)
(0.0101303 0.0523825 0)
(0.0118557 0.0470831 0)
(0.0133314 0.0412475 0)
(0.0144697 0.0349078 0)
(0.0151394 0.0280671 0)
(0.015161 0.0206874 0)
(0.0143962 0.0126194 0)
(0.0130558 0.00320455 0)
(0 -0.00521066 0)
(0 -0.013603 0)
(0 -0.0232006 0)
(0 -0.0330636 0)
(0 -0.0428717 0)
(0 -0.0524336 0)
(0 -0.0615736 0)
(0 -0.0701088 0)
(0 -0.0778437 0)
(0 -0.0845738 0)
(0 -0.0901008 0)
(0 -0.0931743 0)
(0 -0.0948123 0)
(0 -0.0961005 0)
(0 -0.0970012 0)
(0 -0.0978266 0)
(0 -0.09632 0)
(0 -0.0917301 0)
(0 -0.0838088 0)
(0 -0.072547 0)
(0 -0.0581925 0)
(0 -0.041227 0)
(0 -0.0219502 0)
(0 0.00115187 0)
(0.0499674 0.0217073 0)
(0.0633751 0.0359412 0)
(0.0739663 0.0483672 0)
(0.0810047 0.0558427 0)
(0.0849996 0.0570316 0)
(0.087622 0.050769 0)
(0.091907 0.0364566 0)
(0.0920288 0.0246575 0)
(0.132201 0.0535671 0)
(0.159991 0.40929 0)
)
;
    }
    defaultFaces
    {
        type            empty;
    }
}


// ************************************************************************* //
