/*--------------------------------*- C++ -*----------------------------------*\
| =========                 |                                                 |
| \\      /  F ield         | OpenFOAM: The Open Source CFD Toolbox           |
|  \\    /   O peration     | Version:  v2012                                 |
|   \\  /    A nd           | Website:  www.openfoam.com                      |
|    \\/     M anipulation  |                                                 |
\*---------------------------------------------------------------------------*/
FoamFile
{
    version     2.0;
    format      ascii;
    class       surfaceScalarField;
    location    "0.45";
    object      phi;
}
// * * * * * * * * * * * * * * * * * * * * * * * * * * * * * * * * * * * * * //

dimensions      [0 3 -1 0 0 0 0];
oriented        oriented;


internalField   nonuniform List<scalar> 
4432
(
-5.29601e-06
5.29601e-06
-6.21057e-06
9.14564e-07
-3.57282e-06
-2.63775e-06
3.15967e-07
-3.88879e-06
4.46532e-06
-4.14935e-06
8.46104e-06
-3.99571e-06
1.21377e-05
-3.6767e-06
1.54598e-05
-3.32202e-06
1.84363e-05
-2.97651e-06
2.10827e-05
-2.64641e-06
2.34022e-05
-2.31947e-06
2.53736e-05
-1.97139e-06
2.69393e-05
-1.56571e-06
2.79844e-05
-1.04514e-06
2.82716e-05
-2.87239e-07
2.73646e-05
9.07015e-07
2.47775e-05
2.58711e-06
2.00074e-05
4.77014e-06
1.27692e-05
7.23824e-06
3.43227e-06
9.33689e-06
-6.71974e-06
1.0152e-05
-1.1962e-05
5.24222e-06
-1.1962e-05
-3.4772e-06
8.7732e-06
-2.53442e-06
-2.82129e-08
1.89733e-07
-5.3619e-06
3.7309e-06
-7.42996e-06
7.52689e-06
-7.94534e-06
1.12202e-05
-7.68899e-06
1.46653e-05
-7.1218e-06
1.78133e-05
-6.47e-06
2.06563e-05
-5.81956e-06
2.31951e-05
-5.18523e-06
2.5421e-05
-4.5453e-06
2.73047e-05
-3.85511e-06
2.8788e-05
-3.04903e-06
2.97768e-05
-2.03392e-06
3.01603e-05
-6.70731e-07
2.98023e-05
1.26499e-06
2.83788e-05
4.0106e-06
2.53925e-05
7.75646e-06
2.02149e-05
1.24158e-05
1.25122e-05
1.70396e-05
3.20229e-06
1.94619e-05
-3.02517e-06
1.14697e-05
-1.49871e-05
-1.41196e-06
1.01852e-05
1.81961e-07
-1.62213e-06
2.85784e-06
-8.03777e-06
6.1967e-06
-1.07688e-05
9.69496e-06
-1.14436e-05
1.30977e-05
-1.10918e-05
1.62886e-05
-1.03126e-05
1.9224e-05
-9.4054e-06
2.18906e-05
-8.48618e-06
2.42803e-05
-7.57493e-06
2.63764e-05
-6.64139e-06
2.8145e-05
-5.6237e-06
2.95284e-05
-4.43242e-06
3.04407e-05
-2.94629e-06
3.07731e-05
-1.00315e-06
3.04084e-05
1.62968e-06
2.91851e-05
5.23394e-06
2.68878e-05
1.00537e-05
2.3218e-05
1.60856e-05
1.78858e-05
2.23717e-05
1.10877e-05
2.626e-05
4.15497e-06
1.84025e-05
-1.08322e-05
4.32622e-07
9.75254e-06
2.35286e-06
-3.54237e-06
5.1493e-06
-1.08342e-05
8.33702e-06
-1.39566e-05
1.15846e-05
-1.46912e-05
1.47154e-05
-1.42226e-05
1.7654e-05
-1.32511e-05
2.03714e-05
-1.21228e-05
2.28542e-05
-1.09689e-05
2.50882e-05
-9.80898e-06
2.70508e-05
-8.60395e-06
2.87046e-05
-7.27754e-06
2.99932e-05
-5.72101e-06
3.08392e-05
-3.79231e-06
3.11485e-05
-1.31242e-06
3.08237e-05
1.9545e-06
2.97701e-05
6.28748e-06
2.78992e-05
1.19247e-05
2.51094e-05
1.88754e-05
2.12152e-05
2.62659e-05
1.59757e-05
3.14995e-05
8.97807e-06
2.54001e-05
-1.85409e-06
1.88985e-06
7.86269e-06
4.24156e-06
-5.89409e-06
7.18339e-06
-1.3776e-05
1.02812e-05
-1.70544e-05
1.33097e-05
-1.77197e-05
1.61811e-05
-1.70939e-05
1.88711e-05
-1.59412e-05
2.1371e-05
-1.46227e-05
2.36692e-05
-1.32672e-05
2.57474e-05
-1.18872e-05
2.75779e-05
-1.04345e-05
2.91214e-05
-8.82098e-06
3.03232e-05
-6.9228e-06
3.11142e-05
-4.58341e-06
3.14165e-05
-1.61472e-06
3.11558e-05
2.21523e-06
3.02771e-05
7.16615e-06
2.87539e-05
1.34479e-05
2.65707e-05
2.10587e-05
2.35892e-05
2.92475e-05
1.9359e-05
3.57297e-05
1.22982e-05
3.24609e-05
1.04441e-05
2.82569e-06
5.037e-06
5.84985e-06
-8.91825e-06
9.02817e-06
-1.69543e-05
1.20721e-05
-2.00983e-05
1.4891e-05
-2.05386e-05
1.75064e-05
-1.97093e-05
1.99518e-05
-1.83866e-05
2.22384e-05
-1.69093e-05
2.43562e-05
-1.5385e-05
2.62823e-05
-1.38133e-05
2.7985e-05
-1.21373e-05
2.94239e-05
-1.02598e-05
3.05469e-05
-8.0458e-06
3.1293e-05
-5.32953e-06
3.15996e-05
-1.92136e-06
3.14142e-05
2.40071e-06
3.07102e-05
7.87013e-06
2.94973e-05
1.46607e-05
2.78016e-05
2.27544e-05
2.55034e-05
3.15457e-05
2.20292e-05
3.92039e-05
1.50919e-05
3.93981e-05
2.5536e-05
3.50668e-06
1.53033e-06
7.28949e-06
-1.27011e-05
1.07588e-05
-2.04236e-05
1.37381e-05
-2.30776e-05
1.63272e-05
-2.31278e-05
1.86796e-05
-2.20617e-05
2.08846e-05
-2.05916e-05
2.29661e-05
-1.89907e-05
2.49113e-05
-1.73302e-05
2.66919e-05
-1.55938e-05
2.82726e-05
-1.3718e-05
2.96128e-05
-1.16e-05
3.0664e-05
-9.097e-06
3.1373e-05
-6.03852e-06
3.16917e-05
-2.24008e-06
3.15867e-05
2.50566e-06
3.10546e-05
8.40228e-06
3.01312e-05
1.55841e-05
2.8873e-05
2.40126e-05
2.71882e-05
3.32305e-05
2.44857e-05
4.19065e-05
1.79063e-05
4.59775e-05
4.34423e-05
4.14152e-06
-2.61118e-06
8.7486e-06
-1.73081e-05
1.2467e-05
-2.4142e-05
1.52915e-05
-2.59021e-05
1.75986e-05
-2.54349e-05
1.96777e-05
-2.41407e-05
2.16519e-05
-2.25658e-05
2.35425e-05
-2.08813e-05
2.53276e-05
-1.91154e-05
2.69719e-05
-1.72381e-05
2.84372e-05
-1.51832e-05
2.96842e-05
-1.2847e-05
3.06691e-05
-1.00819e-05
3.13463e-05
-6.71578e-06
3.16816e-05
-2.5754e-06
3.16586e-05
2.52869e-06
3.12927e-05
8.7682e-06
3.06425e-05
1.62343e-05
2.97989e-05
2.48562e-05
2.87286e-05
3.43007e-05
2.69661e-05
4.3669e-05
2.15645e-05
5.13792e-05
6.50067e-05
-6.9315e-06
6.9315e-06
-2.60482e-05
1.91166e-05
-5.2901e-05
2.68528e-05
-8.54734e-05
3.25724e-05
-0.000118685
3.32114e-05
-0.000146851
2.81664e-05
-0.000166928
2.00764e-05
-0.000179857
1.29297e-05
-0.000188075
8.21813e-06
-0.000192351
4.27541e-06
-0.0001915
-8.50497e-07
-0.000184174
-7.32607e-06
-0.000169429
-1.4745e-05
-0.000148079
-2.13506e-05
-0.000122755
-2.53239e-05
-9.50171e-05
-2.77378e-05
-6.29262e-05
-3.20908e-05
-2.59612e-05
-3.69649e-05
-2.59612e-05
-2.25422e-05
2.94737e-05
-5.41758e-05
5.07502e-05
-8.85997e-05
6.12767e-05
-0.000121189
6.51621e-05
-0.000147612
5.96345e-05
-0.000165869
4.64227e-05
-0.00017717
3.13774e-05
-0.000184424
2.01844e-05
-0.000189542
1.33359e-05
-0.000192334
7.06764e-06
-0.000191352
-1.83261e-06
-0.000184362
-1.43167e-05
-0.000169916
-2.91904e-05
-0.000148677
-4.25894e-05
-0.000123429
-5.05718e-05
-9.60733e-05
-5.50939e-05
-6.51489e-05
-6.30152e-05
-2.94919e-05
-7.26219e-05
-5.54531e-05
-2.77558e-05
5.72295e-05
-5.84504e-05
8.14447e-05
-8.84925e-05
9.13187e-05
-0.000115652
9.23212e-05
-0.000137979
8.19616e-05
-0.000154665
6.31091e-05
-0.000166261
4.29736e-05
-0.000174589
2.85124e-05
-0.0001812
1.99473e-05
-0.000185793
1.16601e-05
-0.0001866
-1.02508e-06
-0.000181373
-1.95445e-05
-0.000168416
-4.21471e-05
-0.000147961
-6.30446e-05
-0.000123157
-7.53756e-05
-9.65267e-05
-8.17241e-05
-6.68319e-05
-9.271e-05
-3.21286e-05
-0.000107325
-8.75818e-05
-2.71762e-05
8.44057e-05
-5.34359e-05
0.000107704
-7.87351e-05
0.000116618
-0.000103104
0.00011669
-0.000124553
0.000103411
-0.000141292
7.98478e-05
-0.000152965
5.46468e-05
-0.000161413
3.69603e-05
-0.000168697
2.72313e-05
-0.000174773
1.77356e-05
-0.000177862
2.06408e-06
-0.000175524
-2.18821e-05
-0.000165203
-5.2468e-05
-0.000146161
-8.20874e-05
-0.000122036
-9.95005e-05
-9.62236e-05
-0.000107536
-6.75717e-05
-0.000121362
-3.35459e-05
-0.000141351
-0.000121128
-2.38962e-05
0.000108302
-4.50225e-05
0.000128831
-6.60134e-05
0.000137609
-8.80884e-05
0.000138765
-0.000108188
0.00012351
-0.000123716
9.53763e-05
-0.000134214
6.51451e-05
-0.000141863
4.46086e-05
-0.000149098
3.4467e-05
-0.000156195
2.48325e-05
-0.000161721
7.58968e-06
-0.000163354
-2.02486e-05
-0.000157496
-5.83265e-05
-0.000141554
-9.80295e-05
-0.000119314
-0.00012174
-9.50327e-05
-0.000131817
-6.77126e-05
-0.000148682
-3.4436e-05
-0.000174628
-0.000155564
-1.98196e-05
0.000128121
-3.48624e-05
0.000143873
-5.07216e-05
0.000153468
-6.9385e-05
0.000157428
-8.64535e-05
0.000140579
-9.92919e-05
0.000108215
-0.000107881
7.37344e-05
-0.000114285
5.10125e-05
-0.000120618
4.08003e-05
-0.000127463
3.16774e-05
-0.000134312
1.4438e-05
-0.00013997
-1.45898e-05
-0.000140517
-5.77796e-05
-0.000130744
-0.000107803
-0.000113154
-0.00013933
-9.23069e-05
-0.000152664
-6.75521e-05
-0.000173437
-3.55791e-05
-0.000206601
-0.000191143
-1.54044e-05
0.000143526
-2.27999e-05
0.000151269
-3.20529e-05
0.000162721
-4.5528e-05
0.000170903
-5.75031e-05
0.000152554
-6.62585e-05
0.00011697
-7.27607e-05
8.02365e-05
-7.8061e-05
5.63129e-05
-8.28337e-05
4.5573e-05
-8.77686e-05
3.66123e-05
-9.35688e-05
2.02382e-05
-0.000101153
-7.00578e-06
-0.000108446
-5.04865e-05
-0.000108396
-0.000107853
-9.98563e-05
-0.00014787
-8.6282e-05
-0.000166238
-6.67412e-05
-0.000192977
-3.7612e-05
-0.00023573
-0.000228755
-1.00278e-05
0.000153553
-6.63665e-06
0.000147878
-8.56961e-06
0.000164654
-1.49787e-05
0.000177312
-1.96721e-05
0.000157247
-2.28151e-05
0.000120113
-2.67872e-05
8.42086e-05
-3.09845e-05
6.05102e-05
-3.3715e-05
4.83035e-05
-3.58229e-05
3.87203e-05
-3.82134e-05
2.26287e-05
-4.46281e-05
-5.91051e-07
-5.6843e-05
-3.82716e-05
-6.80719e-05
-9.66239e-05
-7.4734e-05
-0.000141208
-7.43332e-05
-0.000166639
-6.3743e-05
-0.000203568
-4.02866e-05
-0.000259186
-0.000269041
1.17991e-05
-1.44103e-05
2.44561e-05
-2.99651e-05
3.21741e-05
-3.186e-05
3.70029e-05
-3.07309e-05
4.081e-05
-2.9242e-05
4.43836e-05
-2.77144e-05
4.79291e-05
-2.61113e-05
5.14199e-05
-2.43721e-05
5.47638e-05
-2.24593e-05
5.78616e-05
-2.0336e-05
6.06273e-05
-1.79488e-05
6.29915e-05
-1.52113e-05
6.48828e-05
-1.19732e-05
6.62299e-05
-8.06284e-06
6.70059e-05
-3.35143e-06
6.72259e-05
2.30863e-06
6.69674e-05
9.02674e-06
6.6421e-05
1.67807e-05
6.59111e-05
2.53661e-05
6.56258e-05
3.45861e-05
6.53255e-05
4.39692e-05
6.41656e-05
5.25391e-05
6.31814e-05
6.59909e-05
2.01194e-05
-3.45297e-05
3.4302e-05
-4.41476e-05
3.85109e-05
-3.60689e-05
4.05812e-05
-3.28012e-05
4.28944e-05
-3.15552e-05
4.56816e-05
-3.05016e-05
4.8724e-05
-2.91537e-05
5.18115e-05
-2.74596e-05
5.47814e-05
-2.54292e-05
5.7504e-05
-2.30586e-05
5.98835e-05
-2.03283e-05
6.18762e-05
-1.72039e-05
6.34682e-05
-1.35651e-05
6.46515e-05
-9.24619e-06
6.54845e-05
-4.1844e-06
6.60435e-05
1.74966e-06
6.64078e-05
8.66237e-06
6.6771e-05
1.64175e-05
6.75692e-05
2.45679e-05
6.89362e-05
3.3219e-05
7.06123e-05
4.22931e-05
7.21506e-05
5.10008e-05
6.10509e-05
7.42811e-05
3.45078e-05
-6.90376e-05
4.18406e-05
-5.14804e-05
3.94323e-05
-3.36607e-05
3.96131e-05
-3.2982e-05
4.16571e-05
-3.35992e-05
4.44663e-05
-3.33108e-05
4.74887e-05
-3.2176e-05
5.05098e-05
-3.04807e-05
5.33817e-05
-2.83011e-05
5.59725e-05
-2.56494e-05
5.81659e-05
-2.25217e-05
5.98773e-05
-1.89153e-05
6.10547e-05
-1.47425e-05
6.18922e-05
-1.00837e-05
6.2674e-05
-4.96618e-06
6.34003e-05
1.02334e-06
6.42155e-05
7.84724e-06
6.54237e-05
1.52093e-05
6.75299e-05
2.24618e-05
7.02182e-05
3.05306e-05
7.28105e-05
3.97009e-05
7.52606e-05
4.85508e-05
5.66432e-05
7.96682e-05
2.70069e-05
-9.60444e-05
2.824e-05
-5.27135e-05
3.24528e-05
-3.78733e-05
3.65296e-05
-3.70589e-05
3.98747e-05
-3.69443e-05
4.27932e-05
-3.62293e-05
4.55933e-05
-3.4976e-05
4.83147e-05
-3.32022e-05
5.08652e-05
-3.08515e-05
5.31097e-05
-2.78939e-05
5.48903e-05
-2.43023e-05
5.59843e-05
-2.00094e-05
5.57329e-05
-1.44911e-05
5.5306e-05
-9.65685e-06
5.62214e-05
-5.88163e-06
5.75741e-05
-3.29361e-07
5.96769e-05
5.74451e-06
6.27421e-05
1.21441e-05
6.64877e-05
1.87161e-05
7.0391e-05
2.66274e-05
7.4439e-05
3.56529e-05
7.8996e-05
4.39938e-05
5.00382e-05
8.5601e-05
-1.41171e-05
-8.19272e-05
-6.36215e-06
-6.04683e-05
4.75943e-06
-4.89948e-05
1.33812e-05
-4.56806e-05
2.03956e-05
-4.39588e-05
2.62524e-05
-4.20861e-05
3.11036e-05
-3.98273e-05
3.51477e-05
-3.72462e-05
3.85682e-05
-3.42719e-05
4.14885e-05
-3.08142e-05
4.39772e-05
-2.67909e-05
4.60602e-05
-2.20924e-05
4.84498e-05
-1.68807e-05
5.02266e-05
-1.14337e-05
5.05787e-05
-6.2337e-06
5.13121e-05
-1.06276e-06
5.32196e-05
3.83708e-06
5.62631e-05
9.10056e-06
6.11617e-05
1.38176e-05
6.7514e-05
2.0275e-05
7.52014e-05
2.79655e-05
8.34201e-05
3.5775e-05
4.11092e-05
9.23492e-05
-1.39606e-05
-6.79666e-05
-7.54231e-06
-6.68865e-05
2.40274e-06
-5.89399e-05
1.07971e-05
-5.40749e-05
1.75201e-05
-5.06818e-05
2.30277e-05
-4.75935e-05
2.76547e-05
-4.44543e-05
3.15694e-05
-4.11607e-05
3.49047e-05
-3.76071e-05
3.77788e-05
-3.36881e-05
4.03001e-05
-2.93121e-05
4.26185e-05
-2.44107e-05
4.47532e-05
-1.90153e-05
4.67431e-05
-1.34236e-05
4.83811e-05
-7.87171e-06
4.99648e-05
-2.64644e-06
5.2085e-05
1.71696e-06
5.44808e-05
6.70482e-06
5.57293e-05
1.25692e-05
6.08329e-05
1.51714e-05
7.07383e-05
1.80601e-05
8.23564e-05
2.4157e-05
2.94488e-05
9.40168e-05
-3.9282e-06
-6.40384e-05
-1.11973e-06
-6.9695e-05
5.0679e-06
-6.51275e-05
1.14505e-05
-6.04575e-05
1.71498e-05
-5.63812e-05
2.21536e-05
-5.25973e-05
2.65772e-05
-4.88779e-05
3.0506e-05
-4.50895e-05
3.40191e-05
-4.11202e-05
3.72015e-05
-3.68705e-05
4.01484e-05
-3.2259e-05
4.29726e-05
-2.72349e-05
4.57759e-05
-2.18187e-05
4.85465e-05
-1.61942e-05
5.12112e-05
-1.05363e-05
5.36708e-05
-5.10597e-06
5.54276e-05
-3.97453e-08
5.74286e-05
4.70391e-06
6.15535e-05
8.44431e-06
6.74307e-05
9.29423e-06
7.68922e-05
8.59861e-06
8.35574e-05
1.74918e-05
2.10331e-05
9.19731e-05
-7.33548e-07
-6.33048e-05
2.26791e-06
-7.26964e-05
6.83578e-06
-6.96954e-05
1.17104e-05
-6.53322e-05
1.64334e-05
-6.11043e-05
2.09006e-05
-5.70645e-05
2.51092e-05
-5.30866e-05
2.90774e-05
-4.90577e-05
3.28386e-05
-4.48814e-05
3.64437e-05
-4.04756e-05
3.99611e-05
-3.57765e-05
4.34762e-05
-3.07501e-05
4.70742e-05
-2.54166e-05
5.07625e-05
-1.98825e-05
5.45189e-05
-1.42927e-05
5.82605e-05
-8.84744e-06
6.19707e-05
-3.74989e-06
6.58946e-05
7.80077e-07
7.02292e-05
4.10962e-06
7.37011e-05
5.82236e-06
7.49449e-05
7.35485e-06
8.09583e-05
1.14784e-05
1.32156e-05
8.87759e-05
8.52613e-07
-6.41574e-05
3.70344e-06
-7.55472e-05
7.18209e-06
-7.31741e-05
1.09808e-05
-6.9131e-05
1.49047e-05
-6.50281e-05
1.88567e-05
-6.10166e-05
2.27954e-05
-5.70253e-05
2.67074e-05
-5.29697e-05
3.06018e-05
-4.87758e-05
3.45086e-05
-4.43824e-05
3.8477e-05
-3.97449e-05
4.25704e-05
-3.48435e-05
4.68523e-05
-2.96985e-05
5.13542e-05
-2.43844e-05
5.60828e-05
-1.90212e-05
6.10131e-05
-1.37777e-05
6.612e-05
-8.85683e-06
7.14012e-05
-4.5011e-06
7.65552e-05
-1.04444e-06
8.0965e-05
1.41259e-06
8.47972e-05
3.52265e-06
9.02675e-05
6.00808e-06
7.57246e-06
9.59107e-05
1.63705e-06
-6.57945e-05
3.88837e-06
-7.77985e-05
6.49426e-06
-7.578e-05
9.48227e-06
-7.2119e-05
1.27535e-05
-6.82994e-05
1.62239e-05
-6.4487e-05
1.98438e-05
-6.06453e-05
2.35906e-05
-5.67165e-05
2.74644e-05
-5.26496e-05
3.14859e-05
-4.84039e-05
3.56933e-05
-4.39522e-05
4.01368e-05
-3.9287e-05
4.48677e-05
-3.44293e-05
4.99217e-05
-2.94382e-05
5.53112e-05
-2.44107e-05
6.10165e-05
-1.94831e-05
6.69829e-05
-1.48232e-05
7.31023e-05
-1.06206e-05
7.91245e-05
-7.0667e-06
8.47427e-05
-4.20561e-06
9.00235e-05
-1.75819e-06
9.54415e-05
5.90053e-07
2.47266e-06
0.000100541
1.74129e-06
-6.75357e-05
3.33778e-06
-7.9395e-05
5.26645e-06
-7.77086e-05
7.62524e-06
-7.44778e-05
1.03485e-05
-7.10226e-05
1.33661e-05
-6.75047e-05
1.66329e-05
-6.39122e-05
2.01273e-05
-6.02109e-05
2.38483e-05
-5.63707e-05
2.78133e-05
-5.23688e-05
3.20541e-05
-4.8193e-05
3.66126e-05
-4.38453e-05
4.15311e-05
-3.93477e-05
4.68412e-05
-3.47484e-05
5.25533e-05
-3.01228e-05
5.8645e-05
-2.55748e-05
6.50518e-05
-2.12301e-05
7.16542e-05
-1.72231e-05
7.82597e-05
-1.36722e-05
8.46626e-05
-1.06086e-05
9.08254e-05
-7.92101e-06
9.69204e-05
-5.50499e-06
-3.5165e-06
0.00010291
1.50264e-06
-6.90383e-05
2.53781e-06
-8.04301e-05
3.93512e-06
-7.91059e-05
5.78461e-06
-7.63273e-05
8.03271e-06
-7.32707e-05
1.06229e-05
-7.00949e-05
1.35188e-05
-6.6808e-05
1.67037e-05
-6.33959e-05
2.01788e-05
-5.98457e-05
2.39601e-05
-5.615e-05
2.80754e-05
-5.23082e-05
3.25598e-05
-4.83295e-05
3.74483e-05
-4.42362e-05
4.27668e-05
-4.00669e-05
4.85223e-05
-3.58783e-05
5.46926e-05
-3.17452e-05
6.12174e-05
-2.77549e-05
6.7992e-05
-2.39977e-05
7.48681e-05
-2.05485e-05
8.16967e-05
-1.74372e-05
8.84195e-05
-1.46439e-05
9.50948e-05
-1.21802e-05
-1.01609e-05
0.000101739
1.13722e-06
-7.01755e-05
1.76354e-06
-8.10564e-05
2.76255e-06
-8.01049e-05
4.20066e-06
-7.77654e-05
6.03765e-06
-7.51077e-05
8.23282e-06
-7.22901e-05
1.07606e-05
-6.93358e-05
1.36113e-05
-6.62465e-05
1.67888e-05
-6.30231e-05
2.03089e-05
-5.967e-05
2.41964e-05
-5.61956e-05
2.84808e-05
-5.26139e-05
3.31908e-05
-4.89462e-05
3.83469e-05
-4.5223e-05
4.39535e-05
-4.14849e-05
4.99903e-05
-3.7782e-05
5.64063e-05
-3.4171e-05
6.3117e-05
-3.07084e-05
7.00105e-05
-2.74421e-05
7.69767e-05
-2.44034e-05
8.39539e-05
-2.16211e-05
9.09459e-05
-1.91722e-05
-1.71813e-05
9.79663e-05
7.8302e-07
-7.09585e-05
1.15539e-06
-8.14289e-05
1.87339e-06
-8.08229e-05
2.98876e-06
-7.88808e-05
4.47998e-06
-7.65989e-05
6.32397e-06
-7.41341e-05
8.5074e-06
-7.15193e-05
1.10278e-05
-6.87669e-05
1.38929e-05
-6.58882e-05
1.71188e-05
-6.28958e-05
2.07277e-05
-5.98044e-05
2.47448e-05
-5.6631e-05
2.91937e-05
-5.33951e-05
3.40906e-05
-5.01199e-05
3.94378e-05
-4.68322e-05
4.52181e-05
-4.35623e-05
5.13901e-05
-4.0343e-05
5.78882e-05
-3.72066e-05
6.4629e-05
-3.4183e-05
7.15298e-05
-3.13042e-05
7.85346e-05
-2.86259e-05
8.56284e-05
-2.62659e-05
-2.43779e-05
9.28252e-05
5.12504e-07
-7.1471e-05
7.62002e-07
-8.16785e-05
1.29847e-06
-8.13595e-05
2.17308e-06
-7.97554e-05
3.38616e-06
-7.7812e-05
4.93265e-06
-7.56807e-05
6.81152e-06
-7.33982e-05
9.02799e-06
-7.09834e-05
1.15936e-05
-6.84538e-05
1.45253e-05
-6.58275e-05
1.78439e-05
-6.3123e-05
2.15714e-05
-6.03585e-05
2.57273e-05
-5.75511e-05
3.03246e-05
-5.47172e-05
3.53645e-05
-5.18721e-05
4.08328e-05
-4.90306e-05
4.6697e-05
-4.62072e-05
5.29069e-05
-4.34166e-05
5.94009e-05
-4.0677e-05
6.61173e-05
-3.80206e-05
7.30113e-05
-3.55199e-05
8.0068e-05
-3.33227e-05
-3.16172e-05
8.73074e-05
3.52222e-07
-7.18233e-05
5.76832e-07
-8.19032e-05
1.01222e-06
-8.17949e-05
1.71966e-06
-8.04629e-05
2.72119e-06
-7.88136e-05
4.02844e-06
-7.6988e-05
5.65185e-06
-7.50217e-05
7.604e-06
-7.29356e-05
9.90042e-06
-7.07503e-05
1.25595e-05
-6.84865e-05
1.56011e-05
-6.61647e-05
1.90452e-05
-6.38026e-05
2.29086e-05
-6.14146e-05
2.72021e-05
-5.90107e-05
3.19264e-05
-5.65964e-05
3.707e-05
-5.41742e-05
4.26078e-05
-5.1745e-05
4.85021e-05
-4.9311e-05
5.47079e-05
-4.68828e-05
6.11808e-05
-4.44935e-05
6.78893e-05
-4.22283e-05
7.48264e-05
-4.02598e-05
-3.88119e-05
8.20211e-05
2.97302e-07
-7.21207e-05
5.63031e-07
-8.2169e-05
9.59131e-07
-8.21911e-05
1.56226e-06
-8.10661e-05
2.41352e-06
-7.9665e-05
3.53872e-06
-7.81133e-05
4.95816e-06
-7.64412e-05
6.69091e-06
-7.46684e-05
8.7563e-06
-7.28156e-05
1.11742e-05
-7.09045e-05
1.39647e-05
-6.89552e-05
1.71463e-05
-6.69842e-05
2.07342e-05
-6.50025e-05
2.47375e-05
-6.3014e-05
2.91574e-05
-6.10162e-05
3.39847e-05
-5.90015e-05
3.92002e-05
-5.69605e-05
4.47761e-05
-5.4887e-05
5.06804e-05
-5.27871e-05
5.68832e-05
-5.06963e-05
6.33658e-05
-4.8711e-05
7.01324e-05
-4.70264e-05
-4.59004e-05
7.72208e-05
3.25233e-07
-7.2446e-05
6.71084e-07
-8.25149e-05
1.07222e-06
-8.25922e-05
1.62143e-06
-8.16154e-05
2.375e-06
-8.04186e-05
3.3696e-06
-7.9108e-05
4.63331e-06
-7.7705e-05
6.19039e-06
-7.62255e-05
8.06343e-06
-7.46886e-05
1.02739e-05
-7.31149e-05
1.28422e-05
-7.15234e-05
1.57861e-05
-6.99282e-05
1.912e-05
-6.83364e-05
2.28524e-05
-6.67464e-05
2.69846e-05
-6.51484e-05
3.15098e-05
-6.35268e-05
3.64136e-05
-6.18644e-05
4.1676e-05
-6.01494e-05
4.72749e-05
-5.8386e-05
5.31924e-05
-5.66138e-05
5.94218e-05
-5.49404e-05
6.59772e-05
-5.35819e-05
-5.28275e-05
7.29043e-05
4.09061e-07
-7.28551e-05
8.51186e-07
-8.29571e-05
1.28513e-06
-8.30262e-05
1.81761e-06
-8.2148e-05
2.51529e-06
-8.11164e-05
3.42215e-06
-8.00149e-05
4.57152e-06
-7.88543e-05
5.99133e-06
-7.76452e-05
7.70653e-06
-7.64038e-05
9.73995e-06
-7.51483e-05
1.21123e-05
-7.38957e-05
1.48413e-05
-7.26573e-05
1.79408e-05
-7.14359e-05
2.14192e-05
-7.02247e-05
2.52782e-05
-6.90074e-05
2.95132e-05
-6.77618e-05
3.41136e-05
-6.64648e-05
3.90652e-05
-6.5101e-05
4.43539e-05
-6.36747e-05
4.99711e-05
-6.22309e-05
5.59197e-05
-6.08891e-05
6.22227e-05
-5.98848e-05
-5.95349e-05
6.893e-05
5.23529e-07
-7.33787e-05
1.05949e-06
-8.34931e-05
1.53933e-06
-8.35061e-05
2.07955e-06
-8.26882e-05
2.75192e-06
-8.17888e-05
3.60401e-06
-8.0867e-05
4.67184e-06
-7.99221e-05
5.98534e-06
-7.89586e-05
7.57078e-06
-7.79891e-05
9.45179e-06
-7.70293e-05
1.16493e-05
-7.60933e-05
1.41812e-05
-7.51891e-05
1.70609e-05
-7.43156e-05
2.0297e-05
-7.34607e-05
2.38921e-05
-7.26026e-05
2.78433e-05
-7.1713e-05
3.21429e-05
-7.07646e-05
3.67813e-05
-6.97394e-05
4.175e-05
-6.86435e-05
4.70477e-05
-6.75286e-05
5.26847e-05
-6.65262e-05
5.86898e-05
-6.589e-05
-6.59596e-05
6.51146e-05
6.46969e-07
-7.40256e-05
1.26078e-06
-8.4107e-05
1.78783e-06
-8.40333e-05
2.34899e-06
-8.32495e-05
3.01604e-06
-8.24559e-05
3.83661e-06
-8.16875e-05
4.84693e-06
-8.09323e-05
6.07725e-06
-8.01889e-05
7.55405e-06
-7.94659e-05
9.30104e-06
-7.87763e-05
1.13391e-05
-7.81314e-05
1.3686e-05
-7.7536e-05
1.63553e-05
-7.69848e-05
1.93556e-05
-7.64611e-05
2.26907e-05
-7.59377e-05
2.6359e-05
-7.53814e-05
3.03553e-05
-7.47609e-05
3.46729e-05
-7.4057e-05
3.93079e-05
-7.32785e-05
4.42636e-05
-7.24844e-05
4.95559e-05
-7.18185e-05
5.52173e-05
-7.15514e-05
-7.20403e-05
6.1298e-05
7.61924e-07
-7.47876e-05
1.42929e-06
-8.47745e-05
1.99638e-06
-8.46005e-05
2.58255e-06
-8.38357e-05
3.25515e-06
-8.31284e-05
4.05874e-06
-8.2491e-05
5.02762e-06
-8.19011e-05
6.19073e-06
-8.1352e-05
7.57365e-06
-8.08489e-05
9.19942e-06
-8.04022e-05
1.10884e-05
-8.00204e-05
1.3258e-05
-7.97055e-05
1.57216e-05
-7.94485e-05
1.84886e-05
-7.92281e-05
2.15634e-05
-7.90125e-05
2.49459e-05
-7.8764e-05
2.86327e-05
-7.84477e-05
3.26193e-05
-7.80437e-05
3.69047e-05
-7.7564e-05
4.14959e-05
-7.70757e-05
4.64124e-05
-7.6735e-05
5.16888e-05
-7.68278e-05
-7.77239e-05
5.73724e-05
8.55619e-07
-7.56433e-05
1.54899e-06
-8.54679e-05
2.14356e-06
-8.51951e-05
2.75189e-06
-8.4444e-05
3.43351e-06
-8.381e-05
4.22748e-06
-8.32849e-05
5.16432e-06
-8.2838e-05
6.27023e-06
-8.2458e-05
7.56886e-06
-8.21476e-05
9.08169e-06
-8.19151e-05
1.0828e-05
-8.17668e-05
1.28245e-05
-8.17019e-05
1.50845e-05
-8.17085e-05
1.76178e-05
-8.17615e-05
2.04297e-05
-8.18245e-05
2.35214e-05
-8.18558e-05
2.68908e-05
-8.18171e-05
3.05354e-05
-8.16883e-05
3.44562e-05
-8.14849e-05
3.8663e-05
-8.12825e-05
4.31778e-05
-8.12498e-05
4.80372e-05
-8.16872e-05
-8.29722e-05
5.32855e-05
9.21022e-07
-7.65644e-05
1.61362e-06
-8.61606e-05
2.21976e-06
-8.58012e-05
2.84238e-06
-8.50666e-05
3.53089e-06
-8.44984e-05
4.31705e-06
-8.40711e-05
5.22609e-06
-8.37471e-05
6.28028e-06
-8.35123e-05
7.50026e-06
-8.33677e-05
8.9052e-06
-8.332e-05
1.05126e-05
-8.33742e-05
1.23382e-05
-8.35275e-05
1.4395e-05
-8.37653e-05
1.66929e-05
-8.40595e-05
1.92384e-05
-8.437e-05
2.20336e-05
-8.4651e-05
2.50779e-05
-8.48615e-05
2.83705e-05
-8.49809e-05
3.19141e-05
-8.50286e-05
3.57208e-05
-8.50891e-05
3.98154e-05
-8.53444e-05
4.42368e-05
-8.61087e-05
-8.77631e-05
4.90276e-05
9.5797e-07
-7.75224e-05
1.6252e-06
-8.68278e-05
2.22506e-06
-8.6401e-05
2.85065e-06
-8.56921e-05
3.54004e-06
-8.51878e-05
4.31634e-06
-8.48474e-05
5.19821e-06
-8.46291e-05
6.20296e-06
-8.45172e-05
7.34729e-06
-8.45122e-05
8.64732e-06
-8.46201e-05
1.01183e-05
-8.48452e-05
1.17742e-05
-8.51834e-05
1.36276e-05
-8.56187e-05
1.56884e-05
-8.61204e-05
1.79639e-05
-8.66456e-05
2.04576e-05
-8.71447e-05
2.31703e-05
-8.75742e-05
2.61026e-05
-8.79133e-05
2.92595e-05
-8.81855e-05
3.26551e-05
-8.84847e-05
3.63177e-05
-8.9007e-05
4.02898e-05
-9.00808e-05
-9.20887e-05
4.46154e-05
9.72871e-07
-7.84953e-05
1.59102e-06
-8.74459e-05
2.16573e-06
-8.69757e-05
2.78122e-06
-8.63075e-05
3.46345e-06
-8.58699e-05
4.22567e-06
-8.56096e-05
5.07888e-06
-8.54824e-05
6.03451e-06
-8.54729e-05
7.10466e-06
-8.55823e-05
8.30178e-06
-8.58172e-05
9.6382e-06
-8.61816e-05
1.11259e-05
-8.66712e-05
1.27762e-05
-8.7269e-05
1.45991e-05
-8.79433e-05
1.66023e-05
-8.86488e-05
1.87907e-05
-8.93331e-05
2.11668e-05
-8.99503e-05
2.37332e-05
-9.04797e-05
2.64967e-05
-9.0949e-05
2.94744e-05
-9.14623e-05
3.26983e-05
-9.2231e-05
3.62165e-05
-9.3599e-05
-9.5951e-05
4.00788e-05
9.75791e-07
-7.94711e-05
1.51959e-06
-8.79897e-05
2.0503e-06
-8.75063e-05
2.64299e-06
-8.69001e-05
3.31001e-06
-8.65369e-05
4.05337e-06
-8.6353e-05
4.87557e-06
-8.63046e-05
5.78157e-06
-8.6379e-05
6.77846e-06
-8.65792e-05
7.87454e-06
-8.69132e-05
9.07883e-06
-8.73858e-05
1.04007e-05
-8.7993e-05
1.18498e-05
-8.87181e-05
1.34355e-05
-8.9529e-05
1.5166e-05
-9.03793e-05
1.70475e-05
-9.12147e-05
1.90845e-05
-9.19874e-05
2.12815e-05
-9.26768e-05
2.3648e-05
-9.33155e-05
2.62035e-05
-9.40179e-05
2.89851e-05
-9.50126e-05
3.20478e-05
-9.66618e-05
-9.93548e-05
3.54517e-05
9.75016e-07
-8.0446e-05
1.41655e-06
-8.84312e-05
1.8867e-06
-8.79764e-05
2.44675e-06
-8.746e-05
3.0923e-06
-8.71823e-05
3.81276e-06
-8.70734e-05
4.60168e-06
-8.70935e-05
5.45749e-06
-8.72348e-05
6.38215e-06
-8.75039e-05
7.37971e-06
-8.79108e-05
8.45545e-06
-8.84615e-05
9.61569e-06
-8.91532e-05
1.08677e-05
-8.99701e-05
1.22198e-05
-9.08811e-05
1.36801e-05
-9.18397e-05
1.52562e-05
-9.27909e-05
1.69545e-05
-9.36857e-05
1.87818e-05
-9.45042e-05
2.07497e-05
-9.52834e-05
2.28809e-05
-9.61492e-05
2.5217e-05
-9.73488e-05
2.78212e-05
-9.9266e-05
-0.0001023
3.0767e-05
9.71789e-07
-8.14178e-05
1.28293e-06
-8.87424e-05
1.68204e-06
-8.83754e-05
2.20449e-06
-8.79823e-05
2.82508e-06
-8.78028e-05
3.51987e-06
-8.77681e-05
4.27374e-06
-8.78473e-05
5.07907e-06
-8.80401e-05
5.93306e-06
-8.83578e-05
6.83559e-06
-8.88133e-05
7.78807e-06
-8.9414e-05
8.79326e-06
-9.01584e-05
9.85553e-06
-9.10324e-05
1.09812e-05
-9.20068e-05
1.21781e-05
-9.30367e-05
1.34545e-05
-9.40674e-05
1.48188e-05
-9.505e-05
1.62798e-05
-9.59652e-05
1.7851e-05
-9.68546e-05
1.95572e-05
-9.78555e-05
2.14434e-05
-9.9235e-05
2.35803e-05
-0.000101403
-0.000104777
2.60566e-05
9.57034e-07
-8.23749e-05
1.11719e-06
-8.89025e-05
1.44471e-06
-8.87029e-05
1.93e-06
-8.84674e-05
2.52462e-06
-8.83973e-05
3.19183e-06
-8.84352e-05
3.90908e-06
-8.85645e-05
4.66378e-06
-8.87947e-05
5.44915e-06
-8.91432e-05
6.26125e-06
-8.96254e-05
7.09763e-06
-9.02504e-05
7.95718e-06
-9.10179e-05
8.84079e-06
-9.1916e-05
9.75216e-06
-9.29182e-05
1.06979e-05
-9.39824e-05
1.16865e-05
-9.50561e-05
1.27277e-05
-9.60912e-05
1.38318e-05
-9.70693e-05
1.50129e-05
-9.80359e-05
1.62961e-05
-9.91387e-05
1.77269e-05
-0.000100666
1.93801e-05
-0.000103056
-0.000106755
2.13587e-05
9.17457e-07
-8.32924e-05
9.20424e-07
-8.89055e-05
1.18688e-06
-8.89693e-05
1.6393e-06
-8.89198e-05
2.20789e-06
-8.89658e-05
2.84542e-06
-8.90727e-05
3.52399e-06
-8.92431e-05
4.22764e-06
-8.94983e-05
4.94658e-06
-8.98621e-05
5.67367e-06
-9.03525e-05
6.40285e-06
-9.09796e-05
7.12911e-06
-9.17442e-05
7.84947e-06
-9.26364e-05
8.56435e-06
-9.36331e-05
9.27822e-06
-9.46963e-05
9.99902e-06
-9.5777e-05
1.07366e-05
-9.68288e-05
1.15018e-05
-9.78345e-05
1.23077e-05
-9.88419e-05
1.31764e-05
-0.000100007
1.41487e-05
-0.000101638
1.52978e-05
-0.000104205
-0.000108193
1.67355e-05
8.45549e-07
-8.41379e-05
7.01552e-07
-8.87615e-05
9.25086e-07
-8.91927e-05
1.34947e-06
-8.93441e-05
1.89092e-06
-8.95072e-05
2.49538e-06
-8.96771e-05
3.13213e-06
-8.98798e-05
3.78354e-06
-9.01497e-05
4.43797e-06
-9.05165e-05
5.08585e-06
-9.10004e-05
5.71803e-06
-9.16118e-05
6.32593e-06
-9.23521e-05
6.9027e-06
-9.32132e-05
7.44503e-06
-9.41754e-05
7.95438e-06
-9.52057e-05
8.43681e-06
-9.62594e-05
8.90128e-06
-9.72933e-05
9.35746e-06
-9.82907e-05
9.8156e-06
-9.93001e-05
1.02907e-05
-0.000100483
1.08128e-05
-0.00010216
1.14431e-05
-0.000104835
-0.000109042
1.22923e-05
7.4386e-07
-8.48818e-05
4.77887e-07
-8.84955e-05
6.76975e-07
-8.93918e-05
1.07544e-06
-8.97425e-05
1.58658e-06
-9.00183e-05
2.15294e-06
-9.02434e-05
2.74345e-06
-9.04702e-05
3.3405e-06
-9.07467e-05
3.93174e-06
-9.11078e-05
4.50606e-06
-9.15748e-05
5.05207e-06
-9.21579e-05
5.55833e-06
-9.28583e-05
6.01456e-06
-9.36694e-05
6.41366e-06
-9.45745e-05
6.75339e-06
-9.55453e-05
7.03681e-06
-9.65427e-05
7.27076e-06
-9.75272e-05
7.46262e-06
-9.84826e-05
7.61785e-06
-9.94554e-05
7.7409e-06
-0.000100606
7.84318e-06
-0.000102262
7.96211e-06
-0.000104954
-0.00010927
8.19024e-06
6.25419e-07
-8.55072e-05
2.66913e-07
-8.8137e-05
4.54431e-07
-8.95792e-05
8.25952e-07
-9.0114e-05
1.30216e-06
-9.04944e-05
1.8245e-06
-9.07656e-05
2.36375e-06
-9.10094e-05
2.90375e-06
-9.12868e-05
3.43253e-06
-9.16367e-05
3.93843e-06
-9.20808e-05
4.40888e-06
-9.26283e-05
4.83062e-06
-9.328e-05
5.19087e-06
-9.40296e-05
5.47924e-06
-9.48628e-05
5.68974e-06
-9.57558e-05
5.82192e-06
-9.66749e-05
5.87977e-06
-9.7585e-05
5.86778e-06
-9.84706e-05
5.78564e-06
-9.93732e-05
5.62477e-06
-0.000100445
5.37171e-06
-0.000102009
5.02654e-06
-0.000104609
-0.000108886
4.64255e-06
4.98201e-07
-8.60054e-05
8.19199e-08
-8.77206e-05
2.56384e-07
-8.97537e-05
5.98311e-07
-9.04559e-05
1.03725e-06
-9.09333e-05
1.51123e-06
-9.12396e-05
1.99511e-06
-9.14933e-05
2.47573e-06
-9.17674e-05
2.94254e-06
-9.21035e-05
3.38436e-06
-9.25226e-05
3.78861e-06
-9.30326e-05
4.14152e-06
-9.36329e-05
4.42912e-06
-9.43171e-05
4.63902e-06
-9.50727e-05
4.76246e-06
-9.58791e-05
4.79592e-06
-9.67083e-05
4.74066e-06
-9.75297e-05
4.59834e-06
-9.83283e-05
4.3634e-06
-9.91382e-05
4.01451e-06
-0.000100096
3.51101e-06
-0.000101506
2.80578e-06
-0.000103904
-0.000107971
1.89068e-06
2.72478e-07
-8.62779e-05
-1.05006e-07
-8.73431e-05
2.65351e-08
-8.98852e-05
3.74067e-07
-9.08034e-05
7.84848e-07
-9.13441e-05
1.21062e-06
-9.16653e-05
1.63765e-06
-9.19203e-05
2.05788e-06
-9.21877e-05
2.46332e-06
-9.2509e-05
2.84435e-06
-9.29036e-05
3.18951e-06
-9.33777e-05
3.48595e-06
-9.39293e-05
3.72025e-06
-9.45514e-05
3.87995e-06
-9.52323e-05
3.95534e-06
-9.59544e-05
3.94125e-06
-9.66941e-05
3.83703e-06
-9.74254e-05
3.64266e-06
-9.81339e-05
3.34975e-06
-9.88453e-05
2.9286e-06
-9.96744e-05
2.31618e-06
-0.000100893
1.41794e-06
-0.000103005
-0.000106703
1.50038e-07
-2.22678e-07
-8.60552e-05
-4.23982e-07
-8.71418e-05
-2.18856e-07
-9.00903e-05
1.52279e-07
-9.11745e-05
5.40927e-07
-9.17327e-05
9.21014e-07
-9.20454e-05
1.29226e-06
-9.22915e-05
1.65257e-06
-9.2548e-05
1.99741e-06
-9.28538e-05
2.31965e-06
-9.32258e-05
2.61009e-06
-9.36681e-05
2.85814e-06
-9.41773e-05
3.05268e-06
-9.4746e-05
3.18314e-06
-9.53628e-05
3.2409e-06
-9.60121e-05
3.22095e-06
-9.66741e-05
3.12243e-06
-9.73269e-05
2.94584e-06
-9.79573e-05
2.68412e-06
-9.85835e-05
2.30698e-06
-9.92971e-05
1.74124e-06
-0.000100327
8.58706e-07
-0.000102123
-0.00010535
-4.9469e-07
-9.88697e-07
-8.50665e-05
-8.77264e-07
-8.72532e-05
-5.03924e-07
-9.04636e-05
-6.13737e-08
-9.16171e-05
3.02839e-07
-9.20969e-05
6.42691e-07
-9.23852e-05
9.62079e-07
-9.26109e-05
1.26423e-06
-9.28501e-05
1.54928e-06
-9.31388e-05
1.81364e-06
-9.34901e-05
2.05128e-06
-9.39057e-05
2.25494e-06
-9.4381e-05
2.41684e-06
-9.49078e-05
2.52948e-06
-9.54754e-05
2.58685e-06
-9.60695e-05
2.58594e-06
-9.66733e-05
2.52791e-06
-9.72689e-05
2.41629e-06
-9.78456e-05
2.24939e-06
-9.84165e-05
2.0046e-06
-9.90522e-05
1.61494e-06
-9.99376e-05
9.44833e-07
-0.000101453
-0.000104203
-2.01461e-07
-2.32188e-06
-8.27445e-05
-1.49439e-06
-8.80806e-05
-8.53478e-07
-9.11046e-05
-3.29073e-07
-9.21415e-05
6.5972e-08
-9.24919e-05
3.82137e-07
-9.27013e-05
6.54633e-07
-9.28833e-05
9.0045e-07
-9.30958e-05
1.12625e-06
-9.33645e-05
1.33287e-06
-9.36967e-05
1.51802e-06
-9.40908e-05
1.67791e-06
-9.45408e-05
1.80814e-06
-9.5038e-05
1.90456e-06
-9.55718e-05
1.96441e-06
-9.61294e-05
1.98795e-06
-9.66969e-05
1.97966e-06
-9.72607e-05
1.94735e-06
-9.78133e-05
1.8968e-06
-9.83659e-05
1.8186e-06
-9.8974e-05
1.66548e-06
-9.97844e-05
1.32396e-06
-0.000101111
-0.000103479
6.00031e-07
-4.2565e-06
-7.8488e-05
-2.20471e-06
-9.01325e-05
-1.21129e-06
-9.2098e-05
-5.54324e-07
-9.27985e-05
-1.3037e-07
-9.29158e-05
1.62018e-07
-9.29936e-05
3.86295e-07
-9.31075e-05
5.74396e-07
-9.32839e-05
7.4012e-07
-9.35303e-05
8.88524e-07
-9.38451e-05
1.02049e-06
-9.42227e-05
1.13496e-06
-9.46552e-05
1.2302e-06
-9.51333e-05
1.30498e-06
-9.56466e-05
1.35949e-06
-9.61839e-05
1.39674e-06
-9.67341e-05
1.42377e-06
-9.72877e-05
1.45168e-06
-9.78412e-05
1.49246e-06
-9.84067e-05
1.54907e-06
-9.90307e-05
1.59577e-06
-9.98311e-05
1.55327e-06
-0.000101069
-0.000103204
1.27823e-06
-6.69792e-06
-7.17901e-05
-2.89832e-06
-9.39321e-05
-1.41452e-06
-9.35818e-05
-6.46471e-07
-9.35664e-05
-2.27043e-07
-9.33351e-05
1.7632e-08
-9.32382e-05
1.80132e-07
-9.327e-05
3.03829e-07
-9.34076e-05
4.0693e-07
-9.36333e-05
4.96626e-07
-9.39347e-05
5.7528e-07
-9.43014e-05
6.43268e-07
-9.47233e-05
7.00432e-07
-9.51906e-05
7.47104e-07
-9.56933e-05
7.84871e-07
-9.62217e-05
8.17441e-07
-9.67667e-05
8.51688e-07
-9.73219e-05
8.98141e-07
-9.78876e-05
9.69787e-07
-9.84783e-05
1.07619e-06
-9.9137e-05
1.20812e-06
-9.9963e-05
1.30727e-06
-0.000101168
-0.000103142
1.24518e-06
-8.68648e-06
-2.55833e-06
-9.31016e-07
-3.71342e-07
-1.35242e-07
-1.79986e-08
5.02129e-08
9.70166e-08
1.33723e-07
1.64588e-07
1.91129e-07
2.13796e-07
2.32664e-07
2.47989e-07
2.60657e-07
2.72508e-07
2.86793e-07
3.08726e-07
3.45664e-07
4.05493e-07
4.89968e-07
5.76453e-07
5.88263e-07
3.77233e-05
2.82676e-05
1.30996e-05
2.46237e-05
-7.71149e-06
2.08111e-05
2.07238e-05
-2.84353e-05
7.0379e-05
3.21698e-05
6.20795e-05
3.29232e-05
5.04088e-05
3.24817e-05
3.20756e-05
3.90569e-05
8.25424e-05
2.92957e-05
8.46406e-05
3.0825e-05
8.51437e-05
3.19786e-05
3.27841e-05
8.44352e-05
8.95816e-05
2.53151e-05
9.40425e-05
2.63641e-05
9.86317e-05
2.73894e-05
2.83748e-05
0.000103041
9.65285e-05
2.11357e-05
0.000100975
2.19178e-05
0.000105712
2.26525e-05
2.33665e-05
0.00011072
9.92522e-05
1.59003e-05
0.000104389
1.67808e-05
0.00010946
1.75818e-05
1.82794e-05
0.000114547
9.70049e-05
1.08685e-05
0.000102146
1.164e-05
0.000107173
1.25549e-05
1.3426e-05
0.000112026
9.36245e-05
6.01994e-06
9.8974e-05
6.29047e-06
0.000104749
6.77982e-06
8.00367e-06
0.000110171
9.77148e-05
4.21585e-06
9.94354e-05
4.56988e-06
0.000101232
4.98371e-06
5.52798e-06
0.000103707
0.000102992
1.76509e-06
0.000105429
2.13271e-06
0.000107828
2.58487e-06
3.17683e-06
0.000110179
0.000105758
-1.08335e-06
0.000108564
-6.73616e-07
0.000111305
-1.55953e-07
5.27944e-07
0.000113954
0.000104871
-4.21546e-06
0.000107967
-3.76905e-06
0.000110981
-3.17001e-06
-2.35872e-06
0.000113868
0.000101297
-7.54625e-06
0.000104605
-7.07723e-06
0.000107842
-6.40714e-06
-5.47225e-06
0.000110956
9.62703e-05
-1.09914e-05
9.97161e-05
-1.0523e-05
0.000103117
-9.80822e-06
-8.7774e-06
0.000106422
9.08045e-05
-1.44886e-05
9.43275e-05
-1.40461e-05
9.78353e-05
-1.3316e-05
-1.22219e-05
0.00010128
8.55273e-05
-1.79948e-05
8.90821e-05
-1.76009e-05
9.26481e-05
-1.6882e-05
-1.57546e-05
9.61808e-05
8.07014e-05
-2.14754e-05
8.42489e-05
-2.11484e-05
8.78288e-05
-2.04618e-05
-1.93258e-05
9.14e-05
7.63258e-05
-2.48969e-05
7.98271e-05
-2.46497e-05
8.33757e-05
-2.40105e-05
-2.28838e-05
8.69337e-05
7.22569e-05
-2.82237e-05
7.56706e-05
-2.80634e-05
7.91402e-05
-2.74801e-05
-2.63736e-05
8.26299e-05
6.83102e-05
-3.14193e-05
7.1594e-05
-3.13473e-05
7.49359e-05
-3.0822e-05
-2.97399e-05
7.83021e-05
6.43272e-05
-3.44485e-05
6.74413e-05
-3.44614e-05
7.06106e-05
-3.39913e-05
-3.29321e-05
7.38028e-05
6.02057e-05
-3.72819e-05
6.31174e-05
-3.73732e-05
6.60781e-05
-3.69521e-05
-3.5911e-05
6.90571e-05
5.59022e-05
-3.98986e-05
5.85898e-05
-4.00608e-05
6.13196e-05
-3.96819e-05
-3.86545e-05
6.40631e-05
5.14179e-05
-4.22889e-05
5.38727e-05
-4.25156e-05
5.63656e-05
-4.21747e-05
-4.116e-05
5.88711e-05
4.67792e-05
-4.44527e-05
4.90051e-05
-4.47415e-05
5.127e-05
-4.44397e-05
-4.34435e-05
5.35534e-05
4.20228e-05
-4.63967e-05
4.40315e-05
-4.67502e-05
4.6087e-05
-4.64952e-05
-4.55316e-05
4.8175e-05
3.71839e-05
-4.81289e-05
3.89884e-05
-4.85547e-05
4.08541e-05
-4.83609e-05
-4.74525e-05
4.2775e-05
3.22914e-05
-4.96533e-05
3.38993e-05
-5.01626e-05
3.55879e-05
-5.00495e-05
-4.92255e-05
3.73609e-05
2.73687e-05
-5.09654e-05
2.8777e-05
-5.15709e-05
3.02877e-05
-5.15603e-05
-5.08528e-05
3.1915e-05
2.24423e-05
-5.20489e-05
2.36333e-05
-5.27619e-05
2.49473e-05
-5.28743e-05
-5.23143e-05
2.64088e-05
1.75624e-05
-5.28758e-05
1.85025e-05
-5.37021e-05
1.95807e-05
-5.39525e-05
-5.35651e-05
2.08315e-05
1.28261e-05
-5.34095e-05
1.34695e-05
-5.43455e-05
1.42559e-05
-5.47389e-05
-5.45384e-05
1.52292e-05
8.39607e-06
-5.36153e-05
8.69465e-06
-5.46441e-05
9.12707e-06
-5.51713e-05
-5.51566e-05
9.74531e-06
4.50282e-06
-5.34756e-05
4.42353e-06
-5.45648e-05
4.45183e-06
-5.51996e-05
-5.53499e-05
4.64519e-06
1.42497e-06
-5.30098e-05
9.72795e-07
-5.41126e-05
5.83941e-07
-5.48108e-05
-5.50832e-05
3.1722e-07
-5.65102e-07
-5.22947e-05
-1.32315e-06
-5.33545e-05
-2.07695e-06
-5.4057e-05
-5.43883e-05
-2.77177e-06
-1.31852e-06
-5.14708e-05
-2.2389e-06
-5.24342e-05
-3.21707e-06
-5.30788e-05
-5.33973e-05
-4.20815e-06
-9.55988e-07
-5.07162e-05
-1.83829e-06
-5.15519e-05
-2.8225e-06
-5.20946e-05
-5.23413e-05
-3.87842e-06
5.43431e-08
-5.01706e-05
-6.13794e-07
-5.08838e-05
-1.38838e-06
-5.132e-05
-5.14775e-05
-2.25223e-06
9.7421e-07
-4.98666e-05
5.83197e-07
-5.04927e-05
1.22596e-07
-5.08595e-05
-5.0967e-05
-3.87958e-07
1.14819e-06
-4.97697e-05
9.99723e-07
-5.03443e-05
8.2851e-07
-5.06883e-05
-5.08015e-05
6.63013e-07
5.56907e-07
4.99636e-07
4.40426e-07
4.0157e-07
4.10535e-05
8.40647e-05
7.48307e-05
0.000114101
9.18626e-05
0.000147622
0.000109645
0.000159529
0.000126909
0.000139983
0.000143849
0.000103174
0.000157109
7.09486e-05
0.000163377
5.42421e-05
0.000165034
4.66463e-05
0.000164336
3.94179e-05
0.000161644
2.53208e-05
0.000152678
8.37537e-06
0.000122297
-7.89119e-06
5.14416e-05
-2.5768e-05
-3.16674e-05
-5.80993e-05
-8.68514e-05
-0.000111455
-0.000103698
-0.000186721
-8.9077e-05
-0.000273808
-0.000358118
4.14755e-05
8.16462e-05
5.92768e-05
9.62992e-05
9.00523e-05
0.000116847
0.000124899
0.000124682
0.000152081
0.000112802
0.000166578
8.86761e-05
0.000171212
6.63155e-05
0.000172698
5.27556e-05
0.000174062
4.52822e-05
0.000175465
3.8015e-05
0.000173447
2.73389e-05
0.000166911
1.49111e-05
0.000156947
2.07331e-06
0.000145169
-1.39904e-05
0.000121017
-3.39475e-05
6.89393e-05
-5.93768e-05
-1.06762e-05
-0.000107106
-6.78083e-05
-0.000216676
-0.000425927
8.57202e-05
8.03612e-05
9.46069e-05
8.74126e-05
0.000115014
9.64402e-05
0.000140494
9.92014e-05
0.000161734
9.15621e-05
0.00017371
7.67003e-05
0.000178412
6.16137e-05
0.000180164
5.10036e-05
0.000181185
4.4261e-05
0.000181186
3.80144e-05
0.000178785
2.97401e-05
0.000174053
1.96424e-05
0.000167659
8.46808e-06
0.000157303
-3.63484e-06
0.000142205
-1.88491e-05
0.000123618
-4.07898e-05
8.86904e-05
-7.21785e-05
9.44519e-06
-0.00013743
-0.000416481
0.000112545
7.0857e-05
0.000122666
7.72922e-05
0.000136505
8.26008e-05
0.000152775
8.29313e-05
0.000167515
7.68221e-05
0.000177862
6.6353e-05
0.000183723
5.57535e-05
0.000186481
4.8245e-05
0.000187108
4.36339e-05
0.000185608
3.95153e-05
0.000181563
3.37851e-05
0.000175069
2.61359e-05
0.000166592
1.69453e-05
0.000157619
5.33771e-06
0.00014839
-9.61931e-06
0.000135514
-2.7914e-05
0.0001139
-5.05649e-05
7.71078e-05
-0.000100638
-0.000339374
0.000123106
5.84709e-05
0.000135036
6.53624e-05
0.00014731
7.03268e-05
0.000160087
7.0154e-05
0.000172094
6.48153e-05
0.000181889
5.6558e-05
0.000188609
4.90334e-05
0.00019201
4.48435e-05
0.000192123
4.35212e-05
0.000188753
4.28852e-05
0.000182176
4.03624e-05
0.000173314
3.49977e-05
0.000162654
2.76053e-05
0.000151422
1.65695e-05
0.000141637
1.66362e-07
0.000133718
-1.99958e-05
0.000124092
-4.09386e-05
9.76618e-05
-7.42079e-05
-0.000241712
0.000126728
4.62901e-05
0.00013924
5.28499e-05
0.000152025
5.75426e-05
0.000164637
5.75419e-05
0.000176084
5.33678e-05
0.000185612
4.70303e-05
0.000192526
4.21194e-05
0.000196127
4.12428e-05
0.000195964
4.3684e-05
0.000190984
4.78647e-05
0.000181201
5.01456e-05
0.000168112
4.80867e-05
0.000152785
4.29321e-05
0.000138659
3.06963e-05
0.000127788
1.10373e-05
0.000121232
-1.34404e-05
0.000116075
-3.5781e-05
9.91301e-05
-5.72635e-05
-0.000142582
0.000123776
3.45404e-05
0.000137465
3.91603e-05
0.000152335
4.26733e-05
0.000166653
4.32239e-05
0.0001786
4.14206e-05
0.000187514
3.81162e-05
0.000193123
3.65104e-05
0.000195377
3.8989e-05
0.000194255
4.4806e-05
0.000187968
5.4152e-05
0.000175051
6.30619e-05
0.000152657
7.04813e-05
0.000127886
6.77031e-05
0.000113617
4.49648e-05
0.000104538
2.01162e-05
0.000100278
-9.18072e-06
9.79422e-05
-3.34448e-05
8.33502e-05
-4.26715e-05
-5.92315e-05
0.000120121
2.45913e-05
0.000132797
2.64841e-05
0.000148218
2.72519e-05
0.000162678
2.87639e-05
0.000173386
3.07128e-05
0.000177483
3.40195e-05
0.000174692
3.93012e-05
0.000168398
4.52833e-05
0.000162999
5.02049e-05
0.000160552
5.65985e-05
0.000156774
6.68403e-05
0.000138096
8.9159e-05
7.7802e-05
0.000127997
6.93558e-05
5.34111e-05
6.92792e-05
2.01928e-05
7.16276e-05
-1.15291e-05
7.29705e-05
-3.47877e-05
6.03905e-05
-3.00915e-05
1.15901e-06
0.00011203
1.62682e-05
0.000119265
1.92494e-05
0.000124953
2.15643e-05
0.000128683
2.50334e-05
0.000128886
3.05102e-05
0.000124946
3.79596e-05
0.000117375
4.68715e-05
0.000106726
5.59326e-05
9.25396e-05
6.43912e-05
7.4251e-05
7.4887e-05
4.7451e-05
9.36403e-05
4.49141e-06
0.000132119
-2.20986e-05
0.000154587
7.67003e-06
2.36425e-05
2.90807e-05
-1.21784e-06
3.98071e-05
-2.22556e-05
4.46542e-05
-3.96348e-05
3.63317e-05
-2.17691e-05
3.74908e-05
0.000116209
1.02391e-05
0.000120884
1.45744e-05
0.000123105
1.93431e-05
0.000122723
2.54149e-05
0.000119675
3.35579e-05
0.0001138
4.38352e-05
0.000104802
5.58697e-05
9.18681e-05
6.88661e-05
7.35761e-05
8.26832e-05
4.9119e-05
9.93441e-05
1.90063e-05
0.000123753
-1.10335e-05
0.000162158
-2.12919e-05
0.000164845
-3.42481e-05
3.65988e-05
-1.62618e-06
-3.38398e-05
1.30237e-05
-3.69055e-05
1.68942e-05
-4.35052e-05
1.16291e-05
-1.6504e-05
4.91199e-05
0.000119646
4.54686e-06
0.000123781
1.04399e-05
0.000125697
1.74268e-05
0.000125215
2.5897e-05
0.000122388
3.63853e-05
0.000117079
4.9144e-05
0.00010882
6.41284e-05
9.66144e-05
8.10717e-05
7.92598e-05
0.000100038
5.6499e-05
0.000122105
3.08574e-05
0.000149395
1.12231e-05
0.000181793
-7.11936e-06
0.000183188
-4.07363e-05
7.02156e-05
-2.05707e-05
-5.40053e-05
-1.61917e-06
-5.58571e-05
-2.56931e-06
-4.25551e-05
-6.25439e-06
-1.28189e-05
4.28655e-05
0.000119934
-1.51966e-06
0.000124562
5.81237e-06
0.000127356
1.46327e-05
0.000128131
2.51219e-05
0.000126804
3.77125e-05
0.000123153
5.27944e-05
0.000116708
7.05738e-05
0.000106725
9.10547e-05
9.25377e-05
0.000114225
7.44183e-05
0.000140224
5.49101e-05
0.000168903
3.98548e-05
0.000196848
2.55009e-05
0.000197542
-1.58123e-05
0.000111529
-1.48349e-05
-5.49827e-05
-9.05715e-06
-6.16349e-05
-1.15541e-05
-4.00582e-05
-1.5137e-05
-9.236e-06
2.77285e-05
0.000117608
-8.17192e-06
0.000123047
3.73901e-07
0.000127013
1.06669e-05
0.000129317
2.28175e-05
0.000129769
3.72605e-05
0.000128072
5.44919e-05
0.000123778
7.4867e-05
0.000116359
9.84742e-05
0.000105485
0.000125099
9.1582e-05
0.000154127
7.6503e-05
0.000183982
6.35332e-05
0.000209818
4.8563e-05
0.000212512
1.33172e-05
0.000146774
-4.39334e-06
-3.72721e-05
-8.30487e-06
-5.77234e-05
-5.47421e-06
-4.28888e-05
-1.21239e-05
-2.58634e-06
1.56047e-05
0.000113648
-1.53976e-05
0.000119904
-5.88231e-06
0.000125015
5.55613e-06
0.000128778
1.90545e-05
0.000130933
3.51052e-05
0.00013112
5.43051e-05
0.000128878
7.71095e-05
0.000123728
0.000103625
0.000115386
0.000133441
0.000104104
0.000165409
9.10192e-05
0.000197067
7.81075e-05
0.000222729
6.40287e-05
0.000226591
3.99834e-05
0.00017082
2.96683e-06
-2.55571e-07
-1.98645e-06
-5.27701e-05
1.00938e-05
-5.4969e-05
5.13292e-06
2.37449e-06
2.07376e-05
0.000108974
-2.30919e-05
0.000115947
-1.28548e-05
0.000122052
-5.49507e-07
0.000127084
1.40229e-05
0.000130731
3.1458e-05
0.000132571
5.24651e-05
0.000132083
7.75978e-05
0.000128713
0.000106995
0.000122012
0.000140141
0.000111831
0.00017559
9.84877e-05
0.00021041
8.27969e-05
0.00023842
6.52477e-05
0.00024414
4.75909e-05
0.000188476
9.66862e-06
3.76666e-05
1.90856e-06
-4.501e-05
3.10549e-05
-8.41154e-05
3.56882e-05
-2.2588e-06
5.64258e-05
0.000104215
-3.11266e-05
0.000111749
-2.03885e-05
0.000118656
-7.45663e-06
0.00012472
7.95953e-06
0.000129596
2.65821e-05
0.000132808
4.92534e-05
0.000133759
7.66462e-05
0.000131771
0.000108983
0.000126143
0.00014577
0.000116208
0.000185526
0.000101308
0.00022531
8.05258e-05
0.000259202
5.21845e-05
0.000272481
2.24764e-05
0.000218185
7.26531e-06
5.28777e-05
1.93782e-05
-5.71228e-05
5.3936e-05
-0.000118673
6.45976e-05
-1.29204e-05
0.000121023
9.96362e-05
-3.93628e-05
0.000107555
-2.83075e-05
0.000115045
-1.49467e-05
0.000121882
1.12278e-06
0.000127706
2.0758e-05
0.000132015
4.49452e-05
0.00013417
7.44912e-05
0.000133411
0.000109742
0.000128858
0.000150324
0.000119451
0.000194933
0.00010381
0.000240951
7.9967e-05
0.000283045
4.6568e-05
0.00030588
5.02328e-05
0.00021452
6.9972e-05
3.31386e-05
8.0923e-05
-6.80739e-05
8.33393e-05
-0.00012109
8.64527e-05
-1.60338e-05
0.000207476
9.52227e-05
-4.76518e-05
0.000103334
-3.64188e-05
0.000111167
-2.27794e-05
0.000118497
-6.20734e-06
0.00012497
1.42847e-05
0.000130103
3.98127e-05
0.000133298
7.12961e-05
0.000133857
0.000109182
0.000130973
0.000153208
0.000123624
0.000202281
0.000110341
0.000254234
8.86015e-05
0.000304785
5.94211e-05
0.00033506
0.000103249
0.000170692
0.000134376
2.01255e-06
0.000134591
-6.82893e-05
9.46647e-05
-8.11634e-05
8.65897e-05
-7.95871e-06
0.000294066
9.08133e-05
-5.58352e-05
9.891e-05
-4.45155e-05
0.000106825
-3.06947e-05
0.00011434
-1.37217e-05
0.00012112
7.50399e-06
0.000126752
3.4181e-05
0.000130784
6.72644e-05
0.000132791
0.000107175
0.000132453
0.000153547
0.000129611
0.000205123
0.00012421
0.000259636
0.000116198
0.000312796
0.000119709
0.00033155
0.00017127
0.00011913
0.000174272
-9.88442e-07
0.000162665
-5.66828e-05
0.00013916
-5.7658e-05
0.0001098
2.14011e-05
0.000403866
8.62204e-05
-6.37534e-05
9.40948e-05
-5.23898e-05
0.000101826
-3.84256e-05
0.000109189
-2.10854e-05
0.000115874
8.19476e-07
0.000121555
2.84993e-05
0.000125998
6.28219e-05
0.000129212
0.000103961
0.00013172
0.000151039
0.000135028
0.000201814
0.000142044
0.00025262
0.000157148
0.000297692
0.000188827
0.000299871
0.000183759
0.000124198
0.000193833
-1.10622e-05
0.000187588
-5.04378e-05
0.000173936
-4.40063e-05
0.000130783
6.45545e-05
0.000534649
8.13128e-05
-7.12634e-05
8.87793e-05
-5.98564e-05
9.60802e-05
-4.57266e-05
0.000102964
-2.79689e-05
0.000109111
-5.32731e-06
0.00011425
2.33595e-05
0.000118335
5.87376e-05
0.000121759
0.000100536
0.000125835
0.000146963
0.000133884
0.000193766
0.000153003
0.0002335
0.000194184
0.000256511
0.000257107
0.000236948
0.000253895
0.00012741
0.000232556
1.02773e-05
0.000239724
-5.76061e-05
0.000214738
-1.90201e-05
0.000143789
0.000135503
0.000678438
7.6053e-05
-7.82594e-05
8.29788e-05
-6.67823e-05
8.96711e-05
-5.24191e-05
9.5819e-05
-3.41168e-05
0.000101043
-1.0551e-05
0.000105035
1.93674e-05
0.0001078
5.5972e-05
0.00010977
9.85664e-05
0.000112267
0.000144466
0.00011985
0.000186183
0.000143981
0.000209369
0.000198295
0.000202197
0.000273465
0.000161778
0.000317449
8.34258e-05
0.000331948
-4.22201e-06
0.0003377
-6.33581e-05
0.000244386
7.42938e-05
0.000119641
0.000260248
0.000798079
7.04946e-05
-8.4691e-05
7.68281e-05
-7.31161e-05
8.28502e-05
-5.84412e-05
8.81709e-05
-3.94376e-05
9.23051e-05
-1.46851e-05
9.48021e-05
1.68702e-05
9.55804e-05
5.51936e-05
9.4407e-05
9.97399e-05
9.15154e-05
0.000147358
9.1358e-05
0.000186341
0.000110316
0.000190412
0.000168492
0.00014402
0.000253007
7.72627e-05
0.000323135
1.32982e-05
0.00037877
-5.98567e-05
0.000408783
-9.33709e-05
0.000285626
0.00019745
8.56575e-05
0.000460217
0.000883736
6.47509e-05
-9.05709e-05
7.05378e-05
-7.89031e-05
7.59783e-05
-6.38818e-05
8.06166e-05
-4.4076e-05
8.38713e-05
-1.794e-05
8.51182e-05
1.56234e-05
8.40411e-05
5.62708e-05
7.93345e-05
0.000104447
6.91672e-05
0.000157525
5.46884e-05
0.00020082
5.77737e-05
0.000187326
0.000103784
9.80101e-05
0.000164777
1.62692e-05
0.000211416
-3.33406e-05
0.000247165
-9.56051e-05
0.000254559
-0.000100765
0.000190205
0.000261804
4.51351e-05
0.000605287
0.000928871
5.89507e-05
-9.59684e-05
6.43253e-05
-8.42778e-05
6.94178e-05
-6.89743e-05
7.37597e-05
-4.8418e-05
7.67607e-05
-2.09411e-05
7.78077e-05
1.45764e-05
7.65319e-05
5.75467e-05
7.15939e-05
0.000109385
6.09838e-05
0.000168135
4.82217e-05
0.000213582
7.86085e-05
0.00015694
0.000128952
4.76666e-05
0.000147403
-2.18237e-06
0.000142541
-2.84782e-05
0.000133175
-8.62387e-05
0.000126222
-9.3812e-05
8.37171e-05
0.000304309
5.45032e-06
0.000683554
0.000934322
5.31941e-05
-0.000100987
5.83455e-05
-8.94292e-05
6.34116e-05
-7.40404e-05
6.79844e-05
-5.29908e-05
7.15757e-05
-2.45324e-05
7.37802e-05
1.23718e-05
7.47369e-05
5.659e-05
7.47301e-05
0.000109391
7.31392e-05
0.000169726
8.02258e-05
0.000206495
0.000137637
9.95286e-05
0.000155273
3.00301e-05
0.000148915
4.17635e-06
0.000129784
-9.34734e-06
9.11556e-05
-4.76105e-05
3.55987e-05
-3.82551e-05
2.34889e-06
0.000337559
-4.01637e-05
0.000726066
0.000894158
4.75236e-05
-0.000105736
5.26452e-05
-9.45509e-05
5.80112e-05
-7.94066e-05
6.33454e-05
-5.83248e-05
6.83616e-05
-2.95485e-05
7.29674e-05
7.76593e-06
7.79706e-05
5.15868e-05
8.63587e-05
0.000101003
9.95419e-05
0.000156542
0.000123002
0.000183034
0.000156819
6.57118e-05
0.000163243
2.36058e-05
0.000159514
7.90614e-06
0.000146956
3.21066e-06
0.00010171
-2.36449e-06
2.81482e-05
3.53063e-05
-1.39187e-05
0.000379626
-3.88658e-05
0.000751014
0.000855292
4.19157e-05
-0.000110291
4.71502e-05
-9.97854e-05
5.3058e-05
-8.53143e-05
5.95323e-05
-6.47993e-05
6.65193e-05
-3.65355e-05
7.42374e-05
4.7879e-08
8.34328e-05
4.23913e-05
9.94659e-05
8.497e-05
0.000124385
0.000131623
0.000150644
0.000156775
0.000161617
5.47379e-05
0.000164732
2.04913e-05
0.000161548
1.10905e-05
0.000150957
1.38008e-05
0.000127604
2.09892e-05
7.5681e-05
8.72292e-05
2.13992e-05
0.000433908
-8.95387e-06
0.000781367
0.000846338
3.62952e-05
-0.000114671
4.16959e-05
-0.000105186
4.82444e-05
-9.18628e-05
5.59952e-05
-7.25501e-05
6.50521e-05
-4.55923e-05
7.57653e-05
-1.06651e-05
8.85223e-05
2.96342e-05
0.000108507
6.49855e-05
0.000138878
0.000101251
0.000165695
0.000129959
0.000162994
5.74385e-05
0.000161824
2.16614e-05
0.000158606
1.43087e-05
0.000149618
2.27886e-05
0.000134794
3.58132e-05
0.00011139
0.000110633
6.27326e-05
0.000482565
2.03052e-05
0.000823794
0.000866643
3.05621e-05
-0.000118824
3.60759e-05
-0.0001107
4.3215e-05
-9.90018e-05
5.21934e-05
-8.15286e-05
6.32604e-05
-5.66595e-05
7.67495e-05
-2.41541e-05
9.26638e-05
1.37199e-05
0.000112435
4.52143e-05
0.000139865
7.38216e-05
0.000167226
0.000102597
0.000163095
6.15697e-05
0.000157979
2.67774e-05
0.000154372
1.79154e-05
0.00014593
3.12308e-05
0.000133268
4.84748e-05
0.00012415
0.000119752
8.70801e-05
0.000519635
3.7437e-05
0.000873437
0.000904081
2.4627e-05
-0.00012262
3.0084e-05
-0.000116157
3.75978e-05
-0.000106516
4.75241e-05
-9.14549e-05
6.01976e-05
-6.93331e-05
7.58263e-05
-3.97828e-05
9.39605e-05
-4.41423e-06
0.000111818
2.73566e-05
0.000132951
5.26891e-05
0.000155905
7.96429e-05
0.000155457
6.20183e-05
0.000154004
2.82296e-05
0.000150569
2.1351e-05
0.000141915
3.98839e-05
0.000128477
6.19129e-05
0.000122629
0.0001256
9.77204e-05
0.000544543
4.64814e-05
0.000924676
0.000950562
1.84645e-05
-0.000125855
2.35841e-05
-0.000121276
3.11037e-05
-0.000114035
4.15094e-05
-0.000101861
5.52009e-05
-8.30246e-05
7.22789e-05
-5.68608e-05
9.20866e-05
-2.4222e-05
0.000109861
9.58206e-06
0.000126304
3.6246e-05
0.000142178
6.37684e-05
0.00014438
5.98166e-05
0.000148368
2.42414e-05
0.000145916
2.38038e-05
0.000137915
4.78846e-05
0.000121652
7.8176e-05
0.000115207
0.000132045
0.000102559
0.000557192
5.27935e-05
0.000974441
0.00100336
1.21687e-05
-0.000128279
1.6583e-05
-0.000125691
2.36144e-05
-0.000121067
3.38898e-05
-0.000112136
4.79222e-05
-9.70568e-05
6.58368e-05
-7.47755e-05
8.70186e-05
-4.54038e-05
0.000107564
-1.09635e-05
0.000122491
2.13189e-05
0.000134567
5.16931e-05
0.000135065
5.93179e-05
0.000139338
1.99684e-05
0.000137423
2.57186e-05
0.000131456
5.38522e-05
0.000115664
9.3968e-05
0.00010535
0.000142358
0.000107038
0.000555504
5.76157e-05
0.00102386
0.00106097
6.00066e-06
-0.000129634
9.29597e-06
-0.000128986
1.52573e-05
-0.000127028
2.46775e-05
-0.000121556
3.82806e-05
-0.00011066
5.6386e-05
-9.2881e-05
7.84257e-05
-6.74434e-05
0.000102194
-3.4732e-05
0.00012118
2.33284e-06
0.00013364
3.92336e-05
0.000130328
6.26292e-05
0.000126011
2.42858e-05
0.000122938
2.87911e-05
0.00012008
5.67109e-05
0.000110458
0.000103589
9.15555e-05
0.000161261
0.000105238
0.000541822
5.75454e-05
0.00107156
0.00111852
4.164e-07
-0.000129733
2.20446e-06
-0.000130774
6.4823e-06
-0.000131306
1.42148e-05
-0.000129289
2.64113e-05
-0.000122856
4.38004e-05
-0.00011027
6.63295e-05
-8.99724e-05
9.24933e-05
-6.08959e-05
0.0001179
-2.30737e-05
0.000135508
2.16251e-05
0.00013321
6.49277e-05
0.000102212
5.52837e-05
0.000101813
2.91904e-05
0.000102347
5.61762e-05
0.000100556
0.00010538
8.28917e-05
0.000178926
8.71242e-05
0.000537589
4.57241e-05
0.00111296
0.00116424
-3.95919e-06
-0.000128546
-3.91813e-06
-0.000130815
-1.84306e-06
-0.000133381
3.35222e-06
-0.000134484
1.29617e-05
-0.000132465
2.8235e-05
-0.000125543
4.98886e-05
-0.000111626
7.73699e-05
-8.83773e-05
0.000107848
-5.35518e-05
0.000135015
-5.54158e-06
0.000146954
5.29881e-05
0.000111923
9.03148e-05
8.00322e-05
6.10814e-05
8.31735e-05
5.30349e-05
9.27953e-05
9.57584e-05
7.7914e-05
0.000193807
6.65685e-05
0.000548934
3.58397e-05
0.00114369
0.00120008
-6.43928e-06
-0.000126315
-8.07469e-06
-0.00012918
-8.41254e-06
-0.000133043
-6.37201e-06
-0.000136524
-4.84552e-07
-0.000138353
1.09761e-05
-0.000137004
2.9672e-05
-0.000130322
5.65423e-05
-0.000115248
9.07528e-05
-8.77624e-05
0.000128534
-4.33228e-05
0.000161018
2.05043e-05
0.000160354
9.09782e-05
0.000109499
0.000111937
7.25128e-05
9.00211e-05
7.78023e-05
9.04689e-05
7.36453e-05
0.000197964
3.83792e-05
0.000584201
2.05918e-05
0.00116147
0.00122067
-6.57853e-06
-0.000123614
-9.34187e-06
-0.000126416
-1.17133e-05
-0.000130671
-1.28218e-05
-0.000135416
-1.12923e-05
-0.000139882
-5.19643e-06
-0.0001431
7.86867e-06
-0.000143387
3.04112e-05
-0.00013779
6.43028e-05
-0.000121654
0.000109311
-8.8331e-05
0.00016154
-3.1725e-05
0.00020688
4.56386e-05
0.000204543
0.000114273
0.000156847
0.000137718
0.000105241
0.000142075
5.06973e-05
0.000252508
-4.25342e-06
0.000639151
-1.57808e-05
0.001173
0.00120489
-4.60502e-06
-0.000121262
-7.46744e-06
-0.000123554
-1.07341e-05
-0.000127404
-1.3942e-05
-0.000132208
-1.61597e-05
-0.000137664
-1.5812e-05
-0.000143448
-1.04677e-05
-0.000148731
3.28709e-06
-0.000151545
2.94167e-05
-0.000147784
7.15063e-05
-0.000130421
0.000129335
-8.95541e-05
0.000194214
-1.92402e-05
0.000237449
7.10378e-05
0.000226055
0.000149112
0.000152304
0.000215826
4.41908e-05
0.000360621
-4.88151e-05
0.000732157
-6.8353e-05
0.00119254
0.00113654
-1.72229e-06
-0.000119927
-3.58128e-06
-0.000121695
-6.14761e-06
-0.000124838
-9.41017e-06
-0.000128945
-1.30873e-05
-0.000133987
-1.64702e-05
-0.000140065
-1.81186e-05
-0.000147083
-1.53732e-05
-0.00015429
-3.78022e-06
-0.000159377
2.26589e-05
-0.00015686
6.8916e-05
-0.000135811
0.000130453
-8.07775e-05
0.00018453
1.69608e-05
0.000192495
0.000141148
0.000128946
0.000279375
7.11921e-06
0.000482447
-0.000100366
0.000839643
-0.00011496
0.00120713
0.00102158
2.59867e-07
-0.000119524
-2.66752e-07
-0.000121168
-1.16015e-06
-0.000123945
-2.61405e-06
-0.000127492
-4.78884e-06
-0.000131812
-7.7882e-06
-0.000137065
-1.15461e-05
-0.000143325
-1.55207e-05
-0.000150316
-1.79451e-05
-0.000156952
-1.44438e-05
-0.000160361
2.96175e-06
-0.000153217
4.19264e-05
-0.000119742
8.37833e-05
-2.48962e-05
9.89117e-05
0.00012602
4.92973e-05
0.000328989
-6.17252e-05
0.00059347
-0.000160942
0.00093886
-0.000146863
0.00119305
0.000874715
3.80298e-07
4.16312e-07
4.39284e-07
4.37138e-07
3.80154e-07
1.71525e-07
-3.95138e-07
-1.75916e-06
-4.76924e-06
-1.06778e-05
-2.00536e-05
-3.09485e-05
-3.31739e-05
-4.76411e-05
-9.37708e-05
-0.000167035
-0.000209572
-0.000155923
)
;

boundaryField
{
    leftWall
    {
        type            calculated;
        value           uniform 0;
    }
    rightWall
    {
        type            calculated;
        value           uniform 0;
    }
    lowerWall
    {
        type            calculated;
        value           uniform 0;
    }
    atmosphere
    {
        type            calculated;
        value           nonuniform List<scalar> 
46
(
-6.31037e-05
-0.00010006
-9.52091e-05
-9.41261e-05
-9.35712e-05
-9.33555e-05
-9.33382e-05
-9.34544e-05
-9.36699e-05
-9.39655e-05
-9.43279e-05
-9.4746e-05
-9.52094e-05
-9.57086e-05
-9.62344e-05
-9.67786e-05
-9.73363e-05
-9.79096e-05
-9.85153e-05
-9.91969e-05
-0.000100047
-0.000101254
-0.000103154
-4.97384e-05
-5.02871e-05
-5.06291e-05
-5.07626e-05
-0.000119503
-0.000121204
-0.000123968
-0.000127489
-0.000131755
-0.000136857
-0.000142758
-0.000148952
-0.000153942
-0.000154452
-0.000143841
-0.000108847
-2.26707e-05
0.000140487
0.000375119
0.000666734
0.000981397
0.0011394
0.000718792
)
;
    }
    defaultFaces
    {
        type            empty;
        value           nonuniform List<scalar> 0();
    }
}


// ************************************************************************* //
