/*--------------------------------*- C++ -*----------------------------------*\
| =========                 |                                                 |
| \\      /  F ield         | OpenFOAM: The Open Source CFD Toolbox           |
|  \\    /   O peration     | Version:  v2012                                 |
|   \\  /    A nd           | Website:  www.openfoam.com                      |
|    \\/     M anipulation  |                                                 |
\*---------------------------------------------------------------------------*/
FoamFile
{
    version     2.0;
    format      ascii;
    class       volVectorField;
    location    "0.45";
    object      U;
}
// * * * * * * * * * * * * * * * * * * * * * * * * * * * * * * * * * * * * * //

dimensions      [0 1 -1 0 0 0 0];


internalField   nonuniform List<vector> 
2268
(
(-0.0503824 0.0180027 0)
(-0.077477 0.00411088 0)
(-0.059168 -0.0108646 0)
(-0.0193454 -0.0152741 0)
(0.027399 -0.0159532 0)
(0.0741767 -0.0151207 0)
(0.118139 -0.0137283 0)
(0.158196 -0.0122725 0)
(0.194179 -0.0109102 0)
(0.226277 -0.00965305 0)
(0.254643 -0.0084495 0)
(0.279209 -0.00720771 0)
(0.299553 -0.00579407 0)
(0.314729 -0.00399082 0)
(0.323297 -0.00121507 0)
(0.321241 0.00306108 0)
(0.303202 0.00967547 0)
(0.263545 0.0186399 0)
(0.19789 0.0284105 0)
(0.0998425 0.0355169 0)
(-0.0128471 0.0368746 0)
(-0.162127 0.00221341 0)
(-0.0812242 -0.0569098 0)
(-0.0461808 0.039757 0)
(-0.0388754 0.00399346 0)
(-0.0161679 -0.0213287 0)
(0.0214251 -0.0313613 0)
(0.0643366 -0.0338207 0)
(0.107503 -0.0327534 0)
(0.148445 -0.0302813 0)
(0.186148 -0.0274464 0)
(0.220357 -0.024638 0)
(0.251089 -0.0219245 0)
(0.278332 -0.0192128 0)
(0.301896 -0.0163077 0)
(0.321302 -0.0129177 0)
(0.335712 -0.0086092 0)
(0.343722 -0.00258882 0)
(0.344499 0.00612766 0)
(0.335696 0.0187199 0)
(0.312597 0.0356943 0)
(0.26961 0.0560809 0)
(0.195292 0.0751727 0)
(0.10119 0.0840149 0)
(-0.0438475 0.0463589 0)
(-0.0104386 -0.0846878 0)
(-0.0257478 0.0529161 0)
(-0.00983521 -0.00411439 0)
(0.0150013 -0.0358424 0)
(0.0510201 -0.0491674 0)
(0.0908076 -0.0525742 0)
(0.130576 -0.0510208 0)
(0.168381 -0.047405 0)
(0.203409 -0.0431809 0)
(0.235408 -0.038916 0)
(0.2643 -0.0347146 0)
(0.28997 -0.0304394 0)
(0.31215 -0.0258008 0)
(0.330329 -0.0203754 0)
(0.343708 -0.0135744 0)
(0.351097 -0.00458302 0)
(0.351297 0.00781751 0)
(0.342878 0.0251046 0)
(0.323689 0.0485108 0)
(0.29164 0.0778441 0)
(0.240321 0.107835 0)
(0.174747 0.125 0)
(0.0618365 0.0822225 0)
(0.0471922 -0.0749655 0)
(-0.00568805 0.0563416 0)
(0.0138633 -0.0132269 0)
(0.0413177 -0.0505566 0)
(0.0766233 -0.0666284 0)
(0.113931 -0.0706146 0)
(0.150593 -0.0684828 0)
(0.185342 -0.063777 0)
(0.217669 -0.0582722 0)
(0.247384 -0.0526571 0)
(0.274355 -0.0470482 0)
(0.298389 -0.0412608 0)
(0.319158 -0.0349206 0)
(0.336135 -0.0274888 0)
(0.348563 -0.0182483 0)
(0.355426 -0.00627155 0)
(0.355622 0.00971585 0)
(0.348103 0.0312383 0)
(0.331772 0.0596371 0)
(0.306127 0.0949841 0)
(0.268213 0.132337 0)
(0.220028 0.157162 0)
(0.132954 0.118632 0)
(0.0891987 -0.0374052 0)
(0.00851386 0.0491829 0)
(0.0332015 -0.0244132 0)
(0.064418 -0.0659828 0)
(0.099799 -0.0836217 0)
(0.135072 -0.0876094 0)
(0.168824 -0.0847366 0)
(0.200588 -0.0790094 0)
(0.230232 -0.0723814 0)
(0.257659 -0.0655789 0)
(0.282704 -0.0586972 0)
(0.305106 -0.0515026 0)
(0.324495 -0.0435484 0)
(0.340336 -0.0342028 0)
(0.351923 -0.0226536 0)
(0.358388 -0.00790143 0)
(0.358831 0.0113254 0)
(0.352511 0.0364892 0)
(0.338906 0.0688166 0)
(0.318204 0.108346 0)
(0.289104 0.150687 0)
(0.25148 0.182437 0)
(0.181841 0.156416 0)
(0.118621 0.0211012 0)
(0.0162128 0.0356862 0)
(0.0486227 -0.0390379 0)
(0.0850766 -0.0825065 0)
(0.121167 -0.100233 0)
(0.154557 -0.103435 0)
(0.185431 -0.0995755 0)
(0.214247 -0.0928849 0)
(0.241258 -0.0853058 0)
(0.266448 -0.0775 0)
(0.289609 -0.0695061 0)
(0.310423 -0.0610399 0)
(0.328485 -0.051597 0)
(0.343268 -0.0404743 0)
(0.354116 -0.0267958 0)
(0.3603 -0.00953377 0)
(0.361129 0.012543 0)
(0.356128 0.040771 0)
(0.345153 0.0761922 0)
(0.328748 0.118759 0)
(0.306464 0.164805 0)
(0.276522 0.203122 0)
(0.220132 0.194689 0)
(0.144805 0.0973739 0)
(0.0199763 0.0182591 0)
(0.061612 -0.0574175 0)
(0.104413 -0.100448 0)
(0.141284 -0.11651 0)
(0.17247 -0.118025 0)
(0.200295 -0.112948 0)
(0.226172 -0.105386 0)
(0.250639 -0.0970431 0)
(0.273689 -0.0884191 0)
(0.295049 -0.0794711 0)
(0.314342 -0.0698707 0)
(0.331141 -0.0590734 0)
(0.344937 -0.0463236 0)
(0.355133 -0.0307075 0)
(0.361125 -0.0112076 0)
(0.362423 0.0133384 0)
(0.358785 0.0441136 0)
(0.350347 0.0819509 0)
(0.337926 0.12671 0)
(0.321669 0.175539 0)
(0.2989 0.219913 0)
(0.25581 0.232128 0)
(0.172135 0.185463 0)
(0.0224568 -0.00182532 0)
(0.0747151 -0.0790848 0)
(0.124012 -0.119484 0)
(0.160588 -0.132181 0)
(0.18866 -0.131275 0)
(0.21313 -0.124911 0)
(0.236121 -0.116656 0)
(0.258209 -0.107754 0)
(0.279281 -0.0984771 0)
(0.298963 -0.0887002 0)
(0.316823 -0.0780706 0)
(0.332424 -0.0660288 0)
(0.345293 -0.0517873 0)
(0.354897 -0.0344161 0)
(0.360758 -0.0129447 0)
(0.362569 0.0137022 0)
(0.360292 0.0465423 0)
(0.35429 0.0861831 0)
(0.345656 0.132336 0)
(0.335131 0.182891 0)
(0.320331 0.231887 0)
(0.291636 0.264044 0)
(0.217722 0.299678 0)
(0.0135345 0.00729418 0)
(-0.160961 0.046723 0)
(-0.440986 0.0725572 0)
(-0.795701 0.092318 0)
(-1.1873 0.0953178 0)
(-1.5439 0.08001 0)
(-1.81289 0.0553471 0)
(-1.99213 0.0337193 0)
(-2.11132 0.0195013 0)
(-2.18927 0.00754123 0)
(-2.21343 -0.00775563 0)
(-2.16138 -0.0284296 0)
(-2.02683 -0.050467 0)
(-1.81361 -0.0689423 0)
(-1.5462 -0.0793804 0)
(-1.24518 -0.0858954 0)
(-0.899957 -0.0983513 0)
(-0.508029 -0.109298 0)
(-0.14929 -0.0696152 0)
(-0.0852377 0.0813706 0)
(-0.416616 0.170715 0)
(-0.82102 0.219722 0)
(-1.22029 0.244947 0)
(-1.56781 0.232192 0)
(-1.81833 0.185928 0)
(-1.9718 0.128075 0)
(-2.06746 0.0822377 0)
(-2.13976 0.0532221 0)
(-2.1921 0.0277058 0)
(-2.20836 -0.00717247 0)
(-2.1647 -0.0560566 0)
(-2.03649 -0.112495 0)
(-1.82515 -0.162608 0)
(-1.55562 -0.192493 0)
(-1.2562 -0.210007 0)
(-0.922942 -0.240198 0)
(-0.544493 -0.273197 0)
(-0.172297 -0.197238 0)
(-0.140309 0.208422 0)
(-0.483057 0.322199 0)
(-0.850503 0.373256 0)
(-1.18545 0.385175 0)
(-1.47227 0.345729 0)
(-1.69086 0.266761 0)
(-1.84195 0.180574 0)
(-1.94802 0.117656 0)
(-2.03432 0.0794394 0)
(-2.10555 0.0432824 0)
(-2.14423 -0.00973834 0)
(-2.12219 -0.0851491 0)
(-2.01475 -0.175252 0)
(-1.81595 -0.257029 0)
(-1.55084 -0.305412 0)
(-1.25725 -0.331876 0)
(-0.937141 -0.377955 0)
(-0.571888 -0.436301 0)
(-0.191273 -0.345665 0)
(-0.156725 0.341248 0)
(-0.456355 0.462246 0)
(-0.761941 0.507844 0)
(-1.05057 0.508818 0)
(-1.31881 0.449974 0)
(-1.53672 0.346346 0)
(-1.68974 0.23628 0)
(-1.79558 0.158086 0)
(-1.88531 0.112979 0)
(-1.96851 0.0687325 0)
(-2.02963 -0.00127222 0)
(-2.0396 -0.105041 0)
(-1.9661 -0.233036 0)
(-1.79051 -0.35347 0)
(-1.53504 -0.424722 0)
(-1.24905 -0.460022 0)
(-0.940934 -0.520382 0)
(-0.586467 -0.604315 0)
(-0.201571 -0.50696 0)
(-0.148162 0.479301 0)
(-0.389502 0.578146 0)
(-0.636118 0.620255 0)
(-0.887526 0.62139 0)
(-1.13889 0.550963 0)
(-1.34317 0.424961 0)
(-1.48074 0.290283 0)
(-1.57432 0.197463 0)
(-1.65929 0.148938 0)
(-1.74696 0.10153 0)
(-1.82753 0.0197921 0)
(-1.87622 -0.108112 0)
(-1.85417 -0.274526 0)
(-1.72347 -0.44066 0)
(-1.49542 -0.540284 0)
(-1.22781 -0.584197 0)
(-0.937077 -0.658003 0)
(-0.594984 -0.768291 0)
(-0.207639 -0.671357 0)
(-0.128162 0.558012 0)
(-0.307724 0.666252 0)
(-0.487135 0.710465 0)
(-0.691451 0.72137 0)
(-0.908574 0.642101 0)
(-1.07787 0.494083 0)
(-1.18671 0.336354 0)
(-1.26405 0.231464 0)
(-1.33885 0.182701 0)
(-1.41748 0.137024 0)
(-1.5013 0.0516559 0)
(-1.5803 -0.0898141 0)
(-1.62076 -0.290356 0)
(-1.56502 -0.509987 0)
(-1.4032 -0.642896 0)
(-1.1803 -0.694388 0)
(-0.925064 -0.784201 0)
(-0.605333 -0.925581 0)
(-0.217335 -0.839619 0)
(-0.100465 0.709965 0)
(-0.213101 0.718325 0)
(-0.311261 0.771807 0)
(-0.448254 0.800987 0)
(-0.60715 0.71726 0)
(-0.718955 0.553374 0)
(-0.789721 0.378092 0)
(-0.854848 0.263 0)
(-0.919559 0.21249 0)
(-0.974768 0.168527 0)
(-1.03766 0.0838935 0)
(-1.1183 -0.0590658 0)
(-1.20569 -0.285824 0)
(-1.24145 -0.562258 0)
(-1.20737 -0.719704 0)
(-1.07615 -0.780942 0)
(-0.894044 -0.893008 0)
(-0.621311 -1.07588 0)
(-0.23917 -1.01881 0)
(-0.0643631 0.824299 0)
(-0.0867612 0.840466 0)
(-0.0898245 0.878714 0)
(-0.140404 0.900852 0)
(-0.216708 0.811218 0)
(-0.247921 0.634435 0)
(-0.266812 0.437634 0)
(-0.320853 0.305829 0)
(-0.37519 0.24302 0)
(-0.40055 0.193531 0)
(-0.426664 0.104366 0)
(-0.480855 -0.032904 0)
(-0.568877 -0.254909 0)
(-0.66791 -0.55421 0)
(-0.853418 -0.736206 0)
(-0.87319 -0.845432 0)
(-0.818588 -0.985176 0)
(-0.633532 -1.2158 0)
(-0.272529 -1.20864 0)
(0.0279588 -0.0413506 0)
(0.102821 -0.122312 0)
(0.15692 -0.151208 0)
(0.188017 -0.155198 0)
(0.209409 -0.149944 0)
(0.228659 -0.141914 0)
(0.247728 -0.133008 0)
(0.266712 -0.123544 0)
(0.285184 -0.113436 0)
(0.302599 -0.102465 0)
(0.318447 -0.090283 0)
(0.332316 -0.0763623 0)
(0.343824 -0.0599104 0)
(0.352571 -0.0400096 0)
(0.358291 -0.0158229 0)
(0.360938 0.0135767 0)
(0.360734 0.0489238 0)
(0.358314 0.0904739 0)
(0.355232 0.137486 0)
(0.353154 0.188632 0)
(0.352032 0.240811 0)
(0.349917 0.29025 0)
(0.359325 0.376699 0)
(0.0552264 -0.119366 0)
(0.161605 -0.20489 0)
(0.201862 -0.198461 0)
(0.212772 -0.182447 0)
(0.223223 -0.170975 0)
(0.237193 -0.161847 0)
(0.253145 -0.152859 0)
(0.269814 -0.143081 0)
(0.286251 -0.132143 0)
(0.301678 -0.119796 0)
(0.31549 -0.105739 0)
(0.327307 -0.0895398 0)
(0.336932 -0.07048 0)
(0.344304 -0.0477598 0)
(0.349652 -0.0208457 0)
(0.353293 0.0109754 0)
(0.355643 0.0479879 0)
(0.357228 0.090292 0)
(0.360062 0.136041 0)
(0.365944 0.184823 0)
(0.374143 0.23526 0)
(0.380774 0.284108 0)
(0.394528 0.343237 0)
(0.134642 -0.23745 0)
(0.224594 -0.282802 0)
(0.220023 -0.208079 0)
(0.209066 -0.180704 0)
(0.216459 -0.173398 0)
(0.230658 -0.168168 0)
(0.246657 -0.161257 0)
(0.263064 -0.152433 0)
(0.279051 -0.141782 0)
(0.293868 -0.129275 0)
(0.306851 -0.114806 0)
(0.317449 -0.0982022 0)
(0.325098 -0.0786015 0)
(0.33014 -0.0549292 0)
(0.334375 -0.0268907 0)
(0.338232 0.00605793 0)
(0.342144 0.0436145 0)
(0.347188 0.0847786 0)
(0.356149 0.126578 0)
(0.369367 0.171614 0)
(0.383693 0.221119 0)
(0.396273 0.269113 0)
(0.413601 0.316379 0)
(0.197799 -0.428073 0)
(0.144287 -0.262288 0)
(0.152582 -0.175732 0)
(0.185803 -0.176622 0)
(0.206256 -0.176313 0)
(0.22212 -0.172677 0)
(0.23721 -0.165716 0)
(0.25214 -0.15622 0)
(0.266479 -0.144505 0)
(0.27953 -0.130676 0)
(0.29057 -0.11472 0)
(0.298517 -0.0966201 0)
(0.300434 -0.0756857 0)
(0.297032 -0.0522441 0)
(0.29927 -0.0263924 0)
(0.304515 0.00446974 0)
(0.313287 0.0400822 0)
(0.327964 0.0783658 0)
(0.347054 0.115938 0)
(0.367141 0.157149 0)
(0.387837 0.203668 0)
(0.410411 0.248697 0)
(0.439236 0.286068 0)
(-0.109287 -0.639039 0)
(-0.0547061 -0.31572 0)
(-0.00278368 -0.211455 0)
(0.0508374 -0.217613 0)
(0.0926173 -0.229069 0)
(0.126622 -0.229755 0)
(0.154983 -0.223698 0)
(0.178651 -0.213183 0)
(0.198535 -0.198103 0)
(0.215425 -0.178206 0)
(0.2298 -0.153296 0)
(0.241977 -0.122749 0)
(0.253205 -0.0843475 0)
(0.267549 -0.0530799 0)
(0.27115 -0.0299462 0)
(0.2723 0.00010936 0)
(0.276959 0.0364951 0)
(0.290823 0.0723159 0)
(0.315524 0.10338 0)
(0.344865 0.141966 0)
(0.381207 0.187595 0)
(0.424407 0.228294 0)
(0.471776 0.253739 0)
(-0.0788503 -0.345894 0)
(-0.064404 -0.34111 0)
(-0.0118713 -0.294545 0)
(0.0372724 -0.27101 0)
(0.0775534 -0.255494 0)
(0.110043 -0.240876 0)
(0.136987 -0.225778 0)
(0.159731 -0.209763 0)
(0.179041 -0.192211 0)
(0.195569 -0.17254 0)
(0.209907 -0.150245 0)
(0.222677 -0.124872 0)
(0.234616 -0.0964545 0)
(0.246244 -0.0685216 0)
(0.255501 -0.0421407 0)
(0.264098 -0.0176021 0)
(0.276439 0.000295715 0)
(0.289737 0.0259686 0)
(0.29048 0.074967 0)
(0.306241 0.121948 0)
(0.345962 0.169753 0)
(0.410854 0.202848 0)
(0.475448 0.2199 0)
(-0.0199306 -0.355744 0)
(-0.0204104 -0.369249 0)
(0.0100085 -0.337555 0)
(0.0449039 -0.31117 0)
(0.0775887 -0.289783 0)
(0.106265 -0.270347 0)
(0.131444 -0.25126 0)
(0.153756 -0.231746 0)
(0.173631 -0.211173 0)
(0.191493 -0.188973 0)
(0.207818 -0.164671 0)
(0.223184 -0.137939 0)
(0.238258 -0.108871 0)
(0.253339 -0.0784717 0)
(0.267926 -0.0477214 0)
(0.281443 -0.018109 0)
(0.292711 0.0078705 0)
(0.302776 0.0271589 0)
(0.317422 0.0315105 0)
(0.345349 0.0176373 0)
(0.395599 0.00615507 0)
(0.421373 0.097006 0)
(0.466761 0.16964 0)
(-0.00697174 -0.344145 0)
(0.000622758 -0.384841 0)
(0.0240316 -0.365489 0)
(0.0498142 -0.340988 0)
(0.0757839 -0.318102 0)
(0.100513 -0.296541 0)
(0.123784 -0.275396 0)
(0.145695 -0.253981 0)
(0.166388 -0.231722 0)
(0.186086 -0.208119 0)
(0.205106 -0.182777 0)
(0.223882 -0.155468 0)
(0.242916 -0.126297 0)
(0.262485 -0.0959009 0)
(0.28251 -0.06519 0)
(0.30268 -0.0353569 0)
(0.322599 -0.0074425 0)
(0.342901 0.018132 0)
(0.364869 0.0374758 0)
(0.385537 0.0451341 0)
(0.399686 0.0440645 0)
(0.41647 0.0374926 0)
(0.453286 0.015333 0)
(0.000782718 -0.341981 0)
(0.0103767 -0.400811 0)
(0.0289022 -0.386764 0)
(0.048522 -0.363997 0)
(0.0693648 -0.341267 0)
(0.0905875 -0.319268 0)
(0.111798 -0.297508 0)
(0.132868 -0.275457 0)
(0.153794 -0.252651 0)
(0.174681 -0.2287 0)
(0.195745 -0.203313 0)
(0.217302 -0.176346 0)
(0.239718 -0.147906 0)
(0.263267 -0.118462 0)
(0.288053 -0.088736 0)
(0.314014 -0.0597171 0)
(0.340981 -0.0324816 0)
(0.368963 -0.00826588 0)
(0.397357 0.010762 0)
(0.423334 0.0232727 0)
(0.444984 0.0345672 0)
(0.46883 0.0522532 0)
(0.499998 0.0652273 0)
(0.00605659 -0.350499 0)
(0.0138718 -0.41486 0)
(0.0274213 -0.402962 0)
(0.042482 -0.382041 0)
(0.0593656 -0.3605 0)
(0.0775359 -0.339217 0)
(0.0966074 -0.317913 0)
(0.116389 -0.296207 0)
(0.136826 -0.273759 0)
(0.157977 -0.250298 0)
(0.180004 -0.225632 0)
(0.203155 -0.199691 0)
(0.22772 -0.172585 0)
(0.253947 -0.14467 0)
(0.281975 -0.116529 0)
(0.311791 -0.0889858 0)
(0.343202 -0.0630531 0)
(0.375837 -0.0399088 0)
(0.408789 -0.0209002 0)
(0.440279 -0.00629612 0)
(0.46921 0.00650037 0)
(0.49735 0.0200995 0)
(0.52602 0.0298857 0)
(0.00753027 -0.360057 0)
(0.0130733 -0.42505 0)
(0.022542 -0.41494 0)
(0.0341122 -0.396254 0)
(0.0478208 -0.376539 0)
(0.0632887 -0.356667 0)
(0.0801914 -0.336509 0)
(0.0983474 -0.315819 0)
(0.117699 -0.294381 0)
(0.138293 -0.272027 0)
(0.160266 -0.248655 0)
(0.183825 -0.224252 0)
(0.209209 -0.198936 0)
(0.236629 -0.172993 0)
(0.266211 -0.146885 0)
(0.297935 -0.121258 0)
(0.331582 -0.0969036 0)
(0.366686 -0.0746926 0)
(0.402397 -0.0554272 0)
(0.437495 -0.0392718 0)
(0.471183 -0.0252534 0)
(0.503799 -0.0124393 0)
(0.53623 -0.00198291 0)
(0.00700205 -0.369105 0)
(0.0104582 -0.431884 0)
(0.0167713 -0.423676 0)
(0.0255645 -0.407438 0)
(0.0366176 -0.389844 0)
(0.0496465 -0.371745 0)
(0.064396 -0.353132 0)
(0.0807208 -0.333881 0)
(0.0985803 -0.313879 0)
(0.118023 -0.29305 0)
(0.139173 -0.271362 0)
(0.162205 -0.248848 0)
(0.187318 -0.22563 0)
(0.214686 -0.20194 0)
(0.244408 -0.178131 0)
(0.276457 -0.15468 0)
(0.310624 -0.132152 0)
(0.346473 -0.111138 0)
(0.383299 -0.092134 0)
(0.420228 -0.0753017 0)
(0.456665 -0.0603661 0)
(0.492442 -0.0471666 0)
(0.528157 -0.0363102 0)
(0.00563884 -0.376231 0)
(0.00744804 -0.4361 0)
(0.0115631 -0.429942 0)
(0.0181755 -0.416165 0)
(0.0270026 -0.400765 0)
(0.0378509 -0.384592 0)
(0.0505408 -0.367735 0)
(0.0649739 -0.350167 0)
(0.0811349 -0.331859 0)
(0.09908 -0.31281 0)
(0.118923 -0.293042 0)
(0.140815 -0.272623 0)
(0.16492 -0.251669 0)
(0.191379 -0.230367 0)
(0.220266 -0.208977 0)
(0.25155 -0.187828 0)
(0.28505 -0.1673 0)
(0.3204 -0.147773 0)
(0.35705 -0.129563 0)
(0.394366 -0.112839 0)
(0.431889 -0.0976608 0)
(0.469253 -0.0843088 0)
(0.506841 -0.0734001 0)
(0.00416512 -0.381287 0)
(0.00487373 -0.438574 0)
(0.00761461 -0.434414 0)
(0.0125758 -0.422929 0)
(0.0195863 -0.409646 0)
(0.028547 -0.395415 0)
(0.0393581 -0.380394 0)
(0.0519731 -0.364627 0)
(0.0664061 -0.348153 0)
(0.082724 -0.331021 0)
(0.101034 -0.313297 0)
(0.121469 -0.295068 0)
(0.144163 -0.276444 0)
(0.169229 -0.25757 0)
(0.196723 -0.238623 0)
(0.226615 -0.219817 0)
(0.258754 -0.201382 0)
(0.292849 -0.183549 0)
(0.328481 -0.166518 0)
(0.365186 -0.150461 0)
(0.402614 -0.135624 0)
(0.440351 -0.122549 0)
(0.47869 -0.111982 0)
(0.00296574 -0.384609 0)
(0.00309871 -0.44009 0)
(0.00511794 -0.437674 0)
(0.00890052 -0.428189 0)
(0.0144951 -0.416847 0)
(0.0218946 -0.404481 0)
(0.0310778 -0.391288 0)
(0.0420515 -0.377356 0)
(0.0548611 -0.362768 0)
(0.0695865 -0.347612 0)
(0.0863324 -0.331978 0)
(0.105216 -0.315965 0)
(0.126352 -0.299672 0)
(0.14983 -0.283205 0)
(0.175695 -0.266675 0)
(0.203918 -0.250199 0)
(0.234378 -0.233898 0)
(0.26685 -0.217891 0)
(0.301017 -0.202302 0)
(0.33654 -0.187305 0)
(0.373167 -0.173252 0)
(0.410514 -0.160867 0)
(0.448862 -0.151071 0)
(0.00217672 -0.386772 0)
(0.00218674 -0.441261 0)
(0.00396551 -0.440202 0)
(0.00698008 -0.432366 0)
(0.011537 -0.422734 0)
(0.0177117 -0.412101 0)
(0.0255555 -0.400666 0)
(0.0351262 -0.388543 0)
(0.0465002 -0.375836 0)
(0.0597715 -0.362656 0)
(0.0750455 -0.349107 0)
(0.0924296 -0.33529 0)
(0.112023 -0.321291 0)
(0.133902 -0.307179 0)
(0.158103 -0.29301 0)
(0.184602 -0.278826 0)
(0.213304 -0.264663 0)
(0.244034 -0.250561 0)
(0.276556 -0.236594 0)
(0.31063 -0.222937 0)
(0.346089 -0.210016 0)
(0.382615 -0.198702 0)
(0.420507 -0.190103 0)
(0.00179608 -0.388386 0)
(0.00203197 -0.44252 0)
(0.00389318 -0.442378 0)
(0.00648052 -0.435828 0)
(0.0103363 -0.427658 0)
(0.0156065 -0.418591 0)
(0.0224038 -0.408809 0)
(0.030831 -0.398425 0)
(0.0409927 -0.387552 0)
(0.0529971 -0.376307 0)
(0.0669522 -0.364803 0)
(0.0829602 -0.353133 0)
(0.101111 -0.341365 0)
(0.121473 -0.329538 0)
(0.144076 -0.317659 0)
(0.168905 -0.305709 0)
(0.195884 -0.293662 0)
(0.224879 -0.281504 0)
(0.255718 -0.269276 0)
(0.288237 -0.257161 0)
(0.322348 -0.245649 0)
(0.357805 -0.235733 0)
(0.394935 -0.228714 0)
(0.00175648 -0.389966 0)
(0.00245005 -0.44414 0)
(0.00457876 -0.444484 0)
(0.0070035 -0.438881 0)
(0.010439 -0.431927 0)
(0.0150867 -0.424249 0)
(0.0211071 -0.41599 0)
(0.0286391 -0.407246 0)
(0.0378106 -0.398128 0)
(0.0487422 -0.388751 0)
(0.0615452 -0.379222 0)
(0.0763201 -0.369626 0)
(0.0931522 -0.36001 0)
(0.112105 -0.350383 0)
(0.133208 -0.340708 0)
(0.156451 -0.330922 0)
(0.181775 -0.32095 0)
(0.209079 -0.31074 0)
(0.23824 -0.300317 0)
(0.269158 -0.289881 0)
(0.301808 -0.279982 0)
(0.336014 -0.27173 0)
(0.372127 -0.266605 0)
(0.00196184 -0.391886 0)
(0.00323324 -0.446263 0)
(0.00570493 -0.446714 0)
(0.00815391 -0.441762 0)
(0.0113863 -0.435797 0)
(0.0156418 -0.429331 0)
(0.0211141 -0.422452 0)
(0.0279669 -0.415232 0)
(0.0363451 -0.407767 0)
(0.0463781 -0.400164 0)
(0.0581805 -0.392519 0)
(0.0718527 -0.384904 0)
(0.0874787 -0.377344 0)
(0.10512 -0.369817 0)
(0.124808 -0.362252 0)
(0.146537 -0.354544 0)
(0.170261 -0.346584 0)
(0.195906 -0.338296 0)
(0.223387 -0.3297 0)
(0.252653 -0.321023 0)
(0.283732 -0.312876 0)
(0.316505 -0.306479 0)
(0.351336 -0.30347 0)
(0.00231201 -0.394375 0)
(0.00418684 -0.448918 0)
(0.00699434 -0.449174 0)
(0.00958168 -0.444635 0)
(0.012764 -0.439463 0)
(0.0168013 -0.434041 0)
(0.0219045 -0.428397 0)
(0.0282515 -0.42257 0)
(0.0359961 -0.416639 0)
(0.0452722 -0.410696 0)
(0.0561962 -0.404825 0)
(0.0688691 -0.399078 0)
(0.0833754 -0.393461 0)
(0.0997773 -0.387921 0)
(0.118107 -0.382355 0)
(0.138364 -0.376626 0)
(0.160513 -0.370597 0)
(0.1845 -0.364176 0)
(0.210273 -0.35739 0)
(0.237814 -0.350497 0)
(0.26719 -0.344175 0)
(0.298329 -0.339744 0)
(0.33159 -0.338979 0)
(0.0027157 -0.397532 0)
(0.00515041 -0.452051 0)
(0.00822622 -0.451899 0)
(0.0110039 -0.447599 0)
(0.0142299 -0.443059 0)
(0.0181681 -0.438531 0)
(0.023032 -0.433978 0)
(0.029002 -0.429408 0)
(0.036233 -0.424877 0)
(0.0448584 -0.420464 0)
(0.0549942 -0.416236 0)
(0.0667417 -0.412229 0)
(0.0801865 -0.408424 0)
(0.0953917 -0.404743 0)
(0.112392 -0.401052 0)
(0.131188 -0.397186 0)
(0.151758 -0.392986 0)
(0.174064 -0.388351 0)
(0.198074 -0.38332 0)
(0.223797 -0.378189 0)
(0.251323 -0.373702 0)
(0.280618 -0.371275 0)
(0.312023 -0.372792 0)
(0.00309414 -0.401351 0)
(0.00600371 -0.455546 0)
(0.00924203 -0.454868 0)
(0.0122129 -0.450697 0)
(0.0155268 -0.446666 0)
(0.0194364 -0.442899 0)
(0.0241456 -0.439301 0)
(0.0298267 -0.435848 0)
(0.0366278 -0.432578 0)
(0.0446769 -0.429551 0)
(0.0540865 -0.426822 0)
(0.064957 -0.424408 0)
(0.0773745 -0.422269 0)
(0.0914029 -0.420302 0)
(0.107078 -0.418348 0)
(0.124406 -0.416215 0)
(0.143373 -0.413724 0)
(0.163954 -0.41077 0)
(0.186135 -0.407407 0)
(0.209939 -0.403974 0)
(0.235473 -0.401282 0)
(0.26273 -0.400833 0)
(0.292029 -0.404592 0)
(0.00338719 -0.405748 0)
(0.0066661 -0.459257 0)
(0.00994618 -0.458024 0)
(0.0130763 -0.453929 0)
(0.0164823 -0.45032 0)
(0.0203944 -0.447204 0)
(0.0249962 -0.444435 0)
(0.0304424 -0.441962 0)
(0.0368672 -0.439805 0)
(0.0443883 -0.438012 0)
(0.0531117 -0.436625 0)
(0.0631348 -0.435644 0)
(0.0745424 -0.435012 0)
(0.0873984 -0.434604 0)
(0.10174 -0.434234 0)
(0.117578 -0.433689 0)
(0.134908 -0.432771 0)
(0.153717 -0.431372 0)
(0.174001 -0.429565 0)
(0.195793 -0.427733 0)
(0.219212 -0.426756 0)
(0.244276 -0.428213 0)
(0.271282 -0.434125 0)
(0.00356454 -0.410583 0)
(0.00709682 -0.463034 0)
(0.0103011 -0.461289 0)
(0.0135304 -0.457264 0)
(0.0170024 -0.454023 0)
(0.0209181 -0.451469 0)
(0.0254308 -0.449414 0)
(0.03067 -0.447787 0)
(0.0367493 -0.446596 0)
(0.0437718 -0.445881 0)
(0.0518336 -0.44567 0)
(0.0610263 -0.445953 0)
(0.0714313 -0.446658 0)
(0.083111 -0.447639 0)
(0.0961039 -0.448691 0)
(0.110428 -0.449577 0)
(0.126086 -0.450083 0)
(0.143077 -0.450099 0)
(0.161403 -0.449717 0)
(0.181107 -0.449369 0)
(0.202318 -0.450001 0)
(0.22508 -0.453271 0)
(0.249679 -0.461226 0)
(0.00363525 -0.415693 0)
(0.00729613 -0.466737 0)
(0.0103156 -0.46457 0)
(0.0135667 -0.46065 0)
(0.0170585 -0.457752 0)
(0.0209579 -0.455691 0)
(0.0253799 -0.454249 0)
(0.0304212 -0.453343 0)
(0.0361701 -0.452974 0)
(0.0427107 -0.453176 0)
(0.0501262 -0.453972 0)
(0.0584993 -0.455343 0)
(0.0679051 -0.457205 0)
(0.0784027 -0.459399 0)
(0.0900325 -0.461701 0)
(0.102819 -0.463852 0)
(0.116775 -0.465622 0)
(0.131909 -0.4669 0)
(0.14823 -0.467802 0)
(0.165789 -0.468808 0)
(0.184729 -0.470937 0)
(0.205127 -0.475921 0)
(0.227264 -0.485816 0)
(0.00364872 -0.420928 0)
(0.00729722 -0.470238 0)
(0.0100263 -0.467765 0)
(0.0132139 -0.464017 0)
(0.0166694 -0.461465 0)
(0.0205218 -0.45985 0)
(0.0248394 -0.458935 0)
(0.0296807 -0.458634 0)
(0.0351046 -0.458947 0)
(0.0411735 -0.45991 0)
(0.0479542 -0.461542 0)
(0.0555173 -0.463821 0)
(0.0639288 -0.466656 0)
(0.0732427 -0.469877 0)
(0.0835004 -0.473246 0)
(0.0947333 -0.476486 0)
(0.106966 -0.479355 0)
(0.120214 -0.481738 0)
(0.134495 -0.483777 0)
(0.149871 -0.486004 0)
(0.166504 -0.489517 0)
(0.184504 -0.496124 0)
(0.204165 -0.507892 0)
(0.0036807 -0.42619 0)
(0.00714454 -0.473405 0)
(0.00947452 -0.470771 0)
(0.012519 -0.467292 0)
(0.0158841 -0.465116 0)
(0.0196569 -0.463919 0)
(0.0238522 -0.463459 0)
(0.0284862 -0.463656 0)
(0.0335866 -0.464522 0)
(0.0391916 -0.466092 0)
(0.0453497 -0.468391 0)
(0.0521164 -0.471396 0)
(0.0595455 -0.475014 0)
(0.067683 -0.479071 0)
(0.0765702 -0.483318 0)
(0.0862452 -0.487465 0)
(0.0967423 -0.491259 0)
(0.108087 -0.494588 0)
(0.120308 -0.497616 0)
(0.133481 -0.500931 0)
(0.147786 -0.505717 0)
(0.163371 -0.513875 0)
(0.180558 -0.527484 0)
(0.00379487 -0.431452 0)
(0.0068687 -0.476097 0)
(0.00868927 -0.473489 0)
(0.0115345 -0.470411 0)
(0.0147674 -0.468662 0)
(0.0184344 -0.467871 0)
(0.0224906 -0.467806 0)
(0.0269094 -0.468408 0)
(0.0316872 -0.469702 0)
(0.036838 -0.471736 0)
(0.0423906 -0.474537 0)
(0.0483827 -0.478086 0)
(0.0548524 -0.482294 0)
(0.061835 -0.48699 0)
(0.0693686 -0.491919 0)
(0.0774969 -0.496786 0)
(0.0862634 -0.501329 0)
(0.0957045 -0.50544 0)
(0.105861 -0.509306 0)
(0.116821 -0.513574 0)
(0.128783 -0.519526 0)
(0.141934 -0.529167 0)
(0.156636 -0.544618 0)
(0.00398892 -0.436714 0)
(0.0064727 -0.47816 0)
(0.00768697 -0.475842 0)
(0.0103163 -0.473334 0)
(0.0133943 -0.47208 0)
(0.0169383 -0.47169 0)
(0.0208421 -0.471969 0)
(0.0250391 -0.472889 0)
(0.029497 -0.474498 0)
(0.0342074 -0.476857 0)
(0.0391788 -0.480001 0)
(0.0444294 -0.483917 0)
(0.049978 -0.488524 0)
(0.0558453 -0.493659 0)
(0.0620636 -0.499072 0)
(0.0686788 -0.504468 0)
(0.0757425 -0.50958 0)
(0.0833017 -0.514303 0)
(0.0914083 -0.518849 0)
(0.100162 -0.523927 0)
(0.109769 -0.530924 0)
(0.120449 -0.541974 0)
(0.132611 -0.559269 0)
(0.00417116 -0.441947 0)
(0.00593861 -0.479453 0)
(0.00648739 -0.477797 0)
(0.00893075 -0.476048 0)
(0.0118483 -0.475357 0)
(0.0152593 -0.475366 0)
(0.0189992 -0.475939 0)
(0.0229682 -0.477098 0)
(0.0271106 -0.478918 0)
(0.0313985 -0.481476 0)
(0.0358211 -0.484815 0)
(0.0403755 -0.488931 0)
(0.0450587 -0.493753 0)
(0.0498737 -0.499131 0)
(0.0548426 -0.504829 0)
(0.0600101 -0.510557 0)
(0.0654327 -0.51605 0)
(0.0711659 -0.521207 0)
(0.0772688 -0.526262 0)
(0.0838422 -0.531986 0)
(0.0910886 -0.539877 0)
(0.0992412 -0.552221 0)
(0.108744 -0.571331 0)
(0.00420538 -0.447038 0)
(0.00525321 -0.479891 0)
(0.00513409 -0.479379 0)
(0.00746039 -0.478569 0)
(0.0102192 -0.478494 0)
(0.0134881 -0.478889 0)
(0.0170505 -0.479708 0)
(0.0207831 -0.481033 0)
(0.0246141 -0.482973 0)
(0.0284999 -0.485619 0)
(0.0324124 -0.489022 0)
(0.0363274 -0.493186 0)
(0.0402197 -0.498052 0)
(0.0440721 -0.503488 0)
(0.0478927 -0.509276 0)
(0.0517195 -0.515138 0)
(0.0556086 -0.520818 0)
(0.0596187 -0.526219 0)
(0.0638093 -0.531594 0)
(0.0682696 -0.537769 0)
(0.0731758 -0.546354 0)
(0.0787473 -0.559803 0)
(0.0854266 -0.580606 0)
(0.00399663 -0.451817 0)
(0.00443807 -0.47949 0)
(0.00370197 -0.480674 0)
(0.006002 -0.480926 0)
(0.00859504 -0.481489 0)
(0.011707 -0.482243 0)
(0.0150721 -0.48326 0)
(0.0185553 -0.484688 0)
(0.0220758 -0.486672 0)
(0.0255795 -0.489315 0)
(0.0290238 -0.492675 0)
(0.032366 -0.49676 0)
(0.0355597 -0.501522 0)
(0.0385675 -0.506845 0)
(0.0413797 -0.512536 0)
(0.0440207 -0.518339 0)
(0.0465391 -0.52401 0)
(0.04899 -0.52946 0)
(0.0514249 -0.534952 0)
(0.0539076 -0.541351 0)
(0.0565619 -0.550362 0)
(0.0595492 -0.564612 0)
(0.0632543 -0.586836 0)
(0.00354581 -0.456149 0)
(0.00356321 -0.478341 0)
(0.00227672 -0.481801 0)
(0.00465059 -0.483144 0)
(0.00704777 -0.484333 0)
(0.00998009 -0.485408 0)
(0.0131212 -0.486575 0)
(0.0163357 -0.488056 0)
(0.0195421 -0.490027 0)
(0.0226807 -0.492602 0)
(0.0256992 -0.495838 0)
(0.0285409 -0.499744 0)
(0.0311429 -0.504279 0)
(0.0334483 -0.509345 0)
(0.0354267 -0.514774 0)
(0.0370831 -0.520341 0)
(0.0384518 -0.525823 0)
(0.0395783 -0.531133 0)
(0.0405 -0.536532 0)
(0.0412434 -0.542895 0)
(0.041852 -0.551989 0)
(0.0423761 -0.566608 0)
(0.0430639 -0.589771 0)
(0.0029114 -0.459991 0)
(0.00272803 -0.476562 0)
(0.000902549 -0.482856 0)
(0.00347599 -0.485221 0)
(0.00561696 -0.487002 0)
(0.00834451 -0.488351 0)
(0.011231 -0.489628 0)
(0.0141537 -0.491126 0)
(0.0170383 -0.493049 0)
(0.0198255 -0.495513 0)
(0.0224588 -0.498572 0)
(0.024874 -0.502231 0)
(0.0269964 -0.506452 0)
(0.0287532 -0.511154 0)
(0.0300937 -0.516197 0)
(0.0310018 -0.521387 0)
(0.0314947 -0.526526 0)
(0.0316056 -0.531527 0)
(0.0313543 -0.536631 0)
(0.0307227 -0.542687 0)
(0.0296531 -0.551475 0)
(0.0280353 -0.565905 0)
(0.025889 -0.589303 0)
(0.00198134 -0.46319 0)
(0.00203456 -0.474346 0)
(-0.000466005 -0.483796 0)
(0.0024936 -0.487123 0)
(0.00429199 -0.489464 0)
(0.00680346 -0.491039 0)
(0.00941074 -0.49239 0)
(0.0120211 -0.493883 0)
(0.0145765 -0.495737 0)
(0.017024 -0.49807 0)
(0.0193087 -0.500925 0)
(0.0213643 -0.504302 0)
(0.0231106 -0.508166 0)
(0.0244657 -0.512449 0)
(0.0253653 -0.517035 0)
(0.0257776 -0.521761 0)
(0.0257049 -0.526447 0)
(0.0251675 -0.53101 0)
(0.0241675 -0.535654 0)
(0.0226455 -0.541165 0)
(0.020442 -0.549263 0)
(0.0172603 -0.562888 0)
(0.0128134 -0.585631 0)
(-0.000103977 -0.465164 0)
(0.00157555 -0.472067 0)
(-0.00194228 -0.484483 0)
(0.00158558 -0.488919 0)
(0.00300715 -0.491723 0)
(0.00533378 -0.493445 0)
(0.00765456 -0.494831 0)
(0.00994248 -0.4963 0)
(0.0121663 -0.498077 0)
(0.014285 -0.500272 0)
(0.0162491 -0.502921 0)
(0.0179958 -0.506017 0)
(0.0194473 -0.509528 0)
(0.0205232 -0.513392 0)
(0.0211587 -0.517508 0)
(0.0213165 -0.521736 0)
(0.0209891 -0.525922 0)
(0.0201852 -0.529982 0)
(0.0188962 -0.534082 0)
(0.0170408 -0.538904 0)
(0.0143886 -0.546023 0)
(0.0104761 -0.55828 0)
(0.00468359 -0.579422 0)
(-0.00524337 -0.465317 0)
(0.00123357 -0.470345 0)
(-0.00378436 -0.485331 0)
(0.000482315 -0.490813 0)
(0.00173369 -0.493844 0)
(0.00392393 -0.495596 0)
(0.00596161 -0.496967 0)
(0.00792865 -0.498389 0)
(0.0098247 -0.500083 0)
(0.0116225 -0.502146 0)
(0.0132818 -0.504607 0)
(0.014749 -0.507454 0)
(0.0159587 -0.510651 0)
(0.0168443 -0.514136 0)
(0.0173521 -0.517819 0)
(0.0174489 -0.52158 0)
(0.0171244 -0.525289 0)
(0.0163839 -0.528873 0)
(0.0152239 -0.532449 0)
(0.0135729 -0.536575 0)
(0.0111836 -0.54261 0)
(0.00750202 -0.553153 0)
(0.00163879 -0.571918 0)
(-0.0152923 -0.463504 0)
(0.000396988 -0.469945 0)
(-0.00625604 -0.487018 0)
(-0.00082383 -0.49313 0)
(0.000462928 -0.495974 0)
(0.00256516 -0.497638 0)
(0.00434322 -0.498933 0)
(0.00600341 -0.500279 0)
(0.00757862 -0.501884 0)
(0.00905884 -0.503829 0)
(0.0104176 -0.506134 0)
(0.0116177 -0.508778 0)
(0.0126133 -0.511719 0)
(0.0133583 -0.514894 0)
(0.0138154 -0.518222 0)
(0.0139627 -0.521602 0)
(0.0137971 -0.524932 0)
(0.0133346 -0.528147 0)
(0.0125939 -0.531326 0)
(0.0115408 -0.534902 0)
(0.00997135 -0.539985 0)
(0.00735552 -0.548819 0)
(0.00269661 -0.564855 0)
(-0.0317591 -0.458007 0)
(-0.00112029 -0.470791 0)
(-0.00934691 -0.489377 0)
(-0.00220623 -0.495809 0)
(-0.000680369 -0.498179 0)
(0.00127047 -0.499582 0)
(0.0028333 -0.500713 0)
(0.00420877 -0.501944 0)
(0.00546836 -0.50345 0)
(0.00662977 -0.505292 0)
(0.00768672 -0.507471 0)
(0.00862187 -0.509959 0)
(0.0094096 -0.512708 0)
(0.0100224 -0.515658 0)
(0.01044 -0.518738 0)
(0.0106568 -0.521866 0)
(0.0106861 -0.52496 0)
(0.0105631 -0.527968 0)
(0.0103354 -0.530949 0)
(0.01002 -0.534234 0)
(0.00950227 -0.538703 0)
(0.00838211 -0.546216 0)
(0.00575853 -0.559825 0)
(-0.0569285 -0.440566 0)
(-0.00255707 -0.475206 0)
(-0.012571 -0.491987 0)
(-0.00364262 -0.497947 0)
(-0.00161105 -0.499598 0)
(0.000201989 -0.5005 0)
(0.00153674 -0.501345 0)
(0.00261943 -0.502408 0)
(0.00355683 -0.503797 0)
(0.0043951 -0.505536 0)
(0.00514809 -0.507607 0)
(0.00581451 -0.509972 0)
(0.00638316 -0.512581 0)
(0.00684093 -0.515381 0)
(0.00718304 -0.518308 0)
(0.00741923 -0.521297 0)
(0.00757722 -0.524285 0)
(0.00770662 -0.527242 0)
(0.00787659 -0.530224 0)
(0.00814785 -0.533497 0)
(0.00849515 -0.537762 0)
(0.00867765 -0.544553 0)
(0.0080009 -0.556582 0)
(-0.0932505 -0.402235 0)
(-0.00341306 -0.493903 0)
(-0.0142671 -0.498002 0)
(-0.00466165 -0.500183 0)
(-0.00201818 -0.500118 0)
(-0.000419602 -0.500119 0)
(0.000596461 -0.500509 0)
(0.00133525 -0.501337 0)
(0.00192989 -0.502585 0)
(0.0024406 -0.504219 0)
(0.00289102 -0.506193 0)
(0.0032873 -0.508462 0)
(0.0036265 -0.510973 0)
(0.0039048 -0.513672 0)
(0.00412584 -0.516506 0)
(0.00430518 -0.51942 0)
(0.00447243 -0.522377 0)
(0.00467428 -0.52537 0)
(0.00497666 -0.528472 0)
(0.00545302 -0.531919 0)
(0.00612924 -0.536283 0)
(0.00685265 -0.542818 0)
(0.00703833 -0.553863 0)
(-0.117257 -0.345415 0)
(-0.00411677 -0.536528 0)
(-0.00938269 -0.513999 0)
(-0.0031298 -0.508847 0)
(-0.00119044 -0.505954 0)
(-0.000328532 -0.504818 0)
(0.000120674 -0.50474 0)
(0.000410201 -0.505379 0)
(0.000627486 -0.506554 0)
(0.000805937 -0.508162 0)
(0.000959102 -0.510132 0)
(0.00109156 -0.512403 0)
(0.00120362 -0.514921 0)
(0.00129498 -0.517631 0)
(0.00136817 -0.520485 0)
(0.00143067 -0.523436 0)
(0.00149625 -0.526457 0)
(0.0015872 -0.529558 0)
(0.00173774 -0.532828 0)
(0.00199384 -0.5365 0)
(0.00239367 -0.541077 0)
(0.00289792 -0.547578 0)
(0.00320346 -0.557852 0)
(0.304849 0.316432 0)
(0.147575 0.236744 0)
(0.00400326 0.169015 0)
(-0.121952 0.185061 0)
(0.400518 0.370815 0)
(0.362213 0.367044 0)
(0.301186 0.34605 0)
(0.230152 0.333607 0)
(0.435761 0.352417 0)
(0.449974 0.373296 0)
(0.45743 0.385639 0)
(0.456489 0.39043 0)
(0.469204 0.311332 0)
(0.492316 0.32702 0)
(0.517113 0.341425 0)
(0.541771 0.353983 0)
(0.506728 0.266428 0)
(0.529624 0.274146 0)
(0.554306 0.282471 0)
(0.580612 0.291512 0)
(0.519265 0.229245 0)
(0.546399 0.235583 0)
(0.57409 0.242206 0)
(0.601406 0.249172 0)
(0.507511 0.197391 0)
(0.533605 0.20984 0)
(0.5622 0.219184 0)
(0.589161 0.2235 0)
(0.488606 0.0165822 0)
(0.516345 0.0230061 0)
(0.546805 0.0362515 0)
(0.57716 0.064283 0)
(0.519293 0.0729731 0)
(0.529217 0.0763333 0)
(0.538233 0.0779362 0)
(0.549584 0.0776794 0)
(0.546122 0.0347928 0)
(0.559408 0.0383983 0)
(0.572292 0.0435452 0)
(0.584839 0.0506799 0)
(0.559836 0.00469608 0)
(0.575301 0.00923267 0)
(0.590242 0.0147563 0)
(0.604467 0.0220101 0)
(0.554316 -0.0295504 0)
(0.571344 -0.0246385 0)
(0.587816 -0.0182785 0)
(0.603428 -0.00979321 0)
(0.534586 -0.0666957 0)
(0.552712 -0.0614175 0)
(0.570357 -0.0541152 0)
(0.587195 -0.0440918 0)
(0.50727 -0.105599 0)
(0.526064 -0.100177 0)
(0.544516 -0.0921874 0)
(0.562325 -0.0808753 0)
(0.47776 -0.145364 0)
(0.496895 -0.140094 0)
(0.515838 -0.131766 0)
(0.534321 -0.119546 0)
(0.449382 -0.185442 0)
(0.468622 -0.180608 0)
(0.487804 -0.172268 0)
(0.506692 -0.15951 0)
(0.423525 -0.225422 0)
(0.442674 -0.221261 0)
(0.461873 -0.213186 0)
(0.480914 -0.200206 0)
(0.400182 -0.264921 0)
(0.419045 -0.261613 0)
(0.438038 -0.254012 0)
(0.456972 -0.241057 0)
(0.378588 -0.303545 0)
(0.396961 -0.301205 0)
(0.415507 -0.294213 0)
(0.43406 -0.281449 0)
(0.357759 -0.340878 0)
(0.375426 -0.339554 0)
(0.393282 -0.33323 0)
(0.411174 -0.320739 0)
(0.336837 -0.376503 0)
(0.353596 -0.37618 0)
(0.370535 -0.370514 0)
(0.387507 -0.358307 0)
(0.315257 -0.410042 0)
(0.33094 -0.410657 0)
(0.346775 -0.405591 0)
(0.362624 -0.393622 0)
(0.292759 -0.441197 0)
(0.30725 -0.442663 0)
(0.321862 -0.438114 0)
(0.336465 -0.426321 0)
(0.269318 -0.469789 0)
(0.282564 -0.47202 0)
(0.295911 -0.467917 0)
(0.309241 -0.456259 0)
(0.245045 -0.495769 0)
(0.257053 -0.498709 0)
(0.269166 -0.495029 0)
(0.281287 -0.483526 0)
(0.220116 -0.519189 0)
(0.230933 -0.522838 0)
(0.241891 -0.519628 0)
(0.25292 -0.508392 0)
(0.194718 -0.540152 0)
(0.204395 -0.54457 0)
(0.214283 -0.54196 0)
(0.224348 -0.531204 0)
(0.169018 -0.558739 0)
(0.177584 -0.564039 0)
(0.186455 -0.562228 0)
(0.195639 -0.552255 0)
(0.143166 -0.574957 0)
(0.150599 -0.581283 0)
(0.15844 -0.580515 0)
(0.166749 -0.571685 0)
(0.117342 -0.588693 0)
(0.123548 -0.596191 0)
(0.130261 -0.596721 0)
(0.137591 -0.589408 0)
(0.0918509 -0.599691 0)
(0.0966645 -0.608471 0)
(0.102053 -0.610513 0)
(0.10818 -0.605051 0)
(0.0672432 -0.607567 0)
(0.070442 -0.617652 0)
(0.0742328 -0.621332 0)
(0.078828 -0.617958 0)
(0.044392 -0.611875 0)
(0.045755 -0.623157 0)
(0.0476516 -0.628462 0)
(0.0503418 -0.627264 0)
(0.0244898 -0.612264 0)
(0.0238853 -0.624466 0)
(0.023666 -0.631199 0)
(0.0241311 -0.632063 0)
(0.00892974 -0.608685 0)
(0.00643049 -0.621346 0)
(0.00407817 -0.629104 0)
(0.00219172 -0.631671 0)
(-0.000989741 -0.601634 0)
(-0.00498717 -0.614144 0)
(-0.00914486 -0.62232 0)
(-0.0131527 -0.625968 0)
(-0.00466123 -0.592349 0)
(-0.0093806 -0.604034 0)
(-0.0145718 -0.611889 0)
(-0.0199617 -0.6158 0)
(-0.00285879 -0.582817 0)
(-0.00727582 -0.593119 0)
(-0.0123666 -0.599979 0)
(-0.0179258 -0.603344 0)
(0.00198787 -0.575267 0)
(-0.0012802 -0.584013 0)
(-0.00522007 -0.589548 0)
(-0.00967712 -0.591854 0)
(0.00621041 -0.570313 0)
(0.00434653 -0.577894 0)
(0.00199266 -0.582321 0)
(-0.000648504 -0.583572 0)
(0.00653242 -0.56634 0)
(0.00584709 -0.573204 0)
(0.00493217 -0.577117 0)
(0.003987 -0.578059 0)
(0.00311065 -0.569032 0)
(0.00286027 -0.575296 0)
(0.00251394 -0.579219 0)
(0.0022421 -0.580787 0)
(0.00209848 0.390757 0)
(0.327296 0.507341 0)
(0.448903 0.713839 0)
(0.531604 0.85476 0)
(0.625179 0.71785 0)
(0.731839 0.491175 0)
(0.820312 0.33531 0)
(0.869099 0.258857 0)
(0.885543 0.220253 0)
(0.884602 0.185942 0)
(0.879522 0.126713 0)
(0.852256 0.0517741 0)
(0.771841 -0.0289426 0)
(0.588595 -0.164541 0)
(-0.0507125 -0.510575 0)
(-0.346309 -0.815541 0)
(-0.542638 -1.04367 0)
(-0.577744 -1.35332 0)
(-0.304785 -1.50252 0)
(0.170088 0.396653 0)
(0.275661 0.476817 0)
(0.386514 0.593802 0)
(0.579876 0.645484 0)
(0.75572 0.576365 0)
(0.867689 0.438808 0)
(0.915027 0.318276 0)
(0.926018 0.250371 0)
(0.930121 0.215719 0)
(0.938751 0.182205 0)
(0.942046 0.131097 0)
(0.921971 0.0712261 0)
(0.877316 0.00388767 0)
(0.820296 -0.0725878 0)
(0.744141 -0.152173 0)
(0.571931 -0.311531 0)
(0.120398 -0.82259 0)
(-0.294567 -1.32554 0)
(-0.250326 -1.94631 0)
(0.44466 0.404699 0)
(0.471827 0.449735 0)
(0.551625 0.505066 0)
(0.684411 0.522156 0)
(0.819724 0.483534 0)
(0.91159 0.402977 0)
(0.952607 0.317328 0)
(0.964649 0.25724 0)
(0.969958 0.220391 0)
(0.974334 0.185988 0)
(0.97005 0.13946 0)
(0.950965 0.0849559 0)
(0.921215 0.029543 0)
(0.880672 -0.0265443 0)
(0.819929 -0.095273 0)
(0.738199 -0.194583 0)
(0.608676 -0.32385 0)
(0.193431 -0.920957 0)
(0.0227453 -2.36195 0)
(0.579063 0.372839 0)
(0.627384 0.404676 0)
(0.690743 0.436515 0)
(0.775067 0.442291 0)
(0.863358 0.410538 0)
(0.933063 0.351143 0)
(0.975643 0.289366 0)
(0.996742 0.244966 0)
(1.00495 0.216332 0)
(1.00316 0.189999 0)
(0.988841 0.154645 0)
(0.960393 0.109796 0)
(0.919716 0.0587104 0)
(0.872347 0.000326975 0)
(0.825788 -0.0631854 0)
(0.775409 -0.138426 0)
(0.705154 -0.240151 0)
(0.512813 -0.478292 0)
(0.363159 -2.1676 0)
(0.627257 0.309966 0)
(0.692403 0.341248 0)
(0.757 0.3651 0)
(0.824831 0.365078 0)
(0.893149 0.337663 0)
(0.953352 0.293494 0)
(0.998371 0.251059 0)
(1.02552 0.223205 0)
(1.03493 0.208479 0)
(1.02645 0.197416 0)
(0.99967 0.180132 0)
(0.95749 0.151761 0)
(0.903571 0.11147 0)
(0.842803 0.0528504 0)
(0.785838 -0.0261293 0)
(0.742942 -0.114298 0)
(0.706183 -0.201688 0)
(0.6331 -0.368008 0)
(0.532417 -1.23035 0)
(0.64601 0.266112 0)
(0.712664 0.297186 0)
(0.781502 0.319173 0)
(0.850941 0.316818 0)
(0.916377 0.292082 0)
(0.973806 0.256298 0)
(1.01848 0.22561 0)
(1.04688 0.210908 0)
(1.05667 0.209641 0)
(1.04361 0.211884 0)
(1.00433 0.205409 0)
(0.942958 0.188416 0)
(0.864676 0.167418 0)
(0.780415 0.119267 0)
(0.709339 0.0308605 0)
(0.664279 -0.0798295 0)
(0.648613 -0.180632 0)
(0.618855 -0.290284 0)
(0.555107 -0.741099 0)
(0.63002 0.239832 0)
(0.697947 0.268143 0)
(0.77693 0.288109 0)
(0.858918 0.285547 0)
(0.930336 0.26445 0)
(0.987258 0.233768 0)
(1.02569 0.209536 0)
(1.04582 0.202722 0)
(1.04954 0.208859 0)
(1.03189 0.22353 0)
(0.981036 0.237551 0)
(0.888563 0.233203 0)
(0.752277 0.220324 0)
(0.651558 0.177164 0)
(0.582084 0.0854024 0)
(0.539653 -0.0462181 0)
(0.540313 -0.163722 0)
(0.542813 -0.231815 0)
(0.460452 -0.423018 0)
(0.615418 0.113536 0)
(0.673478 0.152523 0)
(0.7508 0.177407 0)
(0.838698 0.191932 0)
(0.909594 0.185905 0)
(0.952289 0.170629 0)
(0.956305 0.163878 0)
(0.92152 0.180573 0)
(0.879667 0.220243 0)
(0.856453 0.278028 0)
(0.853938 0.31592 0)
(0.82216 0.332897 0)
(0.542732 0.281123 0)
(0.425398 0.211736 0)
(0.392584 0.104418 0)
(0.374866 -0.03936 0)
(0.398099 -0.160629 0)
(0.420205 -0.173694 0)
(0.333992 -0.133907 0)
(0.577352 0.0719563 0)
(0.620561 0.0587851 0)
(0.657333 0.04866 0)
(0.684361 0.0524039 0)
(0.695804 0.0810913 0)
(0.686748 0.129357 0)
(0.655922 0.188262 0)
(0.605385 0.240311 0)
(0.537646 0.278561 0)
(0.448696 0.323874 0)
(0.332768 0.416517 0)
(0.24808 0.643303 0)
(-0.359171 0.947415 0)
(0.0686139 0.181505 0)
(0.170447 0.0610331 0)
(0.210492 -0.0775277 0)
(0.246686 -0.179513 0)
(0.269559 -0.124789 0)
(0.197889 0.106607 0)
(0.60772 0.0649115 0)
(0.638043 0.0830436 0)
(0.657897 0.101157 0)
(0.663202 0.124488 0)
(0.654203 0.157241 0)
(0.630644 0.200277 0)
(0.591396 0.25151 0)
(0.533833 0.304115 0)
(0.451656 0.355311 0)
(0.336881 0.41808 0)
(0.183662 0.526349 0)
(0.0716645 0.731342 0)
(-0.209014 0.832051 0)
(-0.181471 0.0702732 0)
(-0.0469019 -0.0719838 0)
(0.0764339 -0.146698 0)
(0.111575 -0.202938 0)
(0.106997 -0.0903907 0)
(0.0606058 0.224685 0)
(0.627771 0.0372559 0)
(0.655255 0.0629998 0)
(0.672504 0.0925248 0)
(0.676446 0.12853 0)
(0.667696 0.173717 0)
(0.646348 0.228984 0)
(0.610923 0.293657 0)
(0.557557 0.365719 0)
(0.479715 0.445239 0)
(0.371743 0.539411 0)
(0.233209 0.66432 0)
(0.116585 0.829956 0)
(0.0719366 0.826315 0)
(-0.309089 0.357677 0)
(-0.103365 -0.235036 0)
(-0.0142838 -0.227725 0)
(0.0226793 -0.210177 0)
(-0.0336913 -0.0719779 0)
(-0.03425 0.245856 0)
(0.628406 0.00802303 0)
(0.65789 0.0403266 0)
(0.678636 0.0790461 0)
(0.688324 0.125429 0)
(0.687059 0.181673 0)
(0.674264 0.249365 0)
(0.648106 0.329046 0)
(0.605217 0.420376 0)
(0.541248 0.523696 0)
(0.453886 0.641757 0)
(0.346145 0.778272 0)
(0.246027 0.921684 0)
(0.23115 0.915251 0)
(-0.0749648 0.455453 0)
(-0.0826503 -0.299379 0)
(-0.0799634 -0.291386 0)
(0.0159813 -0.200513 0)
(-0.0995174 -0.0572135 0)
(-0.0867278 0.18633 0)
(0.614192 -0.0228502 0)
(0.647242 0.0159379 0)
(0.673197 0.0626583 0)
(0.690192 0.117958 0)
(0.697914 0.183866 0)
(0.695184 0.26254 0)
(0.679935 0.355409 0)
(0.649364 0.462803 0)
(0.600711 0.584235 0)
(0.533462 0.718437 0)
(0.451557 0.860773 0)
(0.368305 0.990446 0)
(0.331397 0.998155 0)
(0.19042 0.624098 0)
(-0.0118612 -0.251197 0)
(-0.122287 -0.295217 0)
(0.0695142 -0.196676 0)
(-0.0798351 -0.0294817 0)
(-0.0844892 0.107584 0)
(0.591153 -0.0566095 0)
(0.627833 -0.0124509 0)
(0.658983 0.040638 0)
(0.683012 0.103239 0)
(0.699306 0.17754 0)
(0.706259 0.266181 0)
(0.701548 0.371146 0)
(0.682467 0.492927 0)
(0.646604 0.629963 0)
(0.593373 0.777795 0)
(0.525691 0.92629 0)
(0.449995 1.04997 0)
(0.392799 1.06763 0)
(0.341298 0.777322 0)
(0.0729512 -0.112907 0)
(-0.138141 -0.251999 0)
(0.169984 -0.222659 0)
(0.0309794 0.013881 0)
(-0.0271872 0.0505068 0)
(0.564543 -0.092976 0)
(0.604348 -0.0447382 0)
(0.64004 0.0132166 0)
(0.670174 0.0816629 0)
(0.693945 0.163201 0)
(0.709408 0.260983 0)
(0.713911 0.377442 0)
(0.704421 0.513136 0)
(0.677972 0.665709 0)
(0.632612 0.828628 0)
(0.568522 0.988453 0)
(0.486929 1.1165 0)
(0.398706 1.14072 0)
(0.337921 0.884514 0)
(0.00165157 0.132982 0)
(-0.068972 -0.211057 0)
(0.289351 -0.324421 0)
(0.212091 0.0272044 0)
(0.098299 0.203613 0)
(0.537835 -0.131328 0)
(0.58003 -0.0801607 0)
(0.619345 -0.0186258 0)
(0.654412 0.054433 0)
(0.684297 0.142192 0)
(0.706806 0.248401 0)
(0.718965 0.376012 0)
(0.717259 0.525842 0)
(0.697818 0.695311 0)
(0.65681 0.877046 0)
(0.590734 1.05638 0)
(0.494066 1.20372 0)
(0.356415 1.24849 0)
(0.248113 0.990666 0)
(-0.147275 0.247644 0)
(0.0256786 -0.300329 0)
(0.409309 -0.525406 0)
(0.406627 -0.0592498 0)
(0.244241 0.420638 0)
(0.512498 -0.171013 0)
(0.556254 -0.11791 0)
(0.598134 -0.053867 0)
(0.636841 0.0227824 0)
(0.671359 0.115867 0)
(0.699388 0.229822 0)
(0.717793 0.368238 0)
(0.72279 0.532466 0)
(0.709924 0.720316 0)
(0.674079 0.924812 0)
(0.609388 1.13208 0)
(0.506594 1.31422 0)
(0.324408 1.40057 0)
(0.19016 1.09986 0)
(0.242219 0.253163 0)
(0.411355 -0.276886 0)
(0.582743 -0.606988 0)
(0.545688 -0.0678809 0)
(0.357136 0.726611 0)
(0.488496 -0.211334 0)
(0.532906 -0.157087 0)
(0.576187 -0.0913871 0)
(0.617127 -0.0119838 0)
(0.654673 0.0856122 0)
(0.686618 0.206533 0)
(0.709979 0.355024 0)
(0.721275 0.53307 0)
(0.716492 0.739189 0)
(0.691003 0.967583 0)
(0.639926 1.20657 0)
(0.556321 1.43221 0)
(0.329825 1.56121 0)
(0.345702 1.05294 0)
(0.669847 0.0250241 0)
(0.816852 -0.326254 0)
(0.739682 -0.486144 0)
(0.462759 -0.0726523 0)
(0.401486 1.23939 0)
(0.464998 -0.251534 0)
(0.50909 -0.196707 0)
(0.552519 -0.12996 0)
(0.594154 -0.0484383 0)
(0.632946 0.052961 0)
(0.666923 0.179915 0)
(0.693641 0.337099 0)
(0.710694 0.526811 0)
(0.716055 0.747812 0)
(0.708577 0.994861 0)
(0.690758 1.25766 0)
(0.666624 1.51585 0)
(0.497021 1.64454 0)
(0.848439 0.581691 0)
(0.932981 -0.00228186 0)
(0.941392 -0.299485 0)
(0.864441 -0.331704 0)
(0.709927 0.00221226 0)
(0.508989 1.68286 0)
(0.441001 -0.290821 0)
(0.483799 -0.235737 0)
(0.526112 -0.168277 0)
(0.566831 -0.0849865 0)
(0.604886 0.0197302 0)
(0.638534 0.151801 0)
(0.666102 0.315818 0)
(0.686779 0.513499 0)
(0.701735 0.742334 0)
(0.715826 0.994794 0)
(0.745268 1.25808 0)
(0.798776 1.5095 0)
(0.898592 1.57271 0)
(0.991652 0.499702 0)
(1.05712 0.00790578 0)
(1.02739 -0.251353 0)
(1.00438 -0.24742 0)
(0.851075 0.211819 0)
(0.638345 2.20108 0)
(0.415749 -0.328437 0)
(0.456382 -0.273186 0)
(0.496446 -0.205043 0)
(0.534739 -0.119948 0)
(0.57003 -0.0119421 0)
(0.60059 0.1248 0)
(0.625338 0.294092 0)
(0.64483 0.495905 0)
(0.662973 0.724301 0)
(0.690623 0.964974 0)
(0.760289 1.19408 0)
(0.897188 1.37589 0)
(1.20833 1.33752 0)
(1.41737 0.730092 0)
(1.25988 -0.0397474 0)
(1.30711 -0.236166 0)
(1.25694 -0.25221 0)
(0.947239 0.27454 0)
(0.738106 2.9233 0)
(0.388921 -0.363753 0)
(0.426759 -0.308242 0)
(0.463764 -0.239163 0)
(0.498517 -0.151794 0)
(0.529408 -0.0398714 0)
(0.55432 0.102088 0)
(0.572244 0.276494 0)
(0.584092 0.480944 0)
(0.592999 0.704693 0)
(0.611387 0.921283 0)
(0.686916 1.08184 0)
(0.882905 1.13238 0)
(1.26463 0.990969 0)
(1.61011 0.570879 0)
(1.75173 0.0824497 0)
(2.43386 -0.279277 0)
(1.3222 0.0703891 0)
(0.716202 0.922344 0)
(0.728049 3.61597 0)
(0.360627 -0.396374 0)
(0.395394 -0.34043 0)
(0.429055 -0.270002 0)
(0.459896 -0.179581 0)
(0.485771 -0.062527 0)
(0.503769 0.0863209 0)
(0.512657 0.267703 0)
(0.511943 0.477772 0)
(0.497443 0.7021 0)
(0.476929 0.895977 0)
(0.512917 0.967608 0)
(0.715454 0.858914 0)
(1.11723 0.61974 0)
(1.57517 0.288119 0)
(1.8155 -0.100368 0)
(2.75784 -0.395967 0)
(1.99205 0.638989 0)
(0.41857 1.81186 0)
(0.624513 4.14474 0)
(0.331275 -0.426207 0)
(0.363106 -0.369735 0)
(0.393771 -0.297616 0)
(0.421323 -0.203407 0)
(0.443134 -0.0799137 0)
(0.455406 0.0780414 0)
(0.457276 0.269633 0)
(0.443785 0.494027 0)
(0.402035 0.736147 0)
(0.319996 0.932607 0)
(0.274873 0.916508 0)
(0.413838 0.58386 0)
(0.728992 0.134541 0)
(1.01415 -0.200449 0)
(1.22011 -0.538665 0)
(1.66198 -0.621975 0)
(1.42468 1.21293 0)
(0.0719147 2.67568 0)
(0.526302 4.47764 0)
(0.301379 -0.453472 0)
(0.330775 -0.396625 0)
(0.359385 -0.322834 0)
(0.385243 -0.224631 0)
(0.405604 -0.0941681 0)
(0.416497 0.074042 0)
(0.418312 0.277713 0)
(0.40501 0.52185 0)
(0.362163 0.794587 0)
(0.256201 1.00997 0)
(0.284737 0.87833 0)
(0.592168 0.279712 0)
(0.77534 -0.0342475 0)
(0.802643 -0.160763 0)
(0.781513 -0.407792 0)
(0.629302 -0.485227 0)
(0.874327 1.41008 0)
(-0.231035 3.251 0)
(0.437211 4.57437 0)
(0.271365 -0.478628 0)
(0.299055 -0.421943 0)
(0.326915 -0.347098 0)
(0.353257 -0.245627 0)
(0.375708 -0.10916 0)
(0.391124 0.0677131 0)
(0.401115 0.281333 0)
(0.407123 0.539329 0)
(0.399474 0.834046 0)
(0.333377 1.04561 0)
(0.623802 0.635769 0)
(0.810903 0.184789 0)
(0.839388 0.0276943 0)
(0.802037 -0.0706963 0)
(0.69242 -0.368197 0)
(0.179602 -0.258309 0)
(0.311764 1.62324 0)
(-0.429364 3.4821 0)
(0.224228 4.47234 0)
(0.24145 -0.502231 0)
(0.268189 -0.446684 0)
(0.296629 -0.372091 0)
(0.325662 -0.269157 0)
(0.353731 -0.129303 0)
(0.379122 0.0521284 0)
(0.404693 0.267848 0)
(0.442642 0.520971 0)
(0.487846 0.806626 0)
(0.532102 0.955065 0)
(0.816189 0.339625 0)
(0.876134 0.134755 0)
(0.874983 0.0328069 0)
(0.847624 -0.00534066 0)
(0.789287 -0.075185 0)
(0.359255 -0.0039315 0)
(0.0232874 1.72443 0)
(-0.343034 3.58345 0)
(0.0478205 4.23391 0)
(0.211609 -0.524759 0)
(0.237946 -0.471712 0)
(0.267956 -0.39927 0)
(0.3013 -0.297547 0)
(0.337482 -0.158106 0)
(0.37645 0.0225435 0)
(0.41964 0.231663 0)
(0.488175 0.457524 0)
(0.5876 0.709907 0)
(0.718474 0.817058 0)
(0.873671 0.263399 0)
(0.887682 0.108142 0)
(0.880734 0.045546 0)
(0.855647 0.0462394 0)
(0.817479 0.051933 0)
(0.636186 0.283912 0)
(0.190986 1.9462 0)
(-0.0787139 3.67043 0)
(0.0052318 4.10406 0)
(0.18162 -0.546468 0)
(0.207729 -0.497531 0)
(0.239707 -0.429486 0)
(0.278029 -0.332047 0)
(0.323158 -0.197109 0)
(0.375561 -0.0228038 0)
(0.435877 0.178592 0)
(0.523654 0.36594 0)
(0.65653 0.568407 0)
(0.830579 0.702036 0)
(0.897993 0.258891 0)
(0.87596 0.0977418 0)
(0.863276 0.0604402 0)
(0.839526 0.0906294 0)
(0.806592 0.139542 0)
(0.727479 0.479531 0)
(0.443912 2.20969 0)
(0.164722 3.86376 0)
(0.0386547 4.12695 0)
(0.151175 -0.567295 0)
(0.176767 -0.524161 0)
(0.210437 -0.462872 0)
(0.253472 -0.372859 0)
(0.307176 -0.246243 0)
(0.372064 -0.0819038 0)
(0.451378 0.107961 0)
(0.547252 0.264705 0)
(0.671901 0.415697 0)
(0.837671 0.564853 0)
(0.908279 0.304731 0)
(0.858708 0.115998 0)
(0.8403 0.0778608 0)
(0.816627 0.131834 0)
(0.781886 0.208017 0)
(0.725627 0.556626 0)
(0.574697 2.43986 0)
(0.32513 4.11052 0)
(0.0688135 4.27765 0)
(0.120044 -0.586797 0)
(0.14432 -0.551068 0)
(0.17865 -0.498793 0)
(0.225058 -0.419191 0)
(0.285538 -0.304408 0)
(0.360811 -0.153172 0)
(0.454734 0.0246649 0)
(0.553017 0.173936 0)
(0.653447 0.30026 0)
(0.78012 0.435354 0)
(0.853426 0.317338 0)
(0.833272 0.142845 0)
(0.818702 0.0970309 0)
(0.795021 0.173195 0)
(0.757462 0.265667 0)
(0.689801 0.601998 0)
(0.606605 2.60282 0)
(0.4104 4.37111 0)
(0.0868595 4.49348 0)
(0.0883227 -0.604146 0)
(0.110009 -0.577136 0)
(0.143257 -0.535804 0)
(0.19077 -0.469176 0)
(0.255201 -0.369113 0)
(0.337727 -0.233207 0)
(0.440447 -0.0676037 0)
(0.545244 0.0918211 0)
(0.635035 0.212853 0)
(0.723648 0.342304 0)
(0.779103 0.299786 0)
(0.793006 0.127241 0)
(0.788978 0.109733 0)
(0.769443 0.214271 0)
(0.732568 0.337805 0)
(0.647612 0.628191 0)
(0.590732 2.68726 0)
(0.452252 4.61336 0)
(0.124058 4.73627 0)
(0.056693 -0.618196 0)
(0.0741564 -0.600754 0)
(0.104008 -0.571773 0)
(0.14963 -0.520168 0)
(0.214462 -0.43726 0)
(0.300479 -0.318918 0)
(0.407468 -0.167481 0)
(0.527489 0.00245156 0)
(0.621129 0.14141 0)
(0.698157 0.277227 0)
(0.730425 0.273867 0)
(0.745019 0.109978 0)
(0.734391 0.11907 0)
(0.725772 0.247391 0)
(0.697662 0.415021 0)
(0.634622 0.648029 0)
(0.547376 2.77683 0)
(0.47689 4.86296 0)
(0.177126 5.00717 0)
(0.0266127 -0.62765 0)
(0.0381028 -0.619963 0)
(0.061886 -0.604042 0)
(0.102061 -0.568922 0)
(0.163083 -0.505396 0)
(0.248277 -0.407311 0)
(0.357647 -0.273021 0)
(0.487047 -0.108684 0)
(0.601986 0.0665938 0)
(0.700061 0.224441 0)
(0.746431 0.29539 0)
(0.675134 0.0802849 0)
(0.64495 0.13472 0)
(0.652294 0.265996 0)
(0.636975 0.48643 0)
(0.609176 0.727516 0)
(0.494381 2.6674 0)
(0.47482 5.08844 0)
(0.21029 5.29101 0)
(0.000377506 -0.631334 0)
(0.00442364 -0.63271 0)
(0.0194852 -0.629611 0)
(0.0503019 -0.611603 0)
(0.102541 -0.56934 0)
(0.181433 -0.494855 0)
(0.289457 -0.382322 0)
(0.423537 -0.230056 0)
(0.566244 -0.0448169 0)
(0.691076 0.157421 0)
(0.818681 0.323477 0)
(0.577389 0.143222 0)
(0.526781 0.169759 0)
(0.539863 0.294109 0)
(0.549469 0.526258 0)
(0.54101 0.826427 0)
(0.433934 2.50262 0)
(0.401779 5.26915 0)
(0.178465 5.54659 0)
(-0.0190715 -0.628587 0)
(-0.0230778 -0.637294 0)
(-0.0186886 -0.645529 0)
(-0.000847404 -0.643936 0)
(0.0371243 -0.623738 0)
(0.102546 -0.576045 0)
(0.201347 -0.491561 0)
(0.334833 -0.361544 0)
(0.494456 -0.18092 0)
(0.654939 0.0512202 0)
(0.826486 0.305201 0)
(0.719178 0.407774 0)
(0.466987 0.171043 0)
(0.424313 0.310489 0)
(0.448691 0.556712 0)
(0.475565 0.898417 0)
(0.387736 2.66989 0)
(0.318362 5.5152 0)
(0.141978 5.74765 0)
(-0.0288716 -0.619793 0)
(-0.0399327 -0.633106 0)
(-0.0464164 -0.649753 0)
(-0.0435769 -0.662024 0)
(-0.0244438 -0.662609 0)
(0.0198468 -0.643109 0)
(0.0989139 -0.592575 0)
(0.220652 -0.497038 0)
(0.386306 -0.340423 0)
(0.584239 -0.107427 0)
(0.800982 0.202057 0)
(0.952849 0.482956 0)
(0.762571 0.408889 0)
(0.404551 0.283338 0)
(0.395483 0.472941 0)
(0.353082 1.03762 0)
(0.347563 2.65854 0)
(0.153308 5.61239 0)
(0.131059 5.92222 0)
(-0.0277138 -0.607009 0)
(-0.0426506 -0.621587 0)
(-0.0572867 -0.642466 0)
(-0.0680973 -0.663973 0)
(-0.0690759 -0.681078 0)
(-0.0513545 -0.687446 0)
(-0.00321257 -0.673143 0)
(0.0891992 -0.622546 0)
(0.238979 -0.512994 0)
(0.452516 -0.316385 0)
(0.721886 -0.0112545 0)
(1.01978 0.363639 0)
(1.19734 0.614989 0)
(1.00922 0.537333 0)
(0.800674 0.449526 0)
(0.223422 1.06337 0)
(0.169002 3.02719 0)
(-0.11971 5.66319 0)
(0.0671181 5.93202 0)
(-0.0177516 -0.593886 0)
(-0.0315252 -0.606625 0)
(-0.0483057 -0.627123 0)
(-0.0665503 -0.651715 0)
(-0.0826033 -0.677942 0)
(-0.0899726 -0.702704 0)
(-0.0782295 -0.719689 0)
(-0.0319248 -0.716146 0)
(0.0698118 -0.669463 0)
(0.249742 -0.544198 0)
(0.519565 -0.300223 0)
(0.865983 0.0714538 0)
(1.20496 0.475924 0)
(1.31726 0.733846 0)
(1.20667 0.844187 0)
(0.466174 1.40129 0)
(-0.122649 3.35053 0)
(-0.401177 5.7416 0)
(-0.103581 5.75711 0)
(-0.00521124 -0.583554 0)
(-0.0132512 -0.592968 0)
(-0.0249167 -0.609868 0)
(-0.0406911 -0.631945 0)
(-0.0598012 -0.65875 0)
(-0.0797875 -0.690183 0)
(-0.0953565 -0.724509 0)
(-0.0962132 -0.755532 0)
(-0.0640297 -0.767489 0)
(0.0297671 -0.728644 0)
(0.216806 -0.585294 0)
(0.512739 -0.277645 0)
(0.867331 0.19097 0)
(1.08951 0.689811 0)
(1.01868 1.1886 0)
(0.403804 1.98499 0)
(-0.411311 3.74449 0)
(-0.685161 5.84621 0)
(-0.341346 5.29303 0)
(0.00254541 -0.577537 0)
(0.000399166 -0.5851 0)
(-0.00305844 -0.598795 0)
(-0.00905953 -0.61678 0)
(-0.0185253 -0.639238 0)
(-0.0321729 -0.667251 0)
(-0.0502016 -0.701484 0)
(-0.0713966 -0.740617 0)
(-0.09096 -0.778013 0)
(-0.0944265 -0.794381 0)
(-0.0514256 -0.743321 0)
(0.0843738 -0.544991 0)
(0.334303 -0.0913852 0)
(0.554105 0.593527 0)
(0.526903 1.42535 0)
(-0.00164714 2.57221 0)
(-0.719976 4.32911 0)
(-0.958072 5.94596 0)
(-0.533896 4.73101 0)
(0.00206373 -0.581742 0)
(0.00215632 -0.589992 0)
(0.0023457 -0.603353 0)
(0.00243814 -0.620299 0)
(0.00236223 -0.640733 0)
(0.00181079 -0.665075 0)
(4.59645e-06 -0.693147 0)
(-0.00459084 -0.722548 0)
(-0.0152437 -0.746223 0)
(-0.0372267 -0.748772 0)
(-0.0753557 -0.698272 0)
(-0.124374 -0.527935 0)
(-0.213166 -0.0998367 0)
(-0.184112 0.707064 0)
(-0.307114 1.84552 0)
(-0.697524 3.25529 0)
(-1.11414 4.78089 0)
(-1.11433 5.54694 0)
(-0.558907 3.53797 0)
)
;

boundaryField
{
    leftWall
    {
        type            noSlip;
    }
    rightWall
    {
        type            noSlip;
    }
    lowerWall
    {
        type            noSlip;
    }
    atmosphere
    {
        type            pressureInletOutletVelocity;
        value           nonuniform List<vector> 
46
(
(0 -0.345415 0)
(0 -0.536528 0)
(0 -0.513999 0)
(0 -0.508847 0)
(0 -0.505954 0)
(0 -0.504818 0)
(0 -0.50474 0)
(0 -0.505379 0)
(0 -0.506554 0)
(0 -0.508162 0)
(0 -0.510132 0)
(0 -0.512403 0)
(0 -0.514921 0)
(0 -0.517631 0)
(0 -0.520485 0)
(0 -0.523436 0)
(0 -0.526457 0)
(0 -0.529558 0)
(0 -0.532828 0)
(0 -0.5365 0)
(0 -0.541077 0)
(0 -0.547578 0)
(0 -0.557852 0)
(0 -0.569032 0)
(0 -0.575296 0)
(0 -0.579219 0)
(0 -0.580787 0)
(0 -0.581742 0)
(0 -0.589992 0)
(0 -0.603353 0)
(0 -0.620299 0)
(0 -0.640733 0)
(0 -0.665075 0)
(0 -0.693147 0)
(0 -0.722548 0)
(0 -0.746223 0)
(0 -0.748772 0)
(0 -0.698272 0)
(0 -0.527935 0)
(0 -0.0998367 0)
(-0.184112 0.707064 0)
(-0.307114 1.84552 0)
(-0.697524 3.25529 0)
(-1.11414 4.78089 0)
(-1.11433 5.54694 0)
(-0.558907 3.53797 0)
)
;
    }
    defaultFaces
    {
        type            empty;
    }
}


// ************************************************************************* //
