/*--------------------------------*- C++ -*----------------------------------*\
| =========                 |                                                 |
| \\      /  F ield         | OpenFOAM: The Open Source CFD Toolbox           |
|  \\    /   O peration     | Version:  v2012                                 |
|   \\  /    A nd           | Website:  www.openfoam.com                      |
|    \\/     M anipulation  |                                                 |
\*---------------------------------------------------------------------------*/
FoamFile
{
    version     2.0;
    format      ascii;
    class       surfaceScalarField;
    location    "0.7";
    object      phi;
}
// * * * * * * * * * * * * * * * * * * * * * * * * * * * * * * * * * * * * * //

dimensions      [0 3 -1 0 0 0 0];
oriented        oriented;


internalField   nonuniform List<scalar> 
4432
(
-5.14052e-06
5.14052e-06
-8.66718e-06
3.52666e-06
-9.54657e-06
8.79387e-07
-9.26914e-06
-2.77432e-07
-8.83552e-06
-4.33622e-07
-8.56442e-06
-2.71098e-07
-8.50278e-06
-6.16416e-08
-8.59742e-06
9.46464e-08
-8.77668e-06
1.79264e-07
-8.96332e-06
1.8665e-07
-9.10398e-06
1.40649e-07
-9.17509e-06
7.11186e-08
-9.16491e-06
-1.0185e-08
-9.08916e-06
-7.57556e-08
-8.98142e-06
-1.07728e-07
-8.93105e-06
-5.03838e-08
-9.08248e-06
1.51442e-07
-9.60597e-06
5.23478e-07
-1.06176e-05
1.01163e-06
-1.19569e-05
1.33929e-06
-1.21924e-05
2.35515e-07
-8.67605e-06
-3.51636e-06
-8.67606e-06
-4.87832e-06
1.00188e-05
-6.84223e-06
5.49057e-06
-7.30837e-06
1.34552e-06
-7.30518e-06
-2.80622e-07
-7.248e-06
-4.90805e-07
-7.31852e-06
-2.00567e-07
-7.54413e-06
1.63971e-07
-7.87782e-06
4.2835e-07
-8.25333e-06
5.54766e-07
-8.61103e-06
5.44364e-07
-8.90897e-06
4.38573e-07
-9.12435e-06
2.86501e-07
-9.25273e-06
1.18194e-07
-9.29204e-06
-3.64486e-08
-9.25916e-06
-1.40596e-07
-9.19082e-06
-1.18738e-07
-9.15454e-06
1.15168e-07
-9.19974e-06
5.68673e-07
-9.26473e-06
1.07663e-06
-9.00297e-06
1.07753e-06
-7.94548e-06
-8.2198e-07
-5.61113e-06
-5.8507e-06
-1.42872e-05
-3.6063e-06
1.36251e-05
-4.91782e-06
6.80208e-06
-5.47173e-06
1.89944e-06
-5.75589e-06
3.5335e-09
-6.02173e-06
-2.24961e-07
-6.39119e-06
1.68896e-07
-6.86087e-06
6.33655e-07
-7.39e-06
9.57481e-07
-7.92317e-06
1.08793e-06
-8.41358e-06
1.03478e-06
-8.82835e-06
8.53329e-07
-9.14771e-06
6.05866e-07
-9.36451e-06
3.3499e-07
-9.47321e-06
7.22549e-08
-9.47176e-06
-1.4204e-07
-9.36187e-06
-2.28634e-07
-9.15133e-06
-9.53617e-08
-8.81616e-06
2.33494e-07
-8.22169e-06
4.82162e-07
-7.13799e-06
-6.17351e-09
-5.47963e-06
-2.48035e-06
-3.27166e-06
-8.05866e-06
-1.75589e-05
-2.26993e-06
1.58951e-05
-3.20893e-06
7.74108e-06
-3.84132e-06
2.53184e-06
-4.37565e-06
5.3787e-07
-4.9533e-06
3.52691e-07
-5.61474e-06
8.30335e-07
-6.32798e-06
1.34688e-06
-7.04825e-06
1.67776e-06
-7.73108e-06
1.77075e-06
-8.34216e-06
1.64587e-06
-8.85803e-06
1.36919e-06
-9.26242e-06
1.01026e-06
-9.54832e-06
6.20896e-07
-9.70713e-06
2.31058e-07
-9.72342e-06
-1.25738e-07
-9.57666e-06
-3.75403e-07
-9.24699e-06
-4.25032e-07
-8.68e-06
-3.33496e-07
-7.72934e-06
-4.68499e-07
-6.22277e-06
-1.51274e-06
-4.20313e-06
-4.49999e-06
-1.84646e-06
-1.04153e-05
-1.94053e-05
-8.96622e-07
1.67917e-05
-1.55911e-06
8.40357e-06
-2.31341e-06
3.28614e-06
-3.12156e-06
1.34602e-06
-4.01974e-06
1.25088e-06
-4.97592e-06
1.78651e-06
-5.92882e-06
2.29978e-06
-6.83392e-06
2.58287e-06
-7.65918e-06
2.596e-06
-8.38292e-06
2.36962e-06
-8.9904e-06
1.97666e-06
-9.46813e-06
1.48798e-06
-9.81061e-06
9.63379e-07
-1.00077e-05
4.28136e-07
-1.00345e-05
-9.89395e-08
-9.85646e-06
-5.53434e-07
-9.44569e-06
-8.35801e-07
-8.74818e-06
-1.03101e-06
-7.63602e-06
-1.58066e-06
-5.96841e-06
-3.18036e-06
-3.75918e-06
-6.70922e-06
-1.21099e-06
-1.29635e-05
-2.06163e-05
5.02482e-07
1.62892e-05
3.26187e-08
8.87344e-06
-8.94627e-07
4.21339e-06
-2.01821e-06
2.4696e-06
-3.25194e-06
2.4846e-06
-4.49779e-06
3.03235e-06
-5.67715e-06
3.47913e-06
-6.75361e-06
3.65933e-06
-7.70962e-06
3.552e-06
-8.53619e-06
3.19619e-06
-9.22536e-06
2.66583e-06
-9.7648e-06
2.02742e-06
-1.0152e-05
1.35058e-06
-1.03774e-05
6.53526e-07
-1.0409e-05
-6.73086e-08
-1.0204e-05
-7.58489e-07
-9.74104e-06
-1.29873e-06
-8.98797e-06
-1.78407e-06
-7.85015e-06
-2.71848e-06
-6.22002e-06
-4.81049e-06
-4.03869e-06
-8.89055e-06
-1.26885e-06
-1.57333e-05
-2.18852e-05
1.69668e-06
1.45925e-05
1.46064e-06
9.10949e-06
3.52806e-07
5.32123e-06
-1.12812e-06
3.95052e-06
-2.69816e-06
4.05464e-06
-4.21286e-06
4.54704e-06
-5.59108e-06
4.85735e-06
-6.81548e-06
4.88373e-06
-7.88498e-06
4.62149e-06
-8.80119e-06
4.1124e-06
-9.55953e-06
3.42418e-06
-1.01465e-05
2.6144e-06
-1.0565e-05
1.76903e-06
-1.08083e-05
8.96899e-07
-1.08385e-05
-3.7099e-08
-1.06076e-05
-9.89431e-07
-1.01123e-05
-1.79406e-06
-9.35684e-06
-2.53951e-06
-8.29247e-06
-3.78286e-06
-6.86928e-06
-6.23368e-06
-5.04549e-06
-1.07143e-05
-2.45409e-06
-1.83247e-05
-2.43393e-05
2.59909e-06
1.19935e-05
2.72371e-06
8.98487e-06
1.33627e-06
6.70866e-06
-5.30716e-07
5.8175e-06
-2.41571e-06
5.93963e-06
-4.14979e-06
6.28112e-06
-5.67687e-06
6.38442e-06
-7.01348e-06
6.22035e-06
-8.17421e-06
5.78222e-06
-9.16288e-06
5.10107e-06
-9.9756e-06
4.2369e-06
-1.05917e-05
3.23046e-06
-1.10252e-05
2.20254e-06
-1.1275e-05
1.14674e-06
-1.12962e-05
-1.59182e-08
-1.10361e-05
-1.24954e-06
-1.05181e-05
-2.31207e-06
-9.79177e-06
-3.26583e-06
-8.86131e-06
-4.71332e-06
-7.77852e-06
-7.31646e-06
-6.77501e-06
-1.17178e-05
-5.90385e-06
-1.91959e-05
-3.02431e-05
7.52485e-06
-7.52485e-06
-6.09361e-05
6.8461e-05
-0.000115494
5.45578e-05
-0.000135667
2.01728e-05
-0.00013323
-2.43724e-06
-0.000126876
-6.35343e-06
-0.000124556
-2.32057e-06
-0.000125465
9.09053e-07
-0.000126529
1.06438e-06
-0.000126189
-3.40369e-07
-0.000123508
-2.68022e-06
-0.000117191
-6.31725e-06
-0.000105513
-1.16779e-05
-8.67751e-05
-1.87382e-05
-6.19917e-05
-2.47834e-05
-3.57019e-05
-2.62898e-05
-1.19895e-05
-2.37123e-05
4.27846e-06
-1.6268e-05
4.27847e-06
-5.72835e-05
4.97586e-05
-0.000115863
0.00012704
-0.000143827
8.25222e-05
-0.000139852
1.61975e-05
-0.000128768
-1.35208e-05
-0.000121057
-1.4065e-05
-0.000118479
-4.89835e-06
-0.000118943
1.37278e-06
-0.000119059
1.18055e-06
-0.000118099
-1.30048e-06
-0.000115752
-5.02701e-06
-0.000110849
-1.12196e-05
-0.000101416
-2.11116e-05
-8.55447e-05
-3.46092e-05
-6.42779e-05
-4.60502e-05
-4.18812e-05
-4.86865e-05
-2.13639e-05
-4.42296e-05
-5.62946e-06
-3.20025e-05
-1.35099e-06
-7.42962e-05
0.000124055
-0.000123699
0.000176443
-0.000138519
9.73425e-05
-0.000134149
1.18274e-05
-0.000107347
-4.03234e-05
-0.00010129
-2.01212e-05
-0.000106163
-2.6302e-08
-0.000110815
6.02538e-06
-0.000111907
2.27272e-06
-0.000110462
-2.74559e-06
-0.000107613
-7.87623e-06
-0.000103178
-1.56545e-05
-9.53546e-05
-2.89351e-05
-8.18233e-05
-4.81405e-05
-6.32308e-05
-6.46428e-05
-4.37814e-05
-6.81358e-05
-2.58707e-05
-6.21403e-05
-1.08148e-05
-4.70584e-05
-1.21658e-05
-6.18503e-05
0.000185905
-8.0261e-05
0.000194854
-6.8814e-05
8.58955e-05
-4.41642e-05
-1.28225e-05
-3.48871e-05
-4.96004e-05
-4.11312e-05
-1.38772e-05
-6.0869e-05
1.97115e-05
-8.92328e-05
3.43892e-05
-0.000102217
1.52573e-05
-0.000103997
-9.66192e-07
-0.00010033
-1.15433e-05
-9.55365e-05
-2.04477e-05
-8.86142e-05
-3.58573e-05
-7.67636e-05
-5.99911e-05
-6.00371e-05
-8.13693e-05
-4.27708e-05
-8.54022e-05
-2.71633e-05
-7.77477e-05
-1.26529e-05
-6.15687e-05
-2.48188e-05
-3.17986e-05
0.000217704
-1.28607e-05
0.000175916
2.62092e-05
4.68255e-05
6.29035e-05
-4.95167e-05
7.82045e-05
-6.49014e-05
9.48256e-05
-3.04983e-05
9.11808e-05
2.33563e-05
1.78536e-05
0.000107716
-7.2279e-05
0.00010539
-9.68969e-05
2.36516e-05
-9.33541e-05
-1.50861e-05
-8.81631e-05
-2.56387e-05
-8.13662e-05
-4.26542e-05
-7.04582e-05
-7.0899e-05
-5.51116e-05
-9.67159e-05
-3.96526e-05
-0.000100861
-2.59734e-05
-9.14269e-05
-1.28661e-05
-7.46761e-05
-3.76849e-05
1.27002e-07
0.000217577
3.57797e-05
0.000140263
7.41493e-05
8.45595e-06
8.82145e-05
-6.35819e-05
9.18272e-05
-6.85141e-05
0.000104147
-4.28176e-05
0.000128343
-8.39699e-07
0.000147027
8.90316e-05
8.36482e-05
0.000168769
-2.67363e-05
0.000134036
-8.35345e-05
4.17121e-05
-8.1614e-05
-2.75592e-05
-7.40865e-05
-5.01817e-05
-6.30933e-05
-8.18922e-05
-4.88082e-05
-0.000111001
-3.52078e-05
-0.000114462
-2.33739e-05
-0.000103261
-1.19842e-05
-8.60658e-05
-4.96691e-05
2.3448e-05
0.000194129
6.33352e-05
0.000100376
8.68676e-05
-1.50765e-05
8.66532e-05
-6.33675e-05
8.51481e-05
-6.70089e-05
9.22807e-05
-4.99502e-05
0.000115019
-2.35778e-05
0.000151575
5.24756e-05
0.000153779
0.000166565
7.37142e-05
0.000214101
-3.10283e-05
0.000146454
-7.25165e-05
1.39292e-05
-6.80924e-05
-5.46058e-05
-5.51227e-05
-9.48619e-05
-4.15978e-05
-0.000124526
-3.0065e-05
-0.000125994
-2.01071e-05
-0.000113219
-1.04527e-05
-9.57201e-05
-6.01218e-05
3.80982e-05
0.00015603
7.54233e-05
6.30511e-05
8.37465e-05
-2.33998e-05
7.90278e-05
-5.86488e-05
7.67035e-05
-6.46846e-05
8.21852e-05
-5.5432e-05
0.0001007
-4.20922e-05
0.000131309
2.18663e-05
0.000157298
0.000140575
0.000120809
0.000250591
6.46545e-06
0.000260798
-6.37766e-05
8.4171e-05
-6.39049e-05
-5.44776e-05
-4.70352e-05
-0.000111732
-3.42244e-05
-0.000137337
-2.48403e-05
-0.000135378
-1.67892e-05
-0.00012127
-8.79707e-06
-0.000103712
-6.89189e-05
8.29922e-06
3.69423e-06
9.07582e-06
8.20827e-06
4.82251e-06
1.0962e-05
-4.81611e-07
1.11216e-05
-5.26939e-06
1.07274e-05
-9.33587e-06
1.03476e-05
-1.28023e-05
9.85085e-06
-1.58483e-05
9.26638e-06
-1.85628e-05
8.49671e-06
-2.09133e-05
7.45156e-06
-2.27232e-05
6.04681e-06
-2.40385e-05
4.54573e-06
-2.49483e-05
3.11231e-06
-2.54616e-05
1.66006e-06
-2.54551e-05
-2.24466e-08
-2.47736e-05
-1.93106e-06
-2.35816e-05
-3.50404e-06
-2.21547e-05
-4.69269e-06
-2.063e-05
-6.23807e-06
-1.94368e-05
-8.50962e-06
-1.9879e-05
-1.12756e-05
-2.45238e-05
-1.45511e-05
-1.60436e-05
-3.87233e-05
4.8282e-06
-1.13397e-06
4.84574e-06
8.19082e-06
-2.97988e-08
1.58375e-05
-6.9055e-06
1.79973e-05
-1.1351e-05
1.51729e-05
-1.44324e-05
1.3429e-05
-1.70008e-05
1.24193e-05
-1.92131e-05
1.14787e-05
-2.13211e-05
1.06047e-05
-2.3288e-05
9.41852e-06
-2.44716e-05
7.23035e-06
-2.53437e-05
5.41782e-06
-2.60042e-05
3.77279e-06
-2.64519e-05
2.10776e-06
-2.62838e-05
-1.90467e-07
-2.52791e-05
-2.93576e-06
-2.38281e-05
-4.95505e-06
-2.23978e-05
-6.12304e-06
-2.09379e-05
-7.69796e-06
-1.96372e-05
-9.81029e-06
-1.94047e-05
-1.15082e-05
-2.10881e-05
-1.28677e-05
-1.34617e-05
-2.367e-05
1.86808e-06
-3.00195e-06
1.91481e-06
8.14425e-06
-1.03482e-06
1.87873e-05
-5.35977e-06
2.23224e-05
-9.32218e-06
1.91354e-05
-1.28798e-05
1.69867e-05
-1.57714e-05
1.53109e-05
-1.83447e-05
1.4052e-05
-2.16573e-05
1.39172e-05
-2.57125e-05
1.34737e-05
-2.70736e-05
8.59149e-06
-2.76854e-05
6.02962e-06
-2.75033e-05
3.59069e-06
-2.6833e-05
1.43744e-06
-2.56089e-05
-1.4145e-06
-2.39797e-05
-4.56499e-06
-2.26059e-05
-6.32889e-06
-2.11701e-05
-7.55886e-06
-1.93562e-05
-9.51184e-06
-1.74746e-05
-1.16919e-05
-1.66044e-05
-1.23784e-05
-1.73095e-05
-1.21625e-05
-1.21421e-05
-1.86291e-05
-4.34353e-06
1.34172e-06
-2.36783e-06
6.16873e-06
2.02449e-06
1.43951e-05
5.35291e-06
1.89941e-05
5.5763e-06
1.89121e-05
4.25435e-06
1.83087e-05
1.71976e-06
1.78455e-05
-2.32023e-06
1.8092e-05
-8.31485e-06
1.99119e-05
-1.5348e-05
2.05069e-05
-2.15893e-05
1.48328e-05
-2.45793e-05
9.01969e-06
-2.51381e-05
4.14954e-06
-2.42525e-05
5.51797e-07
-2.33511e-05
-2.31592e-06
-2.39462e-05
-3.96989e-06
-2.4042e-05
-6.23312e-06
-2.11323e-05
-1.04686e-05
-1.76644e-05
-1.29798e-05
-1.47214e-05
-1.46348e-05
-1.35873e-05
-1.35125e-05
-1.48234e-05
-1.09264e-05
-9.39328e-06
-1.75723e-05
-8.01453e-07
2.14327e-06
-4.83423e-07
5.85083e-06
2.98948e-06
1.09223e-05
7.31901e-06
1.46646e-05
9.95758e-06
1.62736e-05
1.11565e-05
1.71098e-05
1.1157e-05
1.78451e-05
1.03283e-05
1.89208e-05
9.68644e-06
2.05538e-05
9.0118e-06
2.11816e-05
5.83689e-06
1.80078e-05
1.61467e-06
1.32419e-05
-2.89336e-06
8.65757e-06
-7.56225e-06
5.22063e-06
-1.27135e-05
2.83525e-06
-1.69419e-05
2.58397e-07
-1.88844e-05
-4.29073e-06
-1.82926e-05
-1.10604e-05
-1.57339e-05
-1.55385e-05
-1.41487e-05
-1.622e-05
-1.44853e-05
-1.31759e-05
-1.97494e-05
-5.66225e-06
-5.68352e-06
-2.34592e-05
-5.79809e-07
2.72316e-06
6.66464e-07
4.60467e-06
3.62843e-06
7.96042e-06
7.32116e-06
1.0972e-05
1.05197e-05
1.30752e-05
1.2949e-05
1.46805e-05
1.46684e-05
1.61257e-05
1.59745e-05
1.76148e-05
1.74122e-05
1.91162e-05
1.87633e-05
1.98306e-05
1.83711e-05
1.84e-05
1.62496e-05
1.53635e-05
1.29806e-05
1.19265e-05
9.16243e-06
9.03864e-06
5.2807e-06
6.71678e-06
1.51965e-06
4.01928e-06
-2.20303e-06
-5.68116e-07
-6.46157e-06
-6.80184e-06
-1.09821e-05
-1.10179e-05
-1.57353e-05
-1.14669e-05
-2.06337e-05
-8.2775e-06
-2.33612e-05
-2.93481e-06
1.07862e-06
-3.01234e-05
4.86594e-07
2.23664e-06
1.83829e-06
3.25309e-06
4.23068e-06
5.56813e-06
7.21547e-06
7.98732e-06
1.01942e-05
1.00965e-05
1.29069e-05
1.19678e-05
1.53203e-05
1.37123e-05
1.75564e-05
1.53787e-05
1.98113e-05
1.68614e-05
2.19344e-05
1.77075e-05
2.30695e-05
1.72649e-05
2.27727e-05
1.56602e-05
2.11803e-05
1.35188e-05
1.87892e-05
1.14296e-05
1.60591e-05
9.44669e-06
1.30677e-05
7.01062e-06
9.07295e-06
3.42658e-06
3.0844e-06
-8.13272e-07
-4.45263e-06
-3.48082e-06
-1.2829e-05
-3.09048e-06
-2.16061e-05
4.99544e-07
-3.1398e-05
6.85701e-06
1.67159e-05
-4.70354e-05
9.2491e-07
1.31178e-06
2.35067e-06
1.82743e-06
4.3773e-06
3.54159e-06
6.84578e-06
5.51891e-06
9.47542e-06
7.46694e-06
1.21029e-05
9.3404e-06
1.46748e-05
1.11404e-05
1.72143e-05
1.28392e-05
1.97541e-05
1.43216e-05
2.21433e-05
1.53183e-05
2.39013e-05
1.55069e-05
2.46524e-05
1.49091e-05
2.43493e-05
1.38218e-05
2.32201e-05
1.25587e-05
2.14872e-05
1.11795e-05
1.90424e-05
9.45533e-06
1.52531e-05
7.21582e-06
9.46602e-06
4.97384e-06
1.88949e-06
4.09571e-06
-6.8758e-06
5.67478e-06
-1.65304e-05
1.01541e-05
-2.73811e-05
1.77077e-05
2.91935e-05
-3.98587e-05
1.03222e-06
2.79614e-07
2.38259e-06
4.77144e-07
4.12517e-06
1.79909e-06
6.20911e-06
3.43503e-06
8.50693e-06
5.16912e-06
1.09233e-05
6.92405e-06
1.34077e-05
8.6559e-06
1.59387e-05
1.03082e-05
1.84803e-05
1.17799e-05
2.08924e-05
1.29061e-05
2.28816e-05
1.35177e-05
2.41847e-05
1.3606e-05
2.46961e-05
1.33103e-05
2.44563e-05
1.27983e-05
2.34974e-05
1.21383e-05
2.16546e-05
1.12982e-05
1.85231e-05
1.03473e-05
1.37544e-05
9.74251e-06
7.49295e-06
1.03572e-05
1.82696e-07
1.2985e-05
-7.74769e-06
1.80845e-05
-1.5861e-05
2.5821e-05
3.60913e-05
-2.27589e-05
9.28209e-07
-6.48549e-07
2.124e-06
-7.18546e-07
3.62078e-06
3.02378e-07
5.3996e-06
1.65623e-06
7.40094e-06
3.16779e-06
9.56864e-06
4.75633e-06
1.18602e-05
6.3643e-06
1.42382e-05
7.9302e-06
1.66456e-05
9.37259e-06
1.89648e-05
1.05869e-05
2.10038e-05
1.14787e-05
2.25755e-05
1.20342e-05
2.35632e-05
1.23224e-05
2.39183e-05
1.24431e-05
2.35852e-05
1.24713e-05
2.24138e-05
1.24696e-05
2.01675e-05
1.25936e-05
1.669e-05
1.32201e-05
1.21118e-05
1.49353e-05
6.79991e-06
1.82969e-05
1.23575e-06
2.36487e-05
-3.95431e-06
3.10111e-05
3.98615e-05
-7.72444e-06
7.21251e-07
-1.36974e-06
1.7238e-06
-1.72097e-06
2.99429e-06
-9.68046e-07
4.51368e-06
1.36878e-07
6.24935e-06
1.43212e-06
8.16593e-06
2.83974e-06
1.02288e-05
4.30145e-06
1.23984e-05
5.76051e-06
1.46173e-05
7.15369e-06
1.67917e-05
8.41256e-06
1.87884e-05
9.48192e-06
2.04707e-05
1.03517e-05
2.17314e-05
1.10616e-05
2.24939e-05
1.16805e-05
2.26795e-05
1.22857e-05
2.21741e-05
1.2975e-05
2.08473e-05
1.39203e-05
1.86465e-05
1.54209e-05
1.56998e-05
1.7882e-05
1.2311e-05
2.16859e-05
8.90258e-06
2.70572e-05
5.98869e-06
3.39251e-05
4.17331e-05
4.11717e-06
4.91829e-07
-1.86149e-06
1.29024e-06
-2.51925e-06
2.34676e-06
-2.0245e-06
3.63375e-06
-1.15009e-06
5.12779e-06
-6.19201e-08
6.80402e-06
1.16351e-06
8.63426e-06
2.47121e-06
1.05829e-05
3.8119e-06
1.25994e-05
5.13714e-06
1.46108e-05
6.40116e-06
1.65215e-05
7.57116e-06
1.82305e-05
8.64267e-06
1.96481e-05
9.64392e-06
2.06994e-05
1.06292e-05
2.13122e-05
1.1673e-05
2.14083e-05
1.28789e-05
2.09229e-05
1.44058e-05
1.98573e-05
1.64865e-05
1.83333e-05
1.94059e-05
1.65969e-05
2.34223e-05
1.49837e-05
2.86704e-05
1.38682e-05
3.50406e-05
4.20589e-05
1.35423e-05
2.82812e-07
-2.14422e-06
8.89292e-07
-3.12561e-06
1.74625e-06
-2.8814e-06
2.82117e-06
-2.22499e-06
4.09405e-06
-1.33479e-06
5.54565e-06
-2.88097e-07
7.15317e-06
8.6367e-07
8.88673e-06
2.07833e-06
1.07052e-05
3.31869e-06
1.25526e-05
4.55369e-06
1.43596e-05
5.76412e-06
1.60517e-05
6.95049e-06
1.75589e-05
8.1367e-06
1.88192e-05
9.36895e-06
1.97768e-05
1.07154e-05
2.03835e-05
1.22722e-05
2.0614e-05
1.41752e-05
2.04966e-05
1.66039e-05
2.01418e-05
1.97607e-05
1.97457e-05
2.38184e-05
1.95659e-05
2.88501e-05
1.98717e-05
3.47348e-05
4.10916e-05
2.08389e-05
1.12841e-07
-2.25698e-06
5.53918e-07
-3.5666e-06
1.23121e-06
-3.55865e-06
2.11426e-06
-3.10802e-06
3.18599e-06
-2.40654e-06
4.43115e-06
-1.53327e-06
5.83167e-06
-5.36877e-07
7.36387e-06
5.46103e-07
8.99584e-06
1.68669e-06
1.06859e-05
2.86354e-06
1.2384e-05
4.06603e-06
1.40361e-05
5.29834e-06
1.55904e-05
6.5824e-06
1.70007e-05
7.95864e-06
1.82288e-05
9.4873e-06
1.92488e-05
1.12523e-05
2.00585e-05
1.33656e-05
2.06976e-05
1.59648e-05
2.12627e-05
1.91956e-05
2.19077e-05
2.31734e-05
2.2827e-05
2.79309e-05
2.42126e-05
3.33492e-05
3.91241e-05
2.618e-05
-6.18575e-09
-2.25073e-06
2.97181e-07
-3.86992e-06
8.18354e-07
-4.07981e-06
1.53149e-06
-3.82116e-06
2.42298e-06
-3.29804e-06
3.48127e-06
-2.59158e-06
4.69294e-06
-1.74858e-06
6.04031e-06
-8.01314e-07
7.49992e-06
2.2703e-07
9.04183e-06
1.32155e-06
1.06308e-05
2.477e-06
1.2229e-05
3.70007e-06
1.38003e-05
5.01114e-06
1.53131e-05
6.44579e-06
1.67443e-05
8.05615e-06
1.80835e-05
9.91312e-06
1.93416e-05
1.21075e-05
2.05607e-05
1.47457e-05
2.18221e-05
1.79341e-05
2.3245e-05
2.17505e-05
2.49724e-05
2.62033e-05
2.71404e-05
3.1181e-05
3.64361e-05
2.98283e-05
-7.01459e-08
-2.18054e-06
1.20458e-07
-4.0605e-06
5.09869e-07
-4.4692e-06
1.07612e-06
-4.38741e-06
1.809e-06
-4.03093e-06
2.70076e-06
-3.48339e-06
3.74251e-06
-2.79038e-06
4.92225e-06
-1.98112e-06
6.22388e-06
-1.07469e-06
7.62711e-06
-8.17806e-08
9.10845e-06
9.95572e-07
1.06429e-05
2.16561e-06
1.22069e-05
3.44708e-06
1.37815e-05
4.87122e-06
1.5355e-05
6.48266e-06
1.69275e-05
8.34066e-06
1.85162e-05
1.05189e-05
2.01611e-05
1.31008e-05
2.19286e-05
1.61666e-05
2.39084e-05
1.97705e-05
2.62029e-05
2.39088e-05
2.89039e-05
2.84799e-05
3.32782e-05
3.20618e-05
-9.96851e-08
-2.08085e-06
1.26636e-08
-4.17282e-06
2.97093e-07
-4.75361e-06
7.40054e-07
-4.83036e-06
1.33624e-06
-4.62713e-06
2.08202e-06
-4.22921e-06
2.97283e-06
-3.68126e-06
4.00182e-06
-3.01021e-06
5.15931e-06
-2.23231e-06
6.4329e-06
-1.3555e-06
7.80816e-06
-3.79791e-07
9.27047e-06
7.0324e-07
1.08065e-05
1.91102e-06
1.24069e-05
3.27087e-06
1.40686e-05
4.82093e-06
1.57984e-05
6.61092e-06
1.76159e-05
8.70153e-06
1.95566e-05
1.11601e-05
2.16728e-05
1.40504e-05
2.40299e-05
1.74134e-05
2.66966e-05
2.1242e-05
2.97284e-05
2.54482e-05
2.98601e-05
3.31465e-05
-9.99476e-08
-1.9809e-06
-3.86393e-08
-4.23408e-06
1.65491e-07
-4.9577e-06
5.07956e-07
-5.17279e-06
9.88816e-07
-5.108e-06
1.60866e-06
-4.84911e-06
2.36697e-06
-4.43968e-06
3.26145e-06
-3.90481e-06
4.28775e-06
-3.25876e-06
5.43986e-06
-2.50774e-06
6.71073e-06
-1.65075e-06
8.09354e-06
-6.79621e-07
9.58309e-06
4.21445e-07
1.11775e-05
1.67646e-06
1.28801e-05
3.11834e-06
1.47016e-05
4.78946e-06
1.6662e-05
6.74126e-06
1.87915e-05
9.03075e-06
2.11297e-05
1.17121e-05
2.37216e-05
1.48215e-05
2.66085e-05
1.83552e-05
2.9814e-05
2.22427e-05
2.6344e-05
3.33303e-05
-7.99514e-08
-1.90092e-06
-4.79503e-08
-4.26599e-06
9.74418e-08
-5.10302e-06
3.60356e-07
-5.43566e-06
7.45973e-07
-5.49362e-06
1.25886e-06
-5.36205e-06
1.90216e-06
-5.08309e-06
2.67742e-06
-4.68019e-06
3.58465e-06
-4.16612e-06
4.62286e-06
-3.54606e-06
5.79073e-06
-2.81869e-06
7.08757e-06
-1.97647e-06
8.51439e-06
-1.00534e-06
1.00751e-05
1.158e-07
1.17776e-05
1.41582e-06
1.36353e-05
2.93188e-06
1.56673e-05
4.7093e-06
1.78988e-05
6.79927e-06
2.03589e-05
9.25201e-06
2.30758e-05
1.21046e-05
2.60686e-05
1.53625e-05
2.93347e-05
1.89767e-05
2.28409e-05
3.28378e-05
-4.85669e-08
-1.8523e-06
-2.9843e-08
-4.28461e-06
7.47142e-08
-5.20749e-06
2.76447e-07
-5.63735e-06
5.84988e-07
-5.80218e-06
1.00837e-06
-5.78552e-06
1.55282e-06
-5.62766e-06
2.22297e-06
-5.35046e-06
3.02229e-06
-4.96555e-06
3.95366e-06
-4.47749e-06
5.02006e-06
-3.88513e-06
6.22544e-06
-3.18187e-06
7.57554e-06
-2.35542e-06
9.07865e-06
-1.38726e-06
1.07462e-05
-2.51726e-07
1.25933e-05
1.08488e-06
1.46384e-05
2.66428e-06
1.69023e-05
4.53531e-06
1.9406e-05
6.74836e-06
2.21648e-05
9.34579e-06
2.51811e-05
1.23463e-05
2.84322e-05
1.57256e-05
1.94138e-05
3.18593e-05
-1.3932e-08
-1.83829e-06
2.44219e-09
-4.3009e-06
8.02153e-08
-5.28522e-06
2.36129e-07
-5.79326e-06
4.83559e-07
-6.04966e-06
8.33019e-07
-6.13509e-06
1.29317e-06
-6.08791e-06
1.87099e-06
-5.92839e-06
2.57255e-06
-5.66717e-06
3.40356e-06
-5.30853e-06
4.37019e-06
-4.85176e-06
5.47978e-06
-4.29143e-06
6.74151e-06
-3.6171e-06
8.1669e-06
-2.81258e-06
9.77009e-06
-1.85484e-06
1.15677e-05
-7.12617e-07
1.35777e-05
6.54321e-07
1.58182e-05
2.29482e-06
1.83041e-05
4.26247e-06
2.10421e-05
6.60786e-06
2.4023e-05
9.36538e-06
2.72114e-05
1.25371e-05
1.60908e-05
3.05343e-05
1.60423e-08
-1.85427e-06
3.83174e-08
-4.32315e-06
9.97666e-08
-5.34667e-06
2.2219e-07
-5.9157e-06
4.21661e-07
-6.24919e-06
7.10662e-07
-6.4242e-06
1.09929e-06
-6.47662e-06
1.59612e-06
-6.4253e-06
2.209e-06
-6.28005e-06
2.9456e-06
-6.04511e-06
3.81428e-06
-5.72043e-06
4.82479e-06
-5.30188e-06
5.98873e-06
-4.78095e-06
7.31988e-06
-4.14368e-06
8.83442e-06
-3.36928e-06
1.05502e-05
-2.42831e-06
1.24855e-05
-1.28099e-06
1.46572e-05
1.23171e-07
1.70765e-05
1.84309e-06
1.9745e-05
3.93941e-06
2.2647e-05
6.46333e-06
2.57411e-05
9.44286e-06
1.28825e-05
2.89493e-05
4.56366e-08
-1.89989e-06
7.1955e-08
-4.3495e-06
1.22332e-07
-5.39707e-06
2.20502e-07
-6.0139e-06
3.82838e-07
-6.41161e-06
6.22586e-07
-6.66405e-06
9.5058e-07
-6.80469e-06
1.37629e-06
-6.85105e-06
1.90851e-06
-6.81224e-06
2.55607e-06
-6.69266e-06
3.32877e-06
-6.49311e-06
4.23784e-06
-6.21092e-06
5.29649e-06
-5.83953e-06
6.52006e-06
-5.36722e-06
7.92615e-06
-4.77531e-06
9.53371e-06
-4.03582e-06
1.13617e-05
-3.10903e-06
1.3427e-05
-1.94202e-06
1.57399e-05
-4.69801e-07
1.82997e-05
1.37952e-06
2.10882e-05
3.67476e-06
2.40635e-05
6.46754e-06
9.7962e-06
2.71498e-05
6.73508e-08
-1.96726e-06
9.79761e-08
-4.3802e-06
1.41243e-07
-5.44036e-06
2.21271e-07
-6.09396e-06
3.54537e-07
-6.54496e-06
5.5401e-07
-6.86362e-06
8.30603e-07
-7.08137e-06
1.19362e-06
-7.21412e-06
1.65219e-06
-7.2708e-06
2.21564e-06
-7.25615e-06
2.89446e-06
-7.17194e-06
3.70062e-06
-7.01709e-06
4.64823e-06
-6.78711e-06
5.75358e-06
-6.47257e-06
7.03522e-06
-6.05691e-06
8.51311e-06
-5.5136e-06
1.02071e-05
-4.80298e-06
1.21347e-05
-3.86964e-06
1.43074e-05
-2.64242e-06
1.67252e-05
-1.03832e-06
1.93714e-05
1.02857e-06
2.22054e-05
3.63351e-06
6.84202e-06
2.51597e-05
8.16625e-08
-2.04896e-06
1.14305e-07
-4.4129e-06
1.52059e-07
-5.47812e-06
2.18297e-07
-6.16021e-06
3.28679e-07
-6.65544e-06
4.95163e-07
-7.03023e-06
7.27544e-07
-7.3139e-06
1.03491e-06
-7.52156e-06
1.42594e-06
-7.66189e-06
1.90987e-06
-7.74014e-06
2.49714e-06
-7.75922e-06
3.19987e-06
-7.71982e-06
4.03237e-06
-7.61961e-06
5.01135e-06
-7.45154e-06
6.15587e-06
-7.2014e-06
7.48663e-06
-6.8443e-06
9.02463e-06
-6.34086e-06
1.07888e-05
-5.63375e-06
1.27926e-05
-4.6462e-06
1.50392e-05
-3.28492e-06
1.75161e-05
-1.44816e-06
2.01879e-05
9.61742e-07
4.0334e-06
2.29966e-05
8.85218e-08
-2.13752e-06
1.20878e-07
-4.4453e-06
1.53503e-07
-5.51074e-06
2.08793e-07
-6.21552e-06
3.00679e-07
-6.74745e-06
4.39499e-07
-7.16918e-06
6.33769e-07
-7.50833e-06
8.91461e-07
-7.77933e-06
1.22041e-06
-7.99089e-06
1.62921e-06
-8.14896e-06
2.12773e-06
-8.2577e-06
2.72759e-06
-8.31966e-06
3.44275e-06
-8.33474e-06
4.28971e-06
-8.2985e-06
5.2876e-06
-8.19924e-06
6.45758e-06
-8.01421e-06
7.82173e-06
-7.70492e-06
9.4009e-06
-7.21281e-06
1.12115e-05
-6.45674e-06
1.32611e-05
-5.33451e-06
1.55433e-05
-3.73019e-06
1.80317e-05
-1.52657e-06
1.38631e-06
2.06789e-05
8.96566e-08
-2.2272e-06
1.19176e-07
-4.47488e-06
1.46719e-07
-5.53829e-06
1.92736e-07
-6.26162e-06
2.69295e-07
-6.82416e-06
3.8461e-07
-7.28461e-06
5.45532e-07
-7.66939e-06
7.5862e-07
-7.99245e-06
1.03046e-06
-8.26278e-06
1.36861e-06
-8.48707e-06
1.78182e-06
-8.67085e-06
2.28071e-06
-8.81852e-06
2.87836e-06
-8.93233e-06
3.59042e-06
-9.01053e-06
4.43554e-06
-9.04428e-06
5.43493e-06
-9.01346e-06
6.61151e-06
-8.88137e-06
7.98817e-06
-8.5894e-06
9.58495e-06
-8.05345e-06
1.14149e-05
-7.16433e-06
1.34789e-05
-5.79416e-06
1.57613e-05
-3.80891e-06
-1.0801e-06
1.82278e-05
8.63632e-08
-2.31359e-06
1.11594e-07
-4.50024e-06
1.33571e-07
-5.56035e-06
1.72043e-07
-6.30026e-06
2.35475e-07
-6.88772e-06
3.30411e-07
-7.37964e-06
4.61925e-07
-7.80097e-06
6.34884e-07
-8.16543e-06
8.5443e-07
-8.48233e-06
1.12669e-06
-8.75924e-06
1.45895e-06
-9.00304e-06
1.86041e-06
-9.21996e-06
2.34269e-06
-9.41455e-06
2.92008e-06
-9.58785e-06
3.61008e-06
-9.73419e-06
4.43331e-06
-9.83655e-06
5.41309e-06
-9.86102e-06
6.57418e-06
-9.75042e-06
7.94038e-06
-9.4196e-06
9.53076e-06
-8.75463e-06
1.1355e-05
-7.61828e-06
1.34085e-05
-5.86237e-06
-3.34254e-06
1.5671e-05
8.07765e-08
-2.39446e-06
1.01714e-07
-4.52135e-06
1.19252e-07
-5.57804e-06
1.4974e-07
-6.33097e-06
2.01409e-07
-6.93945e-06
2.78339e-07
-7.45664e-06
3.83825e-07
-7.90647e-06
5.20867e-07
-8.30249e-06
6.93015e-07
-8.65445e-06
9.04712e-07
-8.9708e-06
1.16152e-06
-9.25979e-06
1.47092e-06
-9.52934e-06
1.84263e-06
-9.78621e-06
2.28902e-06
-1.00342e-05
2.82569e-06
-1.02708e-05
3.47203e-06
-1.04828e-05
4.251e-06
-1.06399e-05
5.18864e-06
-1.0688e-05
6.31221e-06
-1.05431e-05
7.64693e-06
-1.00893e-05
9.21156e-06
-9.18284e-06
1.10136e-05
-7.66432e-06
-5.37536e-06
1.30465e-05
7.54591e-08
-2.47006e-06
9.19926e-08
-4.53806e-06
1.04239e-07
-5.59051e-06
1.27756e-07
-6.35469e-06
1.68897e-07
-6.9806e-06
2.30066e-07
-7.51789e-06
3.12789e-07
-7.9892e-06
4.18213e-07
-8.40798e-06
5.48233e-07
-8.78442e-06
7.05459e-07
-9.1279e-06
8.93644e-07
-9.44791e-06
1.1183e-06
-9.75395e-06
1.38692e-06
-1.00548e-05
1.70949e-06
-1.03567e-05
2.09928e-06
-1.06605e-05
2.57343e-06
-1.09568e-05
3.15365e-06
-1.12201e-05
3.86621e-06
-1.14005e-05
4.74103e-06
-1.14178e-05
5.80896e-06
-1.11571e-05
7.09778e-06
-1.04716e-05
8.62714e-06
-9.19368e-06
-7.15296e-06
1.04048e-05
7.22213e-08
-2.54243e-06
8.38045e-08
-4.54976e-06
9.02911e-08
-5.59723e-06
1.06981e-07
-6.37148e-06
1.38827e-07
-7.01245e-06
1.86657e-07
-7.5658e-06
2.50137e-07
-8.05275e-06
3.28675e-07
-8.48662e-06
4.22417e-07
-8.8781e-06
5.3216e-07
-9.23752e-06
6.59864e-07
-9.57554e-06
8.09002e-07
-9.90303e-06
9.8474e-07
-1.02305e-05
1.19439e-06
-1.05663e-05
1.4483e-06
-1.09144e-05
1.76073e-06
-1.12692e-05
2.15097e-06
-1.16103e-05
2.64426e-06
-1.18938e-05
3.27168e-06
-1.20452e-05
4.06858e-06
-1.1954e-05
5.07102e-06
-1.14741e-05
6.31068e-06
-1.04334e-05
-8.65224e-06
7.80994e-06
6.97869e-08
-2.6123e-06
7.49305e-08
-4.55496e-06
7.52321e-08
-5.59768e-06
8.57199e-08
-6.38193e-06
1.10293e-07
-7.03708e-06
1.47951e-07
-7.60354e-06
1.96416e-07
-8.10135e-06
2.53431e-07
-8.5437e-06
3.17423e-07
-8.94199e-06
3.8754e-07
-9.30753e-06
4.64101e-07
-9.65203e-06
5.48656e-07
-9.98755e-06
6.44042e-07
-1.03259e-05
7.54936e-07
-1.06772e-05
8.88466e-07
-1.10479e-05
1.05538e-06
-1.14362e-05
1.27159e-06
-1.18265e-05
1.55972e-06
-1.21819e-05
1.95018e-06
-1.24357e-05
2.48079e-06
-1.24846e-05
3.19456e-06
-1.21879e-05
4.1337e-06
-1.13726e-05
-9.8559e-06
5.33736e-06
6.2742e-08
-2.67504e-06
5.89238e-08
-4.55115e-06
5.23781e-08
-5.59114e-06
5.9771e-08
-6.38921e-06
8.06553e-08
-7.05807e-06
1.12569e-07
-7.63555e-06
1.51151e-07
-8.1401e-06
1.92725e-07
-8.58526e-06
2.34119e-07
-8.98324e-06
2.73145e-07
-9.34644e-06
3.08752e-07
-9.68759e-06
3.40848e-07
-1.00197e-05
3.70337e-07
-1.03554e-05
3.99328e-07
-1.07063e-05
4.31786e-07
-1.10804e-05
4.74657e-07
-1.14791e-05
5.39634e-07
-1.18915e-05
6.45367e-07
-1.22876e-05
8.19638e-07
-1.261e-05
1.10057e-06
-1.27657e-05
1.53412e-06
-1.26216e-05
2.17126e-06
-1.20098e-05
-1.07547e-05
3.07006e-06
4.17761e-08
-2.71675e-06
2.72047e-08
-4.53656e-06
1.73481e-08
-5.58114e-06
2.40117e-08
-6.39578e-06
4.6222e-08
-7.08038e-06
7.80454e-08
-7.66747e-06
1.13024e-07
-8.1752e-06
1.45834e-07
-8.61796e-06
1.72153e-07
-9.00939e-06
1.88935e-07
-9.36313e-06
1.94191e-07
-9.69283e-06
1.86666e-07
-1.00122e-05
1.65728e-07
-1.03345e-05
1.31394e-07
-1.0672e-05
8.47828e-08
-1.10338e-05
2.91485e-08
-1.14235e-05
-2.83434e-08
-1.1834e-05
-7.41118e-08
-1.22419e-05
-8.5197e-08
-1.25989e-05
-2.64865e-08
-1.28244e-05
1.51854e-07
-1.28e-05
5.13104e-07
-1.2371e-05
-1.13361e-05
1.0945e-06
-1.71838e-09
-2.71497e-06
-3.04993e-08
-4.50771e-06
-4.12965e-08
-5.57018e-06
-2.78221e-08
-6.40923e-06
3.30615e-09
-7.11151e-06
4.22709e-08
-7.7065e-06
8.04535e-08
-8.2134e-06
1.11306e-07
-8.64867e-06
1.29957e-07
-9.02794e-06
1.33098e-07
-9.36626e-06
1.18387e-07
-9.67819e-06
8.39891e-08
-9.97791e-06
2.83017e-08
-1.0279e-05
-5.01624e-08
-1.05936e-05
-1.52507e-07
-1.09316e-05
-2.78624e-07
-1.12974e-05
-4.25652e-07
-1.16871e-05
-5.85514e-07
-1.20821e-05
-7.41528e-07
-1.2443e-05
-8.64625e-07
-1.27014e-05
-9.10941e-07
-1.27537e-05
-8.23229e-07
-1.24588e-05
-1.16409e-05
-5.18389e-07
-7.25213e-08
-2.64244e-06
-1.22351e-07
-4.45779e-06
-1.28661e-07
-5.56375e-06
-9.93159e-08
-6.43856e-06
-5.00859e-08
-7.16063e-06
3.95715e-09
-7.76059e-06
5.2135e-08
-8.26157e-06
8.73003e-08
-8.68382e-06
1.0492e-07
-9.04562e-06
1.02162e-07
-9.36358e-06
7.69912e-08
-9.6531e-06
2.76009e-08
-9.92858e-06
-4.79652e-08
-1.02034e-05
-1.52011e-07
-1.04896e-05
-2.87055e-07
-1.07966e-05
-4.55265e-07
-1.11293e-05
-6.57269e-07
-1.14851e-05
-8.90006e-07
-1.18494e-05
-1.14343e-06
-1.21896e-05
-1.39629e-06
-1.24486e-05
-1.61186e-06
-1.25382e-05
-1.73456e-06
-1.23362e-05
-1.16883e-05
-1.68726e-06
-1.85908e-07
-2.45654e-06
-2.57304e-07
-4.38628e-06
-2.48266e-07
-5.57271e-06
-1.90456e-07
-6.49632e-06
-1.12766e-07
-7.23823e-06
-3.60291e-08
-7.83741e-06
2.76945e-08
-8.32537e-06
7.19432e-08
-8.72816e-06
9.35846e-08
-9.06731e-06
9.10832e-08
-9.36107e-06
6.33797e-08
-9.62537e-06
9.27113e-09
-9.87449e-06
-7.29747e-08
-1.01213e-05
-1.85806e-07
-1.03769e-05
-3.3234e-07
-1.06502e-05
-5.16016e-07
-1.09457e-05
-7.39751e-07
-1.12614e-05
-1.00425e-06
-1.15849e-05
-1.30521e-06
-1.18887e-05
-1.62939e-06
-1.21245e-05
-1.94971e-06
-1.22179e-05
-2.22001e-06
-1.20658e-05
-1.1538e-05
-2.37026e-06
-3.53095e-07
-2.1034e-06
-4.40202e-07
-4.29903e-06
-3.97416e-07
-5.61546e-06
-2.95196e-07
-6.59847e-06
-1.78841e-07
-7.3546e-06
-7.39526e-08
-7.94234e-06
8.06972e-09
-8.40743e-06
6.34074e-08
-8.78352e-06
9.15999e-08
-9.09548e-06
9.3228e-08
-9.36266e-06
6.87791e-08
-9.60093e-06
1.80921e-08
-9.82388e-06
-5.9915e-08
-1.00434e-05
-1.67341e-07
-1.02696e-05
-3.07248e-07
-1.05103e-05
-4.83416e-07
-1.07695e-05
-6.99732e-07
-1.1045e-05
-9.5897e-07
-1.13257e-05
-1.26074e-06
-1.15869e-05
-1.59838e-06
-1.17868e-05
-1.95457e-06
-1.18617e-05
-2.29565e-06
-1.17248e-05
-1.12691e-05
-2.56449e-06
-6.02569e-07
-1.50072e-06
-6.74108e-07
-4.2274e-06
-5.65404e-07
-5.7242e-06
-3.99058e-07
-6.76476e-06
-2.3624e-07
-7.51744e-06
-1.02783e-07
-8.07584e-06
-4.73432e-09
-8.50553e-06
5.94885e-08
-8.84775e-06
9.3415e-08
-9.12938e-06
1.00342e-07
-9.36959e-06
8.25432e-08
-9.5832e-06
4.10265e-08
-9.78247e-06
-2.44969e-08
-9.97795e-06
-1.15541e-07
-1.01786e-05
-2.34694e-07
-1.03912e-05
-3.85363e-07
-1.06188e-05
-5.71286e-07
-1.08591e-05
-7.95678e-07
-1.11013e-05
-1.0599e-06
-1.13227e-05
-1.36132e-06
-1.14853e-05
-1.69016e-06
-1.15328e-05
-2.02463e-06
-1.13902e-05
-1.09701e-05
-2.32363e-06
-9.82028e-07
-5.1862e-07
-9.56409e-07
-4.25304e-06
-7.24247e-07
-5.95639e-06
-4.71217e-07
-7.01789e-06
-2.63481e-07
-7.72524e-06
-1.11688e-07
-8.22764e-06
-8.13625e-09
-8.60905e-06
5.7042e-08
-8.91288e-06
9.19755e-08
-9.16433e-06
1.02488e-07
-9.38019e-06
9.22581e-08
-9.57307e-06
6.31281e-08
-9.7534e-06
1.5402e-08
-9.93025e-06
-5.18637e-08
-1.01113e-05
-1.40587e-07
-1.03025e-05
-2.53378e-07
-1.05061e-05
-3.93137e-07
-1.07194e-05
-5.62439e-07
-1.0932e-05
-7.62675e-07
-1.11224e-05
-9.92728e-07
-1.12553e-05
-1.24699e-06
-1.12785e-05
-1.5122e-06
-1.1125e-05
-1.07199e-05
-1.76229e-06
-1.47369e-06
9.55059e-07
-1.21433e-06
-4.51248e-06
-7.73419e-07
-6.39736e-06
-4.41487e-07
-7.34981e-06
-2.25617e-07
-7.94106e-06
-8.81926e-08
-8.36502e-06
-2.16906e-09
-8.69504e-06
4.92379e-08
-8.9643e-06
7.65719e-08
-9.19172e-06
8.63023e-08
-9.38997e-06
8.21484e-08
-9.56893e-06
6.59247e-08
-9.73716e-06
3.81008e-08
-9.90241e-06
-1.83214e-09
-1.00714e-05
-5.50894e-08
-1.02492e-05
-1.23347e-07
-1.04378e-05
-2.08421e-07
-1.06344e-05
-3.11802e-07
-1.08286e-05
-4.34097e-07
-1.10001e-05
-5.74222e-07
-1.11151e-05
-7.28283e-07
-1.11244e-05
-8.88097e-07
-1.09651e-05
-1.05689e-05
-1.03907e-06
-1.34716e-06
-9.00591e-07
-4.45668e-07
-2.21023e-07
-1.02822e-07
-3.73466e-08
-7.13409e-10
1.93703e-08
2.94085e-08
3.28353e-08
3.14178e-08
2.59633e-08
1.66947e-08
3.44443e-09
-1.42397e-08
-3.69936e-08
-6.54916e-08
-1.00236e-07
-1.41303e-07
-1.87893e-07
-2.37737e-07
-2.86493e-07
-3.28578e-07
-3.46119e-05
-4.11144e-06
-3.13736e-05
-3.23831e-06
-2.88727e-05
-2.50086e-06
1.34919e-06
-3.02219e-05
-2.18926e-05
-5.8889e-06
-1.93302e-05
-5.80073e-06
-1.61251e-05
-5.70593e-06
-4.94808e-06
-9.82783e-06
-1.83717e-05
-6.14622e-06
-1.7568e-05
-6.60443e-06
-1.59684e-05
-7.30556e-06
-8.40046e-06
-1.2516e-05
-1.92259e-05
-4.49258e-06
-2.12384e-05
-4.59198e-06
-2.36032e-05
-4.94071e-06
-7.13137e-06
-2.48723e-05
-2.68423e-05
-1.1095e-06
-3.20799e-05
6.45575e-07
-4.07123e-05
3.69175e-06
4.62047e-07
-4.83057e-05
-3.74609e-05
6.22795e-06
-4.85912e-05
1.17759e-05
-6.2383e-05
1.74836e-05
1.31626e-05
-7.50836e-05
-5.65859e-05
1.57784e-05
-6.66059e-05
2.1796e-05
-7.37701e-05
2.46477e-05
1.57922e-05
-7.63997e-05
-4.36505e-05
1.95702e-05
-4.49854e-05
2.31308e-05
-4.48004e-05
2.44627e-05
2.00803e-05
-4.90887e-05
-2.42892e-05
2.11005e-05
-2.45253e-05
2.3367e-05
-2.46174e-05
2.45548e-05
2.32544e-05
-2.77915e-05
-8.63846e-06
2.20145e-05
-9.25092e-06
2.39796e-05
-1.04571e-05
2.5761e-05
2.68149e-05
-1.40177e-05
3.64813e-06
2.24835e-05
3.19037e-06
2.44373e-05
2.2612e-06
2.66902e-05
2.91208e-05
-4.46088e-08
1.36366e-05
2.23892e-05
1.37449e-05
2.4329e-05
1.36551e-05
2.678e-05
2.98431e-05
1.29327e-05
2.15037e-05
2.17244e-05
2.22513e-05
2.35814e-05
2.30161e-05
2.60152e-05
2.91992e-05
2.366e-05
2.73105e-05
2.05938e-05
2.85732e-05
2.23187e-05
2.99838e-05
2.46046e-05
2.76189e-05
3.1564e-05
3.12919e-05
1.91301e-05
3.29071e-05
2.07035e-05
3.47233e-05
2.27883e-05
2.55051e-05
3.6837e-05
3.37273e-05
1.74646e-05
3.55404e-05
1.88904e-05
3.75613e-05
2.07675e-05
2.31714e-05
3.9895e-05
3.49007e-05
1.57105e-05
3.67809e-05
1.70102e-05
3.88448e-05
1.87036e-05
2.08356e-05
4.11806e-05
3.50905e-05
1.39502e-05
3.69457e-05
1.51551e-05
3.89449e-05
1.67044e-05
1.8625e-05
4.11556e-05
3.45558e-05
1.22323e-05
3.63365e-05
1.33743e-05
3.82194e-05
1.48215e-05
1.65902e-05
4.02542e-05
3.35143e-05
1.05773e-05
3.5206e-05
1.16827e-05
3.69645e-05
1.30629e-05
1.47287e-05
3.88261e-05
3.21218e-05
8.98973e-06
3.37287e-05
1.00758e-05
3.53783e-05
1.14132e-05
1.30106e-05
3.70963e-05
3.04718e-05
7.46717e-06
3.20051e-05
8.54252e-06
3.35672e-05
9.8511e-06
1.14007e-05
3.51771e-05
2.86121e-05
6.0048e-06
3.00834e-05
7.07134e-06
3.15775e-05
8.357e-06
9.86899e-06
3.31092e-05
2.6566e-05
4.59855e-06
2.79838e-05
5.65358e-06
2.94243e-05
6.91655e-06
8.39379e-06
3.08995e-05
2.43473e-05
3.24791e-06
2.57153e-05
4.28561e-06
2.71098e-05
5.52213e-06
6.96285e-06
2.85408e-05
2.19691e-05
1.95776e-06
2.32845e-05
2.97019e-06
2.46328e-05
4.17387e-06
5.57334e-06
2.60224e-05
1.94475e-05
7.38054e-07
2.07015e-05
1.71626e-06
2.19963e-05
2.87913e-06
4.23074e-06
2.3339e-05
1.68068e-05
-3.97694e-07
1.7986e-05
5.37102e-07
1.92147e-05
1.6505e-06
2.94645e-06
2.04991e-05
1.40833e-05
-1.43453e-06
1.51725e-05
-5.5208e-07
1.63201e-05
5.02994e-07
1.73477e-06
1.75318e-05
1.13285e-05
-2.35822e-06
1.23127e-05
-1.53635e-06
1.33642e-05
-5.48413e-07
6.10214e-07
1.44887e-05
8.60847e-06
-3.15676e-06
9.47482e-06
-2.40267e-06
1.04167e-05
-1.49028e-06
-4.14005e-07
1.14409e-05
6.00144e-06
-3.82081e-06
6.73935e-06
-3.14053e-06
7.56034e-06
-2.31125e-06
-1.32635e-06
8.47273e-06
3.59327e-06
-4.34399e-06
4.19477e-06
-3.74198e-06
4.88574e-06
-3.00218e-06
-2.1168e-06
5.67618e-06
1.47266e-06
-4.72217e-06
1.93251e-06
-4.20181e-06
2.48671e-06
-3.5564e-06
-2.77693e-06
3.14676e-06
-2.78371e-07
-4.96223e-06
4.10668e-08
-4.52128e-06
4.55611e-07
-3.97098e-06
-3.30185e-06
9.80505e-07
-1.57653e-06
-5.07294e-06
-1.3913e-06
-4.70655e-06
-1.11377e-06
-4.24855e-06
-3.68872e-06
-7.26907e-07
-2.36756e-06
-5.07561e-06
-2.30013e-06
-4.77401e-06
-2.14918e-06
-4.3995e-06
-3.94196e-06
-1.89595e-06
-2.63609e-06
-5.00397e-06
-2.65622e-06
-4.75386e-06
-2.60658e-06
-4.44922e-06
-4.08087e-06
-2.46776e-06
-2.42732e-06
-4.90029e-06
-2.4939e-06
-4.68735e-06
-2.50713e-06
-4.43607e-06
-4.1389e-06
-2.44917e-06
-1.8563e-06
-4.80626e-06
-1.92541e-06
-4.61824e-06
-1.95722e-06
-4.40427e-06
-4.15873e-06
-1.93741e-06
-1.09505e-06
-4.7502e-06
-1.13554e-06
-4.57768e-06
-1.15198e-06
-4.3878e-06
-4.17749e-06
-1.13328e-06
-3.41569e-07
-3.48285e-07
-3.44647e-07
-3.2487e-07
7.45196e-05
5.12889e-05
0.000133535
4.03574e-06
0.000143697
-3.35622e-05
0.000137374
-5.23259e-05
0.000134386
-6.16957e-05
0.000141263
-6.2309e-05
0.000178853
-7.96829e-05
0.000217115
-1.63958e-05
0.000242409
0.000115281
0.000196804
0.000296196
-4.43545e-06
0.000462038
-0.000121365
0.0002011
-0.00010788
-6.79621e-05
-7.55088e-05
-0.000144103
-5.14218e-05
-0.000161424
-3.72837e-05
-0.000149517
-2.64113e-05
-0.000132142
-1.3839e-05
-0.000116285
-8.27579e-05
4.47897e-05
-3.32858e-06
7.91966e-05
-3.03712e-05
9.73461e-05
-5.17118e-05
8.91489e-05
-4.41287e-05
8.11204e-05
-5.36672e-05
0.000108851
-9.00397e-05
0.00010642
-7.72513e-05
0.000126871
-3.68467e-05
0.00011813
0.000124022
2.02908e-05
0.000394035
-8.21074e-05
0.000564436
-9.9531e-05
0.000218524
-6.08612e-05
-0.000106632
-3.94036e-05
-0.00016556
-2.78765e-05
-0.000172951
-2.40176e-05
-0.000153376
-1.9732e-05
-0.000136428
-9.95105e-06
-0.000126066
-9.27089e-05
1.12321e-05
-2.70767e-05
2.9813e-05
-4.89521e-05
3.60421e-05
-5.79408e-05
1.24724e-05
-2.05591e-05
1.35285e-05
-5.4723e-05
1.15422e-05
-8.80536e-05
1.64911e-06
-6.73581e-05
-4.00492e-05
4.85167e-06
-0.000141212
0.000225185
-0.000200209
0.000453032
-0.000183557
0.000547784
-5.53581e-05
9.0325e-05
-1.84744e-05
-0.000143515
-1.66063e-05
-0.000167429
-1.83424e-05
-0.000171215
-2.31867e-05
-0.000148531
-2.07747e-05
-0.00013884
-9.59934e-06
-0.000137241
-0.000102308
-1.90678e-05
-3.28812e-05
-1.54588e-05
-5.2561e-05
-2.44284e-05
-4.89712e-05
-3.72373e-05
-7.75019e-06
-5.13011e-05
-4.06591e-05
-8.6662e-05
-5.26927e-05
-0.000153596
-4.23935e-07
-0.000262156
0.000113412
-0.000330309
0.000293337
-0.000316389
0.000439112
-0.000157738
0.000389133
-2.19068e-06
-6.52225e-05
-5.19615e-06
-0.00014051
-1.28536e-05
-0.000159771
-2.41196e-05
-0.000159949
-3.22253e-05
-0.000140426
-2.61091e-05
-0.000144956
-9.59579e-06
-0.000153754
-0.000111904
-4.73487e-05
-3.38382e-05
-5.05131e-05
-4.93966e-05
-6.48876e-05
-3.45968e-05
-6.09066e-05
-1.17312e-05
-0.000108721
7.1552e-06
-0.000177337
1.59234e-05
-0.000264094
8.63328e-05
-0.000342873
0.000192192
-0.000360828
0.000311291
-0.00028232
0.000360604
-4.10883e-05
0.000147902
4.82404e-06
-0.000111135
-5.56354e-06
-0.000130122
-2.12971e-05
-0.000144038
-4.24681e-05
-0.000138778
-4.59226e-05
-0.000136971
-3.1397e-05
-0.000159481
-7.74789e-06
-0.000177403
-0.000119652
-7.16554e-05
-3.72665e-05
-7.27315e-05
-4.83205e-05
-8.00677e-05
-2.72605e-05
-9.26049e-05
8.06012e-07
-0.000110954
2.55046e-05
-0.000168736
7.37051e-05
-0.000243485
0.000161082
-0.000290391
0.000239098
-0.000264638
0.000285538
-0.000145088
0.000241054
1.84962e-05
-1.56828e-05
1.95494e-06
-9.45936e-05
-1.4267e-05
-0.0001139
-3.72742e-05
-0.00012103
-6.72638e-05
-0.000108788
-6.68859e-05
-0.000137349
-4.05021e-05
-0.000185865
-9.00856e-06
-0.000208897
-0.000128661
-8.451e-05
-2.91562e-05
-8.58417e-05
-4.69888e-05
-9.01044e-05
-2.29979e-05
-0.000100088
1.079e-05
-0.00011301
3.84261e-05
-0.000117499
7.81943e-05
-0.000153342
0.000196925
-0.000173795
0.000259551
-0.000140464
0.000252208
-3.00475e-05
0.000130637
1.43063e-05
-6.00366e-05
-3.11785e-06
-7.71695e-05
-2.48943e-05
-9.2124e-05
-6.13806e-05
-8.45441e-05
-9.41965e-05
-7.59722e-05
-8.6938e-05
-0.000144607
-5.43111e-05
-0.000218492
-1.83894e-05
-0.000244819
-0.00014705
-7.91354e-05
8.90526e-07
-9.27754e-05
-3.33489e-05
-9.61512e-05
-1.96221e-05
-0.000100551
1.51897e-05
-0.000112434
5.03088e-05
-0.000104047
6.98074e-05
-7.24754e-05
0.000165353
-7.23561e-05
0.000259432
-3.57631e-05
0.000215615
3.86977e-05
5.61766e-05
1.23868e-05
-3.37257e-05
-6.21249e-06
-5.85702e-05
-3.35197e-05
-6.48168e-05
-8.55802e-05
-3.24837e-05
-0.000111276
-5.02765e-05
-9.74363e-05
-0.000158447
-6.81749e-05
-0.000247754
-3.27084e-05
-0.000280285
-0.000179758
-6.3843e-05
3.69419e-05
-9.22141e-05
-4.97768e-06
-9.86205e-05
-1.32157e-05
-0.000100448
1.7017e-05
-0.000103695
5.35561e-05
-0.000117692
8.38045e-05
-6.43363e-05
0.000111997
-3.80982e-05
0.000233193
-1.74549e-05
0.000194971
2.45903e-05
1.41312e-05
7.70384e-06
-1.68392e-05
-7.84971e-06
-4.30167e-05
-3.60247e-05
-3.66419e-05
-8.43841e-05
1.58757e-05
-0.000110174
-2.44867e-05
-0.000102916
-0.000165704
-8.1538e-05
-0.000269132
-4.32935e-05
-0.00031853
-0.000223052
-3.94887e-05
6.24127e-05
-7.79667e-05
3.35003e-05
-9.91756e-05
7.99325e-06
-0.000100376
1.82175e-05
-0.000100543
5.37228e-05
-0.000104761
8.8023e-05
-0.000108401
0.000115637
-3.95905e-05
0.000164382
3.02697e-05
0.000125111
1.35438e-05
3.0857e-05
5.35825e-06
-8.65362e-06
-6.60243e-06
-3.1056e-05
-2.76846e-05
-1.55597e-05
-5.46479e-05
4.2839e-05
-0.000100964
2.18291e-05
-0.000112491
-0.000154177
-8.39642e-05
-0.000297659
-3.85171e-05
-0.000363977
-0.000261569
-1.44755e-05
7.68434e-05
-5.54059e-05
7.44306e-05
-9.47807e-05
4.73679e-05
-0.000100452
2.38885e-05
-9.56104e-05
4.88816e-05
-9.23224e-05
8.47351e-05
-8.64366e-05
0.000109751
-3.84405e-05
0.000116386
4.45641e-06
8.22145e-05
4.69167e-06
3.06218e-05
1.79643e-06
-5.75837e-06
-5.77773e-06
-2.34818e-05
-1.75991e-05
-3.73828e-06
-2.56121e-05
5.08521e-05
-8.68457e-05
8.30626e-05
-0.000115262
-0.000125761
-6.26926e-05
-0.000350228
-3.12001e-05
-0.000395469
-0.000292769
7.01602e-06
8.276e-05
-1.19705e-05
9.34171e-05
-5.3928e-05
8.93251e-05
-9.00222e-05
5.99828e-05
-8.87376e-05
4.75969e-05
-7.4321e-05
7.03185e-05
-5.52722e-05
9.07025e-05
-2.66912e-05
8.78051e-05
-5.14241e-06
6.06657e-05
2.45615e-06
2.30232e-05
2.09513e-06
-5.39736e-06
-5.47615e-06
-1.59105e-05
-1.81251e-05
8.91071e-06
-4.55628e-05
7.82897e-05
-9.96732e-05
0.000137173
-7.42928e-05
-0.000151142
-4.31036e-05
-0.000381417
-2.60773e-05
-0.000412496
-0.000318846
2.39836e-05
8.2436e-05
1.91416e-05
9.82593e-05
1.71281e-06
0.000106754
-3.81786e-05
9.98742e-05
-6.91277e-05
7.85461e-05
-6.12712e-05
6.2462e-05
-3.79395e-05
6.73708e-05
-1.45917e-05
6.44573e-05
3.39544e-06
4.26785e-05
1.22421e-05
1.41765e-05
1.16419e-05
-4.79711e-06
-7.73938e-06
3.47075e-06
-5.43995e-05
5.55708e-05
-0.000105841
0.000129731
-0.000104098
0.00013543
-3.4865e-05
-0.000220375
-2.35215e-05
-0.000392761
-2.22958e-05
-0.000413721
-0.000341142
3.57467e-05
7.82531e-05
3.90567e-05
9.49493e-05
3.80728e-05
0.000107738
2.50252e-05
0.000112922
-2.68168e-06
0.000106253
-2.74998e-05
8.72802e-05
-2.86188e-05
6.84898e-05
9.78326e-07
3.48602e-05
2.56731e-05
1.79837e-05
3.18744e-05
7.97525e-06
7.32338e-06
1.97539e-05
-4.76876e-05
5.84818e-05
-0.000121935
0.000129818
-0.000145401
0.000153197
-7.53973e-05
6.54263e-05
-4.11147e-06
-0.000291661
-4.89399e-06
-0.000391978
-1.64494e-05
-0.000402166
-0.000357591
4.30417e-05
7.20483e-05
5.02312e-05
8.77598e-05
5.70432e-05
0.000100926
6.03185e-05
0.000109647
5.62152e-05
0.000110356
4.49815e-05
9.8514e-05
3.80242e-05
7.54471e-05
3.34664e-05
3.9418e-05
3.3248e-05
1.82019e-05
1.65302e-05
2.46929e-05
-2.75506e-05
6.38347e-05
-9.13778e-05
0.000122309
-0.000124309
0.000162749
-0.000100183
0.000129071
-2.54072e-05
-9.35016e-06
8.89115e-06
-0.00032596
3.75911e-06
-0.000386846
-6.88674e-06
-0.00039152
-0.000364478
4.67636e-05
6.51798e-05
5.51647e-05
7.93588e-05
6.44746e-05
9.16162e-05
7.33551e-05
0.000100766
7.92917e-05
0.00010442
7.87053e-05
9.91004e-05
7.28416e-05
8.13106e-05
5.665e-05
5.56095e-05
3.20657e-05
4.27862e-05
-2.2417e-07
5.69828e-05
-4.05527e-05
0.000104163
-7.4759e-05
0.000156515
-7.29681e-05
0.000160958
-3.14444e-05
8.75475e-05
1.71439e-05
-5.79384e-05
1.20158e-05
-0.000320831
8.06506e-06
-0.000382896
1.8976e-06
-0.000385353
-0.000362581
4.78771e-05
5.84835e-05
5.59534e-05
7.12827e-05
6.4935e-05
8.26348e-05
7.39705e-05
9.1731e-05
8.12592e-05
9.71312e-05
8.3663e-05
9.66966e-05
7.68053e-05
8.81683e-05
5.73901e-05
7.50245e-05
2.88783e-05
7.1298e-05
-3.31456e-06
8.91757e-05
-2.9666e-05
0.000130515
-3.71151e-05
0.000163964
-1.82749e-05
0.000142118
1.84112e-05
5.08615e-05
4.60381e-05
-8.55655e-05
1.79591e-05
-0.000292753
9.67633e-06
-0.000374613
5.22137e-06
-0.000380898
-0.000357359
4.72859e-05
5.23532e-05
5.44117e-05
6.41569e-05
6.20307e-05
7.50159e-05
6.93694e-05
8.43925e-05
7.50185e-05
9.14821e-05
7.65018e-05
9.52133e-05
7.00062e-05
9.4664e-05
5.31421e-05
9.18887e-05
2.89669e-05
9.54732e-05
4.78971e-06
0.000113353
-8.42868e-06
0.000143733
-2.94681e-06
0.000158483
1.80903e-05
0.000121081
4.05464e-05
2.84053e-05
5.16448e-05
-9.66641e-05
2.63007e-05
-0.000267409
1.0655e-05
-0.000358967
6.36e-06
-0.000376603
-0.000350999
4.57175e-05
4.689e-05
5.17955e-05
5.80789e-05
5.79877e-05
6.88237e-05
6.35811e-05
7.87992e-05
6.745e-05
8.76132e-05
6.78673e-05
9.47959e-05
6.2473e-05
0.000100058
4.97345e-05
0.000104627
3.22015e-05
0.000113006
1.66085e-05
0.000128946
1.20829e-05
0.000148259
2.15734e-05
0.000148992
3.66472e-05
0.000106007
4.43108e-05
2.07416e-05
3.99749e-05
-9.23281e-05
2.7656e-05
-0.00025509
1.48066e-05
-0.000346118
7.51591e-06
-0.000369312
-0.000343483
4.36746e-05
4.20415e-05
4.88551e-05
5.28984e-05
5.39117e-05
6.37671e-05
5.825e-05
7.44609e-05
6.1045e-05
8.48183e-05
6.11794e-05
9.46617e-05
5.73344e-05
0.000103904
4.88408e-05
0.000113121
3.77231e-05
0.000124124
2.91158e-05
0.000137554
2.91304e-05
0.000148244
3.77098e-05
0.000140413
4.52034e-05
9.85136e-05
4.10471e-05
2.48979e-05
2.38161e-05
-7.50972e-05
2.44091e-05
-0.000255683
1.93544e-05
-0.000341063
8.92165e-06
-0.000358879
-0.000334562
4.14501e-05
3.76877e-05
4.59642e-05
4.83842e-05
5.02546e-05
5.94768e-05
5.38688e-05
7.08469e-05
5.62589e-05
8.24282e-05
5.67777e-05
9.41429e-05
5.47845e-05
0.000105897
5.01702e-05
0.000117735
4.44758e-05
0.000129818
4.10948e-05
0.000140935
4.34401e-05
0.000145899
4.9876e-05
0.000133977
5.21463e-05
9.62434e-05
4.29867e-05
3.40574e-05
2.29908e-05
-5.51012e-05
3.08171e-05
-0.000263509
2.28022e-05
-0.000333048
1.10281e-05
-0.000347105
-0.000323534
3.91743e-05
3.36906e-05
4.32498e-05
4.43087e-05
4.71017e-05
5.56251e-05
5.04137e-05
6.75349e-05
5.2861e-05
7.99809e-05
5.41307e-05
9.28732e-05
5.40092e-05
0.000106018
5.2683e-05
0.000119061
5.1257e-05
0.000131244
5.17227e-05
0.000140469
5.55746e-05
0.000142047
6.08288e-05
0.000128723
6.19239e-05
9.51484e-05
5.49571e-05
4.10243e-05
4.11835e-05
-4.13276e-05
3.38494e-05
-0.000256175
2.566e-05
-0.000324859
1.30759e-05
-0.000334521
-0.000310458
3.68734e-05
2.99264e-05
4.06953e-05
4.04869e-05
4.43518e-05
5.19687e-05
4.76408e-05
6.42459e-05
5.03998e-05
7.7222e-05
5.25319e-05
9.07411e-05
5.40657e-05
0.000104484
5.52986e-05
0.000117828
5.69821e-05
0.000129561
6.01538e-05
0.000137298
6.52295e-05
0.000136972
7.05978e-05
0.000123354
7.32781e-05
9.24682e-05
7.20071e-05
4.22953e-05
6.77338e-05
-3.70541e-05
3.18473e-05
-0.000220288
2.72583e-05
-0.00032027
1.39765e-05
-0.000321239
-0.000296481
3.452e-05
2.63059e-05
3.82158e-05
3.67911e-05
4.18301e-05
4.83545e-05
4.52455e-05
6.08305e-05
4.84051e-05
7.40625e-05
5.13345e-05
8.78117e-05
5.41723e-05
0.000101647
5.72175e-05
0.000114783
6.09473e-05
0.000125831
6.5816e-05
0.000132429
7.17271e-05
0.000131061
7.75316e-05
0.00011755
8.18039e-05
8.81959e-05
8.47069e-05
3.93923e-05
8.56664e-05
-3.80136e-05
4.53776e-05
-0.00018
2.51771e-05
-0.000300069
1.34423e-05
-0.000309504
-0.000283039
3.20671e-05
2.27795e-05
3.57087e-05
3.31497e-05
3.93575e-05
4.47057e-05
4.29513e-05
5.72368e-05
4.64917e-05
7.05221e-05
5.00585e-05
8.42448e-05
5.38159e-05
9.78891e-05
5.80059e-05
0.000110593
6.28945e-05
0.000120942
6.85892e-05
0.000126734
7.47503e-05
0.0001249
8.04858e-05
0.000111814
8.48975e-05
8.37842e-05
8.77607e-05
3.65293e-05
8.62636e-05
-3.65165e-05
5.48378e-05
-0.000148574
2.22351e-05
-0.000267467
1.24871e-05
-0.000299756
-0.000270552
2.94703e-05
1.93317e-05
3.30842e-05
2.95359e-05
3.67888e-05
4.10012e-05
4.05514e-05
5.34742e-05
4.43977e-05
6.66758e-05
4.84165e-05
8.0226e-05
5.27502e-05
9.35553e-05
5.75616e-05
0.000105782
6.29552e-05
0.000115549
6.88298e-05
0.000120859
7.47208e-05
0.000119009
7.98277e-05
0.000106707
8.33789e-05
8.02329e-05
8.47406e-05
3.51676e-05
8.1437e-05
-3.32128e-05
6.17292e-05
-0.000128866
2.94177e-05
-0.000235155
1.20439e-05
-0.000282383
-0.000258508
2.67003e-05
1.59705e-05
3.02828e-05
2.59536e-05
3.403e-05
3.72541e-05
3.79211e-05
4.95832e-05
4.19827e-05
6.26143e-05
4.62877e-05
7.59209e-05
5.09369e-05
8.89061e-05
5.60147e-05
0.000100704
6.15095e-05
0.000110054
6.71978e-05
0.000115171
7.25508e-05
0.000113655
7.67841e-05
0.000102474
7.90785e-05
7.79386e-05
7.84978e-05
3.57483e-05
7.29215e-05
-2.76364e-05
5.65615e-05
-0.000112506
3.01616e-05
-0.000208755
1.1606e-05
-0.000263827
-0.000246902
2.37521e-05
1.27176e-05
2.72819e-05
2.24238e-05
3.1042e-05
3.3494e-05
3.5012e-05
4.56132e-05
3.92075e-05
5.84188e-05
4.36753e-05
7.14531e-05
4.8472e-05
8.41093e-05
5.3619e-05
9.55569e-05
5.90301e-05
0.000104643
6.44197e-05
0.000109781
6.92314e-05
0.000108844
7.26555e-05
9.905e-05
7.36949e-05
7.68993e-05
7.09964e-05
3.84467e-05
6.22248e-05
-1.88649e-05
4.41974e-05
-9.44785e-05
2.11014e-05
-0.000185659
6.859e-06
-0.000249585
-0.000240043
2.06485e-05
9.601e-06
2.40974e-05
1.89748e-05
2.78363e-05
2.97551e-05
3.18401e-05
4.16094e-05
3.61089e-05
5.41501e-05
4.06628e-05
6.68992e-05
4.55227e-05
7.92494e-05
5.06676e-05
9.04121e-05
5.59732e-05
9.93371e-05
6.11364e-05
0.000104618
6.56062e-05
0.000104374
6.85449e-05
9.61112e-05
6.87622e-05
7.66821e-05
6.44323e-05
4.27766e-05
5.29214e-05
-7.35418e-06
3.21469e-05
-7.3704e-05
1.19988e-05
-0.000165511
-6.5953e-08
-0.00023752
-0.000240109
1.74398e-05
6.64991e-06
2.0779e-05
1.56356e-05
2.44656e-05
2.60685e-05
2.84685e-05
3.76066e-05
3.27727e-05
4.98459e-05
3.73769e-05
6.2295e-05
4.22779e-05
7.43485e-05
4.7434e-05
8.5256e-05
5.2714e-05
9.40569e-05
5.78303e-05
9.95018e-05
6.22715e-05
9.99327e-05
6.52166e-05
9.3166e-05
6.53915e-05
7.65069e-05
6.07918e-05
4.73762e-05
4.89739e-05
4.4635e-06
2.88465e-05
-5.35766e-05
1.77312e-05
-0.000154396
7.9359e-06
-0.000227725
-0.000232173
1.41984e-05
3.89241e-06
1.74016e-05
1.24323e-05
2.10108e-05
2.24593e-05
2.49898e-05
3.36278e-05
2.93117e-05
4.55241e-05
3.3959e-05
5.76477e-05
3.8916e-05
6.93915e-05
4.41392e-05
8.00326e-05
4.95145e-05
8.86816e-05
5.47909e-05
9.42253e-05
5.9525e-05
9.51986e-05
6.2982e-05
8.97089e-05
6.3977e-05
7.55117e-05
6.07315e-05
5.06217e-05
5.11378e-05
1.40572e-05
3.47512e-05
-3.719e-05
2.48722e-05
-0.000144517
1.31926e-05
-0.000216045
-0.00021898
1.10107e-05
1.35442e-06
1.40549e-05
9.38826e-06
1.75677e-05
1.89465e-05
2.15095e-05
2.9686e-05
2.58453e-05
4.11883e-05
3.05459e-05
5.29471e-05
3.55876e-05
6.43499e-05
4.09408e-05
7.46793e-05
4.65208e-05
8.31017e-05
5.21209e-05
8.86251e-05
5.73779e-05
8.99416e-05
6.1688e-05
8.53988e-05
6.40806e-05
7.3119e-05
6.31472e-05
5.15551e-05
5.72528e-05
1.99516e-05
4.52281e-05
-2.51651e-05
2.56379e-05
-0.000124927
1.47091e-05
-0.000205116
-0.000204271
7.96965e-06
-9.39102e-07
1.08334e-05
6.52466e-06
1.42336e-05
1.55462e-05
1.81305e-05
2.5789e-05
2.24837e-05
3.68351e-05
2.72561e-05
4.81747e-05
3.24139e-05
5.91922e-05
3.7943e-05
6.91502e-05
4.37841e-05
7.72608e-05
4.97684e-05
8.26408e-05
5.56143e-05
8.40957e-05
6.08539e-05
8.01592e-05
6.47736e-05
6.91993e-05
6.63988e-05
4.993e-05
6.46078e-05
2.17426e-05
5.77274e-05
-1.82846e-05
2.91358e-05
-9.6335e-05
1.44805e-05
-0.000190461
-0.000189791
5.1708e-06
-2.96326e-06
7.82999e-06
3.86553e-06
1.10987e-05
1.22776e-05
1.494e-05
2.19478e-05
1.93124e-05
3.24627e-05
2.41749e-05
4.33122e-05
2.94815e-05
5.38856e-05
3.5205e-05
6.34265e-05
4.12906e-05
7.11752e-05
4.76042e-05
7.63273e-05
5.39321e-05
7.77678e-05
5.99217e-05
7.41697e-05
6.50374e-05
6.40836e-05
6.86362e-05
4.63313e-05
6.98867e-05
2.04921e-05
6.69682e-05
-1.5366e-05
4.48086e-05
-7.41754e-05
1.30545e-05
-0.000158707
-0.000176736
2.70903e-06
-4.69187e-06
5.13448e-06
1.43999e-06
8.2421e-06
9.17006e-06
1.2003e-05
1.81869e-05
1.63779e-05
2.80878e-05
2.13245e-05
3.83655e-05
2.67898e-05
4.84204e-05
3.26962e-05
5.752e-05
3.89921e-05
6.48795e-05
4.55605e-05
6.97589e-05
5.21893e-05
7.1139e-05
5.85641e-05
6.77949e-05
6.42757e-05
5.8372e-05
6.86634e-05
4.19436e-05
7.04425e-05
1.87131e-05
6.70991e-05
-1.20226e-05
4.83615e-05
-5.54378e-05
1.37499e-05
-0.000124095
-0.000162986
6.92154e-07
-6.1109e-06
2.83706e-06
-7.05043e-07
5.73753e-06
6.26962e-06
9.36995e-06
1.45546e-05
1.36977e-05
2.37601e-05
1.86781e-05
3.33851e-05
2.42592e-05
4.28394e-05
3.03386e-05
5.14407e-05
3.68087e-05
5.84094e-05
4.35743e-05
6.29934e-05
5.03931e-05
6.43204e-05
5.69141e-05
6.12741e-05
6.27805e-05
5.25056e-05
6.7437e-05
3.72871e-05
6.92543e-05
1.68958e-05
6.56267e-05
-8.39502e-06
5.00359e-05
-3.98471e-05
1.59389e-05
-8.99985e-05
-0.000147047
-8.1634e-07
-7.19036e-06
1.02467e-06
-2.54602e-06
3.66305e-06
3.63122e-06
7.09511e-06
1.11224e-05
1.12939e-05
1.95613e-05
1.62207e-05
2.84583e-05
2.18171e-05
3.72429e-05
2.79964e-05
4.52616e-05
3.4611e-05
5.17951e-05
4.15287e-05
5.60757e-05
4.8537e-05
5.73123e-05
5.52889e-05
5.45223e-05
6.12922e-05
4.65023e-05
6.59763e-05
3.26031e-05
6.77714e-05
1.51005e-05
6.46543e-05
-5.27805e-06
5.34935e-05
-2.86865e-05
2.89375e-05
-6.54427e-05
-0.00011811
-1.70485e-06
-7.95334e-06
-2.06226e-07
-4.04475e-06
2.10555e-06
1.31936e-06
5.2474e-06
7.98048e-06
9.20649e-06
1.56022e-05
1.39558e-05
2.37091e-05
1.94355e-05
3.17632e-05
2.55524e-05
3.91449e-05
3.21782e-05
4.51695e-05
3.91426e-05
4.91114e-05
4.62578e-05
5.01972e-05
5.31911e-05
4.75891e-05
5.92721e-05
4.04213e-05
6.34467e-05
2.84285e-05
6.48498e-05
1.36974e-05
6.15094e-05
-1.93774e-06
5.01532e-05
-1.73304e-05
2.62813e-05
-4.15709e-05
-9.18287e-05
-1.95377e-06
-8.44878e-06
-7.95282e-07
-5.20325e-06
1.14323e-06
-6.1917e-07
3.90718e-06
5.21649e-06
7.50319e-06
1.20062e-05
1.1927e-05
1.92855e-05
1.71176e-05
2.65726e-05
2.29712e-05
3.32913e-05
2.93441e-05
3.87968e-05
3.60528e-05
4.24029e-05
4.28547e-05
4.33954e-05
4.93789e-05
4.1065e-05
5.49513e-05
3.48488e-05
5.84817e-05
2.4898e-05
5.95912e-05
1.25878e-05
5.6539e-05
1.11425e-06
4.42968e-05
-5.08829e-06
2.83809e-05
-2.5655e-05
-6.34478e-05
-1.62333e-06
-8.76289e-06
-7.62477e-07
-6.06412e-06
7.99685e-07
-2.18148e-06
3.14407e-06
2.87201e-06
6.2795e-06
8.87063e-06
1.02502e-05
1.5315e-05
1.49806e-05
2.18424e-05
2.03474e-05
2.79245e-05
2.61747e-05
3.29696e-05
3.22241e-05
3.63536e-05
3.81693e-05
3.74503e-05
4.35441e-05
3.56902e-05
4.77159e-05
3.06771e-05
5.02141e-05
2.23996e-05
5.14163e-05
1.13856e-05
5.20037e-05
5.26755e-07
5.4668e-05
-7.75278e-06
4.85181e-05
-1.95052e-05
-1.49298e-05
-9.1198e-07
-8.98423e-06
-2.87815e-07
-6.68831e-06
9.2888e-07
-3.39824e-06
2.891e-06
9.09999e-07
5.59044e-06
6.17112e-06
9.10018e-06
1.18052e-05
1.32995e-05
1.76432e-05
1.80501e-05
2.3174e-05
2.31401e-05
2.78797e-05
2.82666e-05
3.12272e-05
3.3011e-05
3.27058e-05
3.68031e-05
3.1898e-05
3.89512e-05
2.8529e-05
3.91436e-05
2.22072e-05
3.91953e-05
1.13338e-05
4.42558e-05
-4.53387e-06
7.72582e-05
-4.07552e-05
0.000125595
-6.78422e-05
0.000110665
-1.9282e-07
1.56856e-07
9.72402e-07
2.64744e-06
5.31131e-06
8.5575e-06
1.23781e-05
1.66494e-05
2.11354e-05
2.54869e-05
2.92167e-05
3.16646e-05
3.18879e-05
2.83272e-05
1.9986e-05
1.92331e-05
6.45708e-05
0.000194285
)
;

boundaryField
{
    leftWall
    {
        type            calculated;
        value           uniform 0;
    }
    rightWall
    {
        type            calculated;
        value           uniform 0;
    }
    lowerWall
    {
        type            calculated;
        value           uniform 0;
    }
    atmosphere
    {
        type            calculated;
        value           nonuniform List<scalar> 
46
(
2.30219e-06
-4.959e-06
-6.85228e-06
-7.57447e-06
-8.05927e-06
-8.43047e-06
-8.73164e-06
-8.98436e-06
-9.20173e-06
-9.39334e-06
-9.56745e-06
-9.73167e-06
-9.89314e-06
-1.00582e-05
-1.02316e-05
-1.04151e-05
-1.06059e-05
-1.07939e-05
-1.0959e-05
-1.10685e-05
-1.10745e-05
-1.09163e-05
-1.05267e-05
-4.73723e-06
-4.57099e-06
-4.39134e-06
-4.19732e-06
-9.11632e-06
-7.03798e-06
-4.21387e-06
-7.65015e-07
3.50724e-06
8.55906e-06
1.38226e-05
1.89027e-05
2.33937e-05
2.68758e-05
2.8976e-05
2.94501e-05
2.83056e-05
2.57679e-05
1.96749e-05
-3.78103e-06
-8.60929e-05
-0.000197556
0.00030495
)
;
    }
    defaultFaces
    {
        type            empty;
        value           nonuniform List<scalar> 0();
    }
}


// ************************************************************************* //
