/*--------------------------------*- C++ -*----------------------------------*\
| =========                 |                                                 |
| \\      /  F ield         | OpenFOAM: The Open Source CFD Toolbox           |
|  \\    /   O peration     | Version:  v2012                                 |
|   \\  /    A nd           | Website:  www.openfoam.com                      |
|    \\/     M anipulation  |                                                 |
\*---------------------------------------------------------------------------*/
FoamFile
{
    version     2.0;
    format      ascii;
    class       volVectorField;
    location    "0.7";
    object      U;
}
// * * * * * * * * * * * * * * * * * * * * * * * * * * * * * * * * * * * * * //

dimensions      [0 1 -1 0 0 0 0];


internalField   nonuniform List<vector> 
2268
(
(-0.0392808 0.0176167 0)
(-0.0863399 0.0117272 0)
(-0.10823 0.00177526 0)
(-0.107107 -0.00246847 0)
(-0.102746 -0.00287911 0)
(-0.0986143 -0.00205434 0)
(-0.0968172 -0.00106371 0)
(-0.0971476 -0.000324712 0)
(-0.0988569 5.5239e-05 0)
(-0.1011 0.000148818 0)
(-0.103091 4.96172e-05 0)
(-0.104329 -0.000125608 0)
(-0.104691 -0.000355574 0)
(-0.104157 -0.000514871 0)
(-0.102909 -0.000486947 0)
(-0.101722 -2.7355e-05 0)
(-0.101756 0.00123404 0)
(-0.104877 0.00340978 0)
(-0.111831 0.00638977 0)
(-0.127218 0.00849461 0)
(-0.150103 0.00190444 0)
(-0.135178 -0.0181874 0)
(-0.049127 -0.0356785 0)
(-0.0464117 0.0414829 0)
(-0.0722769 0.02553 0)
(-0.0820063 0.00650418 0)
(-0.0831759 -0.00150704 0)
(-0.0826511 -0.00276605 0)
(-0.0825782 -0.00156003 0)
(-0.0843527 4.89712e-05 0)
(-0.0876995 0.00126812 0)
(-0.0919422 0.00185528 0)
(-0.0962932 0.00186769 0)
(-0.100131 0.00146526 0)
(-0.10309 0.00086632 0)
(-0.105066 0.000198454 0)
(-0.106029 -0.000404497 0)
(-0.106002 -0.000735822 0)
(-0.105254 -0.000448002 0)
(-0.104394 0.000887235 0)
(-0.104289 0.00340324 0)
(-0.10482 0.00650543 0)
(-0.104321 0.0079344 0)
(-0.10072 -0.000205003 0)
(-0.0884388 -0.0257101 0)
(-0.0298279 -0.0662042 0)
(-0.0379953 0.0638778 0)
(-0.050089 0.0333853 0)
(-0.0601793 0.00862897 0)
(-0.0639643 -0.000996736 0)
(-0.066869 -0.00224264 0)
(-0.0704245 -0.000409329 0)
(-0.0753231 0.0018505 0)
(-0.081173 0.00351791 0)
(-0.0873972 0.00426318 0)
(-0.0933759 0.00412737 0)
(-0.0986228 0.00337601 0)
(-0.102844 0.00231643 0)
(-0.105924 0.00114963 0)
(-0.107805 4.51782e-05 0)
(-0.108427 -0.000773274 0)
(-0.107759 -0.000878769 0)
(-0.105863 0.000207511 0)
(-0.102857 0.00244718 0)
(-0.0979546 0.00460199 0)
(-0.0884539 0.00332324 0)
(-0.0729509 -0.00848464 0)
(-0.0579891 -0.0374791 0)
(-0.0107807 -0.0884342 0)
(-0.0256208 0.0809343 0)
(-0.0305014 0.0394131 0)
(-0.0407076 0.0118354 0)
(-0.0465987 0.00115121 0)
(-0.0529113 -3.12686e-05 0)
(-0.0600332 0.00232518 0)
(-0.0680166 0.00503305 0)
(-0.0763286 0.00686619 0)
(-0.0844623 0.00752196 0)
(-0.0919516 0.00708163 0)
(-0.0984468 0.00587486 0)
(-0.103727 0.00426365 0)
(-0.107687 0.00250594 0)
(-0.110266 0.000772144 0)
(-0.111325 -0.000730063 0)
(-0.110625 -0.00157805 0)
(-0.107935 -0.00127949 0)
(-0.103013 -6.83605e-05 0)
(-0.0948202 0.000297772 0)
(-0.080887 -0.00383814 0)
(-0.0597873 -0.0185369 0)
(-0.0400687 -0.0493755 0)
(0.00113368 -0.100849 0)
(-0.0114814 0.0906855 0)
(-0.0116716 0.0437542 0)
(-0.0221149 0.0155786 0)
(-0.0305179 0.00470786 0)
(-0.0404637 0.00389887 0)
(-0.0512159 0.00667907 0)
(-0.0622661 0.0095305 0)
(-0.0729713 0.0112537 0)
(-0.0829349 0.0115918 0)
(-0.0918494 0.010683 0)
(-0.0994959 0.00890718 0)
(-0.105712 0.006649 0)
(-0.110411 0.00420867 0)
(-0.113544 0.00173903 0)
(-0.114919 -0.000610743 0)
(-0.114137 -0.0024631 0)
(-0.110829 -0.0033129 0)
(-0.104697 -0.00356367 0)
(-0.0947784 -0.00541429 0)
(-0.0790263 -0.0126003 0)
(-0.0559882 -0.0301845 0)
(-0.0325953 -0.0627458 0)
(0.0065885 -0.107489 0)
(0.00240986 0.0915847 0)
(0.00637552 0.0472859 0)
(-0.00423751 0.0201878 0)
(-0.0159996 0.00999163 0)
(-0.0299054 0.00975725 0)
(-0.0442956 0.0127462 0)
(-0.0582795 0.0153902 0)
(-0.0712119 0.0166721 0)
(-0.0828595 0.0164344 0)
(-0.0930822 0.0148767 0)
(-0.101775 0.01241 0)
(-0.108803 0.00939983 0)
(-0.114101 0.00618618 0)
(-0.117659 0.00288766 0)
(-0.119253 -0.000446362 0)
(-0.118354 -0.00349733 0)
(-0.114561 -0.00569462 0)
(-0.107753 -0.00755023 0)
(-0.0972639 -0.0116256 0)
(-0.0815591 -0.0217222 0)
(-0.0593228 -0.0424448 0)
(-0.034384 -0.0778694 0)
(0.005337 -0.113793 0)
(0.0129167 0.0849598 0)
(0.0227678 0.0496251 0)
(0.0123869 0.026023 0)
(-0.0037717 0.017467 0)
(-0.0218956 0.0177745 0)
(-0.0397381 0.0205811 0)
(-0.0563309 0.0225916 0)
(-0.0711851 0.0230927 0)
(-0.0842867 0.0220312 0)
(-0.0956592 0.0196494 0)
(-0.105263 0.0163582 0)
(-0.112948 0.0124643 0)
(-0.118676 0.00837573 0)
(-0.122521 0.00416299 0)
(-0.124237 -0.000269747 0)
(-0.123172 -0.00466433 0)
(-0.118972 -0.00828562 0)
(-0.111866 -0.0116612 0)
(-0.101643 -0.0176576 0)
(-0.087416 -0.0301439 0)
(-0.0684109 -0.0536541 0)
(-0.0457467 -0.0931777 0)
(-0.0144656 -0.130494 0)
(0.0200272 0.070375 0)
(0.0368884 0.0487417 0)
(0.0264067 0.0317142 0)
(0.00512131 0.0256319 0)
(-0.0172642 0.0264024 0)
(-0.0380118 0.0288544 0)
(-0.0565736 0.0301712 0)
(-0.0728475 0.0299426 0)
(-0.0870841 0.0281423 0)
(-0.0994285 0.0249677 0)
(-0.109788 0.0207531 0)
(-0.117917 0.015821 0)
(-0.123871 0.0107377 0)
(-0.127847 0.00552018 0)
(-0.129574 -0.000125398 0)
(-0.128265 -0.00600103 0)
(-0.12367 -0.0110438 0)
(-0.116485 -0.0156727 0)
(-0.107035 -0.0230278 0)
(-0.0952076 -0.0368388 0)
(-0.0815151 -0.0610666 0)
(-0.0689145 -0.102396 0)
(-0.0740975 -0.151693 0)
(0.410626 -0.191715 0)
(-0.337717 0.20351 0)
(-1.14504 0.175092 0)
(-1.51347 0.0594981 0)
(-1.5447 -0.00915998 0)
(-1.47156 -0.0208917 0)
(-1.43115 -0.00767434 0)
(-1.42816 0.00217732 0)
(-1.44166 0.00138033 0)
(-1.44811 -0.0051825 0)
(-1.43612 -0.0152897 0)
(-1.39046 -0.0295028 0)
(-1.28701 -0.0488997 0)
(-1.1041 -0.0730733 0)
(-0.8464 -0.0938229 0)
(-0.552704 -0.100142 0)
(-0.270057 -0.0921778 0)
(-0.0373215 -0.0650802 0)
(0.114255 0.0181184 0)
(-0.370093 0.160863 0)
(-1.04849 0.455497 0)
(-1.66307 0.269737 0)
(-1.62826 0.0573677 0)
(-1.50395 -0.0369556 0)
(-1.41218 -0.0535292 0)
(-1.36344 -0.0170061 0)
(-1.35897 0.00900212 0)
(-1.3616 0.00817275 0)
(-1.35625 -0.00156798 0)
(-1.34111 -0.0173156 0)
(-1.30561 -0.0427959 0)
(-1.2272 -0.0824592 0)
(-1.07854 -0.135524 0)
(-0.857707 -0.180356 0)
(-0.602645 -0.190918 0)
(-0.356208 -0.171177 0)
(-0.148152 -0.11642 0)
(0.00117917 0.0181352 0)
(-0.612524 0.437852 0)
(-1.28104 0.711264 0)
(-1.66611 0.407191 0)
(-1.57318 0.102875 0)
(-1.25132 -0.0594593 0)
(-1.1671 -0.0458194 0)
(-1.20634 -0.0162119 0)
(-1.24983 0.00160469 0)
(-1.27874 0.00255219 0)
(-1.27359 -0.0114338 0)
(-1.24835 -0.0332799 0)
(-1.21125 -0.066877 0)
(-1.14704 -0.123052 0)
(-1.02399 -0.202729 0)
(-0.831903 -0.270663 0)
(-0.607604 -0.285497 0)
(-0.391974 -0.25935 0)
(-0.204833 -0.188975 0)
(-0.0636296 -0.0282677 0)
(-0.600433 0.73728 0)
(-1.07503 0.933615 0)
(-1.03346 0.508475 0)
(-0.650578 0.0299458 0)
(-0.0204423 -0.256894 0)
(-0.461918 -0.0423449 0)
(-0.686511 0.0838223 0)
(-0.883851 0.0704774 0)
(-1.1221 0.0173241 0)
(-1.19758 -0.0251583 0)
(-1.17098 -0.0513525 0)
(-1.12274 -0.0920124 0)
(-1.06224 -0.160839 0)
(-0.956041 -0.264288 0)
(-0.784764 -0.355776 0)
(-0.583446 -0.374433 0)
(-0.393565 -0.341856 0)
(-0.226001 -0.265324 0)
(-0.0860673 -0.0888787 0)
(-0.476014 0.981762 0)
(-0.509591 0.956423 0)
(0.127648 0.383816 0)
(0.667304 -0.163281 0)
(0.906946 -0.307601 0)
(1.00168 -0.156906 0)
(1.18582 0.107871 0)
(0.768515 0.428165 0)
(-0.528743 0.170314 0)
(-1.04246 -0.00619313 0)
(-1.0951 -0.0571588 0)
(-1.04272 -0.111462 0)
(-0.976097 -0.195228 0)
(-0.875557 -0.320713 0)
(-0.718826 -0.43391 0)
(-0.538034 -0.454305 0)
(-0.368919 -0.412843 0)
(-0.221591 -0.333445 0)
(-0.0922191 -0.153769 0)
(-0.32518 1.09846 0)
(0.179012 0.759764 0)
(0.771134 0.121988 0)
(1.00858 -0.286215 0)
(1.03425 -0.343846 0)
(1.07594 -0.213755 0)
(1.30587 0.0238029 0)
(1.58338 0.45959 0)
(1.50334 0.809267 0)
(0.507296 0.348688 0)
(-0.943964 -0.0452323 0)
(-0.971037 -0.118877 0)
(-0.895299 -0.221428 0)
(-0.784536 -0.370887 0)
(-0.635239 -0.505594 0)
(-0.477794 -0.524951 0)
(-0.32883 -0.474893 0)
(-0.202221 -0.392409 0)
(-0.086223 -0.214158 0)
(-0.184195 1.0545 0)
(0.543979 0.634693 0)
(0.987834 -0.0167616 0)
(1.02617 -0.31582 0)
(0.962385 -0.335551 0)
(0.983603 -0.229603 0)
(1.12726 -0.0662019 0)
(1.49075 0.308916 0)
(1.89538 0.841966 0)
(1.61771 0.876864 0)
(0.0944914 0.441174 0)
(-0.838924 -0.0986896 0)
(-0.825997 -0.246268 0)
(-0.689485 -0.424146 0)
(-0.537214 -0.572482 0)
(-0.409128 -0.586037 0)
(-0.281481 -0.528049 0)
(-0.175038 -0.444009 0)
(-0.0736759 -0.269577 0)
(-0.0066312 0.895128 0)
(0.742924 0.405476 0)
(0.984721 -0.101853 0)
(0.942995 -0.299983 0)
(0.867847 -0.326751 0)
(0.882043 -0.273447 0)
(1.00702 -0.160308 0)
(1.29084 0.177473 0)
(1.73028 0.727596 0)
(1.90744 1.14664 0)
(0.832296 0.986971 0)
(-0.7589 0.223075 0)
(-0.754801 -0.269951 0)
(-0.588864 -0.497714 0)
(-0.435376 -0.637519 0)
(-0.338657 -0.638194 0)
(-0.234109 -0.572724 0)
(-0.147148 -0.487632 0)
(-0.0591296 -0.31797 0)
(0.0306451 0.0360351 0)
(0.0549654 0.0339101 0)
(0.0415845 0.033176 0)
(0.0116552 0.0332232 0)
(-0.0166305 0.0356389 0)
(-0.0401 0.0381837 0)
(-0.0599633 0.0391986 0)
(-0.0772204 0.0388439 0)
(-0.0925964 0.0369866 0)
(-0.106284 0.0334314 0)
(-0.117634 0.028013 0)
(-0.12602 0.0214091 0)
(-0.131952 0.0146476 0)
(-0.135889 0.00772825 0)
(-0.137461 -2.89909e-05 0)
(-0.135593 -0.00849458 0)
(-0.130281 -0.0157157 0)
(-0.123055 -0.0216895 0)
(-0.114971 -0.0300403 0)
(-0.106829 -0.0436984 0)
(-0.101811 -0.0640347 0)
(-0.112333 -0.0937559 0)
(-0.1757 -0.115643 0)
(0.00308116 0.0282212 0)
(0.0391677 0.0487632 0)
(0.0180502 0.0555918 0)
(-0.0190483 0.0567461 0)
(-0.049195 0.0569471 0)
(-0.0690969 0.0560016 0)
(-0.0842753 0.0536886 0)
(-0.0969512 0.0505063 0)
(-0.108723 0.0460675 0)
(-0.119976 0.0404316 0)
(-0.128155 0.0331726 0)
(-0.133786 0.0257354 0)
(-0.138084 0.0184372 0)
(-0.141285 0.0105119 0)
(-0.142204 0.000140591 0)
(-0.138944 -0.0126692 0)
(-0.132161 -0.0229564 0)
(-0.124391 -0.0297403 0)
(-0.116431 -0.038192 0)
(-0.108219 -0.0497359 0)
(-0.102853 -0.0609675 0)
(-0.107711 -0.071478 0)
(-0.125427 -0.0768477 0)
(-0.00415719 -0.0618595 0)
(0.0176407 0.0472463 0)
(0.00591979 0.136665 0)
(-0.0149456 0.146195 0)
(-0.0402094 0.098256 0)
(-0.0610653 0.0748386 0)
(-0.0779068 0.064325 0)
(-0.0919781 0.0573387 0)
(-0.108216 0.052187 0)
(-0.128993 0.0470245 0)
(-0.140586 0.0373826 0)
(-0.146455 0.0282964 0)
(-0.148172 0.0195785 0)
(-0.146263 0.0104076 0)
(-0.140411 -0.00241164 0)
(-0.132394 -0.0175066 0)
(-0.125295 -0.0281101 0)
(-0.118151 -0.0352997 0)
(-0.10892 -0.0452845 0)
(-0.098085 -0.0572384 0)
(-0.0899843 -0.0642487 0)
(-0.08993 -0.067767 0)
(-0.0980021 -0.0706195 0)
(-0.0305702 0.0219822 0)
(-0.0198765 0.0423535 0)
(0.000161037 0.0930408 0)
(0.0217344 0.127264 0)
(0.0311671 0.129893 0)
(0.0278214 0.12381 0)
(0.0170537 0.115117 0)
(-0.000419068 0.108524 0)
(-0.0235431 0.11198 0)
(-0.0578979 0.105739 0)
(-0.107038 0.0539111 0)
(-0.128249 0.0321948 0)
(-0.135686 0.019087 0)
(-0.134149 0.00901493 0)
(-0.127564 -0.00510216 0)
(-0.126596 -0.0210591 0)
(-0.130236 -0.0323077 0)
(-0.121085 -0.0420129 0)
(-0.102814 -0.0538938 0)
(-0.0849613 -0.0654856 0)
(-0.0740821 -0.069063 0)
(-0.074728 -0.0679638 0)
(-0.0856872 -0.0680055 0)
(-0.0060513 -0.00216798 0)
(-0.00686062 0.0302819 0)
(0.0047389 0.0648984 0)
(0.0285373 0.087874 0)
(0.0481785 0.09488 0)
(0.0583377 0.0967173 0)
(0.0611307 0.0982795 0)
(0.0585297 0.102948 0)
(0.0546708 0.114078 0)
(0.0517124 0.12371 0)
(0.0397072 0.106452 0)
(0.0202044 0.0701597 0)
(-0.0032416 0.0308553 0)
(-0.0271141 0.00163342 0)
(-0.0512234 -0.0159463 0)
(-0.0780367 -0.0225206 0)
(-0.102945 -0.0353457 0)
(-0.105573 -0.0523019 0)
(-0.0904282 -0.0618961 0)
(-0.0778763 -0.0708335 0)
(-0.0743639 -0.0690183 0)
(-0.091871 -0.0607352 0)
(-0.111681 -0.0511957 0)
(-0.00437639 0.0194405 0)
(-0.00216587 0.0292196 0)
(0.0101918 0.050191 0)
(0.0294323 0.0675745 0)
(0.0487442 0.0777796 0)
(0.0639545 0.0849367 0)
(0.0748734 0.0915158 0)
(0.0825669 0.0990892 0)
(0.0897365 0.10788 0)
(0.0980768 0.112185 0)
(0.101376 0.101478 0)
(0.0946213 0.0802535 0)
(0.0795246 0.0577443 0)
(0.0599104 0.0411739 0)
(0.038951 0.0303205 0)
(0.0181331 0.0168178 0)
(-0.00223435 -0.0167969 0)
(-0.0231343 -0.0742102 0)
(-0.0459615 -0.110735 0)
(-0.0710652 -0.109649 0)
(-0.097204 -0.074485 0)
(-0.123783 -0.0113951 0)
(-0.144803 -0.0260458 0)
(0.00034121 0.0135941 0)
(0.00497093 0.0213164 0)
(0.0153596 0.0361228 0)
(0.0304093 0.0505373 0)
(0.0469208 0.0621145 0)
(0.0623722 0.0719046 0)
(0.0760827 0.0809027 0)
(0.0883555 0.0896524 0)
(0.100348 0.0976193 0)
(0.11271 0.101514 0)
(0.122235 0.0966815 0)
(0.124688 0.0849107 0)
(0.119239 0.0706465 0)
(0.107979 0.0576223 0)
(0.0940037 0.0459305 0)
(0.078946 0.0314808 0)
(0.0608375 0.00907718 0)
(0.0344454 -0.019119 0)
(-0.00217216 -0.0379062 0)
(-0.0453973 -0.0393323 0)
(-0.0907762 -0.0236601 0)
(-0.139252 0.00678099 0)
(-0.204804 0.0613471 0)
(0.00251787 0.00973805 0)
(0.00809327 0.01358 0)
(0.0173932 0.0241696 0)
(0.0297242 0.0359098 0)
(0.0436875 0.0469804 0)
(0.0579421 0.0573126 0)
(0.0719237 0.0670956 0)
(0.0855981 0.0763096 0)
(0.0992753 0.084313 0)
(0.112893 0.0892506 0)
(0.12458 0.0887906 0)
(0.131603 0.0833095 0)
(0.132693 0.0750019 0)
(0.12855 0.0660289 0)
(0.120805 0.0566882 0)
(0.110016 0.0451266 0)
(0.0939834 0.0295934 0)
(0.0685843 0.0128582 0)
(0.0323222 0.00383746 0)
(-0.0120617 0.00894066 0)
(-0.0611064 0.0300418 0)
(-0.116619 0.0672794 0)
(-0.182987 0.126087 0)
(0.00306567 0.00412596 0)
(0.00875855 0.0059812 0)
(0.0169668 0.0140385 0)
(0.0273412 0.0237023 0)
(0.0392536 0.0336644 0)
(0.0520079 0.043546 0)
(0.0652128 0.0531779 0)
(0.0787065 0.0622928 0)
(0.0924168 0.0702966 0)
(0.10598 0.0760842 0)
(0.118162 0.0784436 0)
(0.127253 0.077369 0)
(0.132161 0.073903 0)
(0.132816 0.0692258 0)
(0.129666 0.0636842 0)
(0.122511 0.0567326 0)
(0.109661 0.0483237 0)
(0.0886391 0.041125 0)
(0.0586989 0.0408532 0)
(0.0217561 0.052515 0)
(-0.0192324 0.0787444 0)
(-0.0634374 0.120646 0)
(-0.107813 0.179469 0)
(0.00266218 -0.0013336 0)
(0.00789826 -0.000939536 0)
(0.0150168 0.00533756 0)
(0.023842 0.0133564 0)
(0.0340712 0.022108 0)
(0.0453312 0.0311573 0)
(0.0573555 0.0402088 0)
(0.0699494 0.0489257 0)
(0.0828996 0.0568152 0)
(0.095781 0.063187 0)
(0.107728 0.0673848 0)
(0.117621 0.0693353 0)
(0.124588 0.0695358 0)
(0.128239 0.0686465 0)
(0.12842 0.0670572 0)
(0.124649 0.0649332 0)
(0.115775 0.0629799 0)
(0.100483 0.0634523 0)
(0.0785798 0.0701599 0)
(0.0515498 0.0866953 0)
(0.0220283 0.115278 0)
(-0.00804995 0.156398 0)
(-0.0345461 0.20794 0)
(0.00182426 -0.00581715 0)
(0.00627998 -0.00687856 0)
(0.0123185 -0.0021041 0)
(0.0198131 0.00450441 0)
(0.028597 0.0120655 0)
(0.0384502 0.0201532 0)
(0.0491834 0.028448 0)
(0.0606092 0.0366249 0)
(0.0724865 0.0442969 0)
(0.0844245 0.0510178 0)
(0.0957948 0.0564114 0)
(0.105825 0.0604125 0)
(0.113833 0.0632852 0)
(0.11935 0.0654544 0)
(0.122019 0.0673368 0)
(0.121341 0.0694099 0)
(0.116584 0.0726045 0)
(0.107114 0.078732 0)
(0.0930547 0.0903862 0)
(0.0756294 0.110037 0)
(0.0570361 0.139195 0)
(0.0391069 0.177658 0)
(0.0250164 0.222286 0)
(0.000929316 -0.00903442 0)
(0.00446722 -0.0117169 0)
(0.00944968 -0.00835979 0)
(0.0157395 -0.00303713 0)
(0.0232328 0.00338053 0)
(0.0317799 0.0104796 0)
(0.0412378 0.0179531 0)
(0.0514414 0.0255146 0)
(0.0621681 0.0328677 0)
(0.0730903 0.0397162 0)
(0.0837433 0.0458371 0)
(0.0935758 0.0511928 0)
(0.102063 0.0559549 0)
(0.108777 0.0604438 0)
(0.113344 0.0650735 0)
(0.115362 0.0704099 0)
(0.114396 0.0773632 0)
(0.110191 0.0873518 0)
(0.103031 0.102182 0)
(0.0939336 0.123525 0)
(0.0846505 0.152311 0)
(0.0766698 0.188007 0)
(0.0722522 0.227774 0)
(0.000187518 -0.0110464 0)
(0.00280439 -0.0154731 0)
(0.00678283 -0.0134949 0)
(0.0119675 -0.00938202 0)
(0.0182888 -0.00405835 0)
(0.0256315 0.00206345 0)
(0.0338818 0.00869675 0)
(0.0429024 0.0155961 0)
(0.0525054 0.0225348 0)
(0.0624294 0.0293133 0)
(0.0723296 0.0357993 0)
(0.081807 0.0419843 0)
(0.0904677 0.048005 0)
(0.0979639 0.0541286 0)
(0.10399 0.0607428 0)
(0.108259 0.068396 0)
(0.110538 0.0778865 0)
(0.110782 0.0903095 0)
(0.109337 0.106941 0)
(0.107044 0.128903 0)
(0.105261 0.156723 0)
(0.105185 0.189758 0)
(0.108441 0.225722 0)
(-0.000331453 -0.0120343 0)
(0.00146164 -0.0182575 0)
(0.00451785 -0.0176016 0)
(0.00870529 -0.0146344 0)
(0.0139665 -0.0103556 0)
(0.0202094 -0.0051862 0)
(0.0273433 0.000605267 0)
(0.0352589 0.006808 0)
(0.0438073 0.0132467 0)
(0.0527885 0.0197849 0)
(0.0619486 0.0263468 0)
(0.0710003 0.0329475 0)
(0.079657 0.0397097 0)
(0.0876597 0.0468658 0)
(0.0947874 0.0547638 0)
(0.100861 0.0638923 0)
(0.105779 0.0749174 0)
(0.109607 0.0886795 0)
(0.112693 0.10609 0)
(0.115721 0.127896 0)
(0.119725 0.154358 0)
(0.125667 0.184822 0)
(0.134777 0.217477 0)
(-0.000648383 -0.0122544 0)
(0.000485751 -0.0202224 0)
(0.00273711 -0.020799 0)
(0.00605024 -0.018908 0)
(0.0103674 -0.0156217 0)
(0.0156194 -0.0113722 0)
(0.0217386 -0.00641586 0)
(0.0286426 -0.000936431 0)
(0.0362205 0.00492773 0)
(0.0443254 0.0110819 0)
(0.0527762 0.0174858 0)
(0.0613701 0.0241708 0)
(0.0699069 0.031251 0)
(0.0782087 0.0389309 0)
(0.0861338 0.0475139 0)
(0.0935886 0.0574175 0)
(0.100556 0.0691848 0)
(0.107152 0.0834619 0)
(0.113693 0.100909 0)
(0.120726 0.122023 0)
(0.129024 0.146897 0)
(0.13934 0.174907 0)
(0.152684 0.204595 0)
(-0.000802225 -0.0119964 0)
(-0.000152177 -0.0215128 0)
(0.00145329 -0.0232186 0)
(0.00401874 -0.0223262 0)
(0.00751138 -0.019973 0)
(0.0118851 -0.0166042 0)
(0.0170947 -0.0124684 0)
(0.0230848 -0.00773024 0)
(0.0297789 -0.00250162 0)
(0.0370754 0.00315068 0)
(0.0448507 0.00920903 0)
(0.0529692 0.0157132 0)
(0.0612984 0.0227699 0)
(0.0697281 0.0305584 0)
(0.0781821 0.0393388 0)
(0.0866302 0.0494609 0)
(0.0951071 0.0613646 0)
(0.103746 0.0755525 0)
(0.112817 0.092514 0)
(0.122744 0.112588 0)
(0.134093 0.135771 0)
(0.147432 0.161485 0)
(0.163609 0.188523 0)
(-0.000808792 -0.0115003 0)
(-0.000487327 -0.0222926 0)
(0.000615507 -0.0250023 0)
(0.00256602 -0.0250172 0)
(0.00535603 -0.0235287 0)
(0.00896531 -0.0209939 0)
(0.0133715 -0.0176562 0)
(0.0185445 -0.0136661 0)
(0.0244387 -0.00911741 0)
(0.0309911 -0.00405863 0)
(0.0381234 0.00150666 0)
(0.0457523 0.00762241 0)
(0.0538003 0.0143866 0)
(0.0622097 0.0219559 0)
(0.0709545 0.0305516 0)
(0.0800499 0.0404656 0)
(0.0895611 0.052057 0)
(0.0996209 0.0657264 0)
(0.110451 0.0818523 0)
(0.122363 0.10068 0)
(0.135756 0.122165 0)
(0.151037 0.14579 0)
(0.168918 0.170539 0)
(-0.000711018 -0.0109365 0)
(-0.00058097 -0.0227311 0)
(0.000150064 -0.0262907 0)
(0.00161194 -0.0271072 0)
(0.00381762 -0.0264065 0)
(0.00677364 -0.0246517 0)
(0.0104801 -0.0220809 0)
(0.0149297 -0.0188338 0)
(0.0201034 -0.0149918 0)
(0.02597 -0.0105916 0)
(0.0324888 -0.0056293 0)
(0.0396167 -5.947e-05 0)
(0.0473183 0.00620674 0)
(0.0555767 0.013306 0)
(0.0644037 0.0214272 0)
(0.0738447 0.0308162 0)
(0.0839829 0.0417722 0)
(0.0949436 0.0546267 0)
(0.106902 0.069692 0)
(0.120074 0.0871691 0)
(0.134721 0.107018 0)
(0.151106 0.128801 0)
(0.169825 0.151672 0)
(-0.000550408 -0.0104369 0)
(-0.000502325 -0.0229602 0)
(-3.0449e-05 -0.0272086 0)
(0.00105651 -0.0287147 0)
(0.00278804 -0.0287187 0)
(0.00519597 -0.0276831 0)
(0.00830098 -0.0258396 0)
(0.0121158 -0.0233186 0)
(0.0166435 -0.0201924 0)
(0.0218785 -0.0164905 0)
(0.0278098 -0.0122056 0)
(0.034426 -0.00729462 0)
(0.041724 -0.00167711 0)
(0.0497177 0.00476704 0)
(0.0584458 0.0122015 0)
(0.0679749 0.0208369 0)
(0.0783976 0.030931 0)
(0.0898303 0.0427725 0)
(0.102409 0.0566401 0)
(0.116274 0.0727282 0)
(0.131574 0.0910356 0)
(0.148445 0.111232 0)
(0.167375 0.132645 0)
(-0.000362715 -0.0100849 0)
(-0.000318689 -0.023081 0)
(-1.61299e-05 -0.0278624 0)
(0.000793658 -0.0299457 0)
(0.00214993 -0.0305685 0)
(0.00410612 -0.0301866 0)
(0.00670057 -0.029023 0)
(0.00996243 -0.0271996 0)
(0.0139127 -0.0247817 0)
(0.018566 -0.0217947 0)
(0.0239339 -0.0182307 0)
(0.0300297 -0.0140509 0)
(0.0368747 -0.00918395 0)
(0.0445058 -0.00352365 0)
(0.052981 0.00307472 0)
(0.0623809 0.0107984 0)
(0.0728044 0.0198777 0)
(0.0843596 0.0305786 0)
(0.0971548 0.0431711 0)
(0.111273 0.0578688 0)
(0.126776 0.074736 0)
(0.143699 0.0935721 0)
(0.16243 0.113896 0)
(-0.000174972 -0.00991746 0)
(-8.85634e-05 -0.0231657 0)
(0.000110166 -0.0283385 0)
(0.000722899 -0.0308918 0)
(0.00178919 -0.0320483 0)
(0.00337903 -0.0322515 0)
(0.0055447 -0.031714 0)
(0.0083279 -0.0305492 0)
(0.011763 -0.0288168 0)
(0.0158798 -0.02654 0)
(0.0207069 -0.0237127 0)
(0.026276 -0.0203016 0)
(0.0326268 -0.0162447 0)
(0.0398128 -0.0114482 0)
(0.0479058 -0.00578208 0)
(0.0569961 0.000925812 0)
(0.0671865 0.00889259 0)
(0.0785809 0.0183764 0)
(0.0912691 0.0296554 0)
(0.105298 0.0429799 0)
(0.120671 0.0584954 0)
(0.137351 0.0761443 0)
(0.155645 0.0956514 0)
(-6.22148e-06 -0.00992823 0)
(0.000140946 -0.0232649 0)
(0.000280958 -0.028703 0)
(0.000758085 -0.0316279 0)
(0.0016044 -0.0332371 0)
(0.00290118 -0.0339566 0)
(0.00470957 -0.0339865 0)
(0.00707981 -0.0334326 0)
(0.0100554 -0.0323494 0)
(0.0136765 -0.0307597 0)
(0.017984 -0.0286605 0)
(0.0230227 -0.0260251 0)
(0.0288458 -0.0228014 0)
(0.0355187 -0.0189073 0)
(0.0431226 -0.0142247 0)
(0.0517544 -0.00859127 0)
(0.0615203 -0.00179433 0)
(0.0725237 0.00642966 0)
(0.0848458 0.0163805 0)
(0.0985131 0.0283556 0)
(0.113499 0.0425881 0)
(0.129726 0.0591645 0)
(0.147459 0.0780145 0)
(0.000119398 -0.0101013 0)
(0.000330302 -0.0233947 0)
(0.000451408 -0.0289976 0)
(0.000833662 -0.0322119 0)
(0.00151339 -0.0341997 0)
(0.00257726 -0.0353683 0)
(0.00408917 -0.0359049 0)
(0.00610332 -0.035907 0)
(0.00866829 -0.0354258 0)
(0.0118305 -0.0344842 0)
(0.0156382 -0.0330838 0)
(0.0201453 -0.0312054 0)
(0.025414 -0.0288073 0)
(0.0315181 -0.025819 0)
(0.0385456 -0.0221333 0)
(0.0465977 -0.0175949 0)
(0.0557831 -0.011991 0)
(0.0662071 -0.00504529 0)
(0.0779514 0.00357289 0)
(0.0910383 0.0142181 0)
(0.10543 0.027212 0)
(0.121037 0.042778 0)
(0.138126 0.0610333 0)
(0.000210125 -0.0104125 0)
(0.000470298 -0.0235491 0)
(0.000585335 -0.029246 0)
(0.000901437 -0.0326845 0)
(0.00145589 -0.0349867 0)
(0.00233441 -0.0365413 0)
(0.00359971 -0.0375232 0)
(0.00530591 -0.0380223 0)
(0.00750277 -0.0380869 0)
(0.0102388 -0.0377418 0)
(0.0135661 -0.0369935 0)
(0.0175432 -0.0358316 0)
(0.0222376 -0.0342254 0)
(0.0277284 -0.0321165 0)
(0.0341081 -0.0294086 0)
(0.0414811 -0.0259532 0)
(0.0499591 -0.0215357 0)
(0.0596499 -0.0158647 0)
(0.0706407 -0.00857484 0)
(0.0829622 0.000749353 0)
(0.0965861 0.0125229 0)
(0.111428 0.0270932 0)
(0.127787 0.0447401 0)
(0.00027319 -0.0108198 0)
(0.000558454 -0.0237213 0)
(0.000667442 -0.029462 0)
(0.000934491 -0.0330733 0)
(0.00139292 -0.0356362 0)
(0.00212224 -0.0375193 0)
(0.00318107 -0.0388862 0)
(0.00461959 -0.0398202 0)
(0.00648486 -0.0403686 0)
(0.00882447 -0.0405583 0)
(0.0116907 -0.040402 0)
(0.0151429 -0.0398984 0)
(0.0192502 -0.0390288 0)
(0.0240941 -0.0377476 0)
(0.0297693 -0.0359706 0)
(0.0363826 -0.033557 0)
(0.0440484 -0.0302919 0)
(0.0528798 -0.02587 0)
(0.0629722 -0.019892 0)
(0.0743704 -0.0118831 0)
(0.0870703 -0.00133799 0)
(0.101014 0.0122118 0)
(0.116542 0.0291803 0)
(0.000313986 -0.0112831 0)
(0.000598218 -0.0238979 0)
(0.000695768 -0.02965 0)
(0.000922959 -0.033397 0)
(0.00130489 -0.0361763 0)
(0.00191242 -0.038336 0)
(0.00279632 -0.0400294 0)
(0.00399999 -0.0413358 0)
(0.00556523 -0.0423019 0)
(0.00753591 -0.0429579 0)
(0.00996126 -0.0433231 0)
(0.0128982 -0.0434063 0)
(0.016414 -0.0432007 0)
(0.0205893 -0.042675 0)
(0.0255183 -0.0417582 0)
(0.031309 -0.0403198 0)
(0.0380783 -0.0381475 0)
(0.0459454 -0.0349262 0)
(0.0550175 -0.0302279 0)
(0.0653588 -0.0235238 0)
(0.0769937 -0.0142261 0)
(0.0899061 -0.00175417 0)
(0.104494 0.0144281 0)
(0.000331126 -0.0117672 0)
(0.000596682 -0.0240651 0)
(0.0006782 -0.0298107 0)
(0.00087021 -0.0336675 0)
(0.00118854 -0.036627 0)
(0.00169434 -0.0390166 0)
(0.00242781 -0.0409816 0)
(0.00342373 -0.0425984 0)
(0.00471678 -0.0439147 0)
(0.00634487 -0.0449645 0)
(0.00835159 -0.045774 0)
(0.0107884 -0.0463624 0)
(0.0137179 -0.0467356 0)
(0.0172162 -0.0468767 0)
(0.0213744 -0.0467298 0)
(0.0262989 -0.0461778 0)
(0.032108 -0.0450156 0)
(0.0389271 -0.0429239 0)
(0.0468772 -0.039454 0)
(0.0560458 -0.0340324 0)
(0.0664924 -0.0259993 0)
(0.0782439 -0.0146749 0)
(0.0917654 0.000584971 0)
(0.000325929 -0.0122448 0)
(0.00056583 -0.0242124 0)
(0.00062893 -0.0299429 0)
(0.000788219 -0.0338937 0)
(0.00105155 -0.0370021 0)
(0.0014703 -0.0395799 0)
(0.00207255 -0.0417655 0)
(0.00288369 -0.0436334 0)
(0.00393008 -0.0452329 0)
(0.0052421 -0.0466025 0)
(0.00685565 -0.0477758 0)
(0.00881443 -0.0487818 0)
(0.0111736 -0.0496393 0)
(0.0140017 -0.0503465 0)
(0.0173833 -0.0508641 0)
(0.0214199 -0.0510911 0)
(0.0262287 -0.050835 0)
(0.03194 -0.0497803 0)
(0.0386882 -0.0474668 0)
(0.0465866 -0.0432886 0)
(0.0557334 -0.0365267 0)
(0.0662045 -0.0264171 0)
(0.0785224 -0.0122223 0)
(0.000307573 -0.0126967 0)
(0.000523193 -0.0243363 0)
(0.00056357 -0.0300488 0)
(0.000691832 -0.0340791 0)
(0.000907677 -0.0373107 0)
(0.00124961 -0.0400404 0)
(0.00173631 -0.0424003 0)
(0.00238329 -0.0444637 0)
(0.00320793 -0.0462822 0)
(0.00423196 -0.0478989 0)
(0.00548218 -0.0493548 0)
(0.006993 -0.0506885 0)
(0.00880975 -0.0519311 0)
(0.0109909 -0.0530957 0)
(0.0136111 -0.0541609 0)
(0.0167632 -0.0550445 0)
(0.0205591 -0.0555721 0)
(0.0251305 -0.0554404 0)
(0.0306235 -0.0541894 0)
(0.0371766 -0.0511945 0)
(0.0449277 -0.0456932 0)
(0.054005 -0.036852 0)
(0.0649869 -0.0238521 0)
(0.000290316 -0.0131151 0)
(0.00048329 -0.0244367 0)
(0.000499213 -0.0301294 0)
(0.000596089 -0.034225 0)
(0.000767637 -0.0375592 0)
(0.00104177 -0.04041 0)
(0.00142749 -0.0429032 0)
(0.00193069 -0.0451118 0)
(0.00255958 -0.0470895 0)
(0.00332655 -0.0488843 0)
(0.00424859 -0.0505442 0)
(0.00534998 -0.0521167 0)
(0.00666488 -0.0536442 0)
(0.00823954 -0.0551544 0)
(0.0101356 -0.0566433 0)
(0.0124335 -0.0580503 0)
(0.0152352 -0.0592234 0)
(0.0186687 -0.0598805 0)
(0.0228864 -0.0595746 0)
(0.0280484 -0.0576782 0)
(0.0343309 -0.0534025 0)
(0.0419144 -0.0458605 0)
(0.0514353 -0.0341626 0)
(0.000285439 -0.0135067 0)
(0.00045364 -0.0245114 0)
(0.000440562 -0.0301805 0)
(0.00050511 -0.0343328 0)
(0.000635885 -0.0377534 0)
(0.000851899 -0.0407003 0)
(0.00115248 -0.0432923 0)
(0.00153403 -0.0456015 0)
(0.00199563 -0.0476843 0)
(0.00254016 -0.0495936 0)
(0.00317486 -0.051384 0)
(0.00391374 -0.0531109 0)
(0.00477934 -0.0548265 0)
(0.00580466 -0.0565716 0)
(0.0070363 -0.0583592 0)
(0.00853858 -0.0601502 0)
(0.0103991 -0.0618192 0)
(0.0127352 -0.0631131 0)
(0.0156983 -0.0636109 0)
(0.0194627 -0.0626995 0)
(0.0242374 -0.0595836 0)
(0.0302526 -0.0533405 0)
(0.0382051 -0.0430232 0)
(0.000288725 -0.0138879 0)
(0.00042337 -0.0245556 0)
(0.000374867 -0.0301982 0)
(0.000408333 -0.0344034 0)
(0.000505521 -0.0379013 0)
(0.000677223 -0.0409257 0)
(0.000912377 -0.043588 0)
(0.00119797 -0.0459596 0)
(0.00152414 -0.0480998 0)
(0.00188471 -0.050067 0)
(0.00227809 -0.0519215 0)
(0.00270874 -0.0537255 0)
(0.00318822 -0.0555397 0)
(0.00373628 -0.0574152 0)
(0.00438368 -0.0593802 0)
(0.00517668 -0.0614163 0)
(0.00618366 -0.0634263 0)
(0.00750491 -0.065192 0)
(0.0092815 -0.0663302 0)
(0.0116912 -0.0662602 0)
(0.0149666 -0.0642016 0)
(0.0193779 -0.059217 0)
(0.0256861 -0.0503258 0)
(0.000273588 -0.0142576 0)
(0.000359523 -0.0245598 0)
(0.00027014 -0.0301787 0)
(0.000279845 -0.0344458 0)
(0.00035816 -0.0380176 0)
(0.000507033 -0.0411063 0)
(0.000702389 -0.0438155 0)
(0.00092221 -0.0462167 0)
(0.00114819 -0.0483733 0)
(0.00136651 -0.050349 0)
(0.00156842 -0.0522099 0)
(0.0017506 -0.0540236 0)
(0.00191504 -0.055857 0)
(0.00206964 -0.0577695 0)
(0.00223008 -0.0598007 0)
(0.00242385 -0.0619506 0)
(0.00269755 -0.0641493 0)
(0.00312852 -0.0662166 0)
(0.00383804 -0.0678161 0)
(0.00499461 -0.068416 0)
(0.00684054 -0.0672713 0)
(0.00966432 -0.0634569 0)
(0.0142975 -0.0559961 0)
(0.000192796 -0.0145604 0)
(0.000215496 -0.0245117 0)
(7.77452e-05 -0.030129 0)
(8.13003e-05 -0.0344748 0)
(0.00017068 -0.0381252 0)
(0.000326331 -0.0412695 0)
(0.000513756 -0.0440056 0)
(0.000701752 -0.0464077 0)
(0.000865122 -0.048545 0)
(0.000984478 -0.0504873 0)
(0.00104643 -0.0523061 0)
(0.00104234 -0.0540734 0)
(0.000967219 -0.0558602 0)
(0.000819438 -0.0577309 0)
(0.00060169 -0.0597331 0)
(0.000324112 -0.061881 0)
(1.11343e-05 -0.0641285 0)
(-0.000286383 -0.0663323 0)
(-0.000474841 -0.0682076 0)
(-0.000405889 -0.069285 0)
(0.000154364 -0.0688815 0)
(0.00147254 -0.066119 0)
(0.0044625 -0.0599746 0)
(-1.87713e-05 -0.0146947 0)
(-6.87621e-05 -0.0243964 0)
(-0.000246916 -0.0300646 0)
(-0.000220653 -0.0345176 0)
(-8.25664e-05 -0.0382578 0)
(0.000119672 -0.0414506 0)
(0.000336684 -0.0441941 0)
(0.000529031 -0.0465699 0)
(0.000667114 -0.0486562 0)
(0.000729633 -0.05053 0)
(0.00070182 -0.0522677 0)
(0.000572783 -0.0539448 0)
(0.000333605 -0.0556342 0)
(-2.37323e-05 -0.0574023 0)
(-0.000506285 -0.0593011 0)
(-0.00111801 -0.0613538 0)
(-0.00185423 -0.0635322 0)
(-0.00269042 -0.0657251 0)
(-0.00356559 -0.0676979 0)
(-0.0043666 -0.0690493 0)
(-0.00489141 -0.0691781 0)
(-0.00484386 -0.0672793 0)
(-0.00338651 -0.0623298 0)
(-0.000419524 -0.0145519 0)
(-0.00055377 -0.0241881 0)
(-0.000742848 -0.0300063 0)
(-0.000652215 -0.0346179 0)
(-0.000415166 -0.0384606 0)
(-0.000120115 -0.0416907 0)
(0.000165369 -0.0444181 0)
(0.000396069 -0.0467395 0)
(0.000542391 -0.0487456 0)
(0.000585641 -0.0505216 0)
(0.000513477 -0.0521486 0)
(0.000316121 -0.0537043 0)
(-1.60941e-05 -0.0552617 0)
(-0.000494209 -0.0568867 0)
(-0.00113105 -0.0586317 0)
(-0.00194012 -0.0605237 0)
(-0.00293168 -0.0625459 0)
(-0.00410361 -0.0646115 0)
(-0.00542614 -0.0665287 0)
(-0.00682566 -0.0679616 0)
(-0.00814354 -0.0683934 0)
(-0.00910987 -0.0671118 0)
(-0.00896246 -0.0632182 0)
(-0.00104266 -0.0139262 0)
(-0.00128808 -0.0238655 0)
(-0.0014399 -0.0299959 0)
(-0.00121971 -0.0348336 0)
(-0.000821337 -0.0387875 0)
(-0.000385887 -0.0420338 0)
(1.88625e-06 -0.0447132 0)
(0.00029702 -0.0469481 0)
(0.000476575 -0.0488455 0)
(0.000529604 -0.0504998 0)
(0.000450114 -0.0519961 0)
(0.000232625 -0.0534122 0)
(-0.00013035 -0.0548196 0)
(-0.000649663 -0.0562811 0)
(-0.00134003 -0.0578464 0)
(-0.0022196 -0.0595419 0)
(-0.00330757 -0.0613564 0)
(-0.00461728 -0.0632186 0)
(-0.00614373 -0.0649693 0)
(-0.00784951 -0.0663278 0)
(-0.0096257 -0.0668588 0)
(-0.0112592 -0.0659565 0)
(-0.0120893 -0.0628522 0)
(-0.0019926 -0.0124121 0)
(-0.00233102 -0.0234148 0)
(-0.00233637 -0.0301054 0)
(-0.00189344 -0.0352483 0)
(-0.00126516 -0.0393054 0)
(-0.000650261 -0.0425255 0)
(-0.000141096 -0.0451108 0)
(0.00022905 -0.0472213 0)
(0.000452592 -0.0489827 0)
(0.000531743 -0.0504975 0)
(0.000470341 -0.0518525 0)
(0.000269665 -0.0531236 0)
(-7.34495e-05 -0.054378 0)
(-0.000567332 -0.0556737 0)
(-0.0012256 -0.0570555 0)
(-0.0020669 -0.0585469 0)
(-0.00311336 -0.0601373 0)
(-0.00438565 -0.0617639 0)
(-0.00589372 -0.0632886 0)
(-0.00762655 -0.0644719 0)
(-0.00951975 -0.0649462 0)
(-0.0114255 -0.0642045 0)
(-0.0128116 -0.061611 0)
(-0.00350447 -0.00961311 0)
(-0.0037706 -0.0228574 0)
(-0.00339049 -0.0304484 0)
(-0.00259357 -0.0359676 0)
(-0.00167077 -0.0400792 0)
(-0.000861557 -0.0431968 0)
(-0.000240525 -0.0456248 0)
(0.000190198 -0.0475685 0)
(0.000448602 -0.0491703 0)
(0.000554498 -0.0505361 0)
(0.000523331 -0.05175 0)
(0.000363906 -0.0528824 0)
(7.79632e-05 -0.0539943 0)
(-0.00033936 -0.0551374 0)
(-0.000898887 -0.0563508 0)
(-0.00161684 -0.0576537 0)
(-0.00251355 -0.059034 0)
(-0.0036098 -0.0604325 0)
(-0.0049204 -0.0617238 0)
(-0.00644772 -0.0626951 0)
(-0.00815779 -0.0630269 0)
(-0.00995874 -0.0622901 0)
(-0.0114551 -0.059967 0)
(-0.00587363 -0.00570794 0)
(-0.00579568 -0.0224198 0)
(-0.00443844 -0.0312046 0)
(-0.0031389 -0.0370275 0)
(-0.00189907 -0.0410452 0)
(-0.000937922 -0.0439448 0)
(-0.00026458 -0.0461477 0)
(0.000175988 -0.0478935 0)
(0.00043547 -0.049329 0)
(0.000551465 -0.0505542 0)
(0.000548977 -0.0516444 0)
(0.00044222 -0.0526615 0)
(0.000236428 -0.0536584 0)
(-7.03171e-05 -0.05468 0)
(-0.000485588 -0.0557598 0)
(-0.00102162 -0.0569127 0)
(-0.00169416 -0.0581247 0)
(-0.00251959 -0.0593383 0)
(-0.00351032 -0.0604354 0)
(-0.00467073 -0.0612199 0)
(-0.00598138 -0.0614022 0)
(-0.00738745 -0.0606048 0)
(-0.00861796 -0.0583981 0)
(-0.00877279 -0.00113659 0)
(-0.00834873 -0.022913 0)
(-0.00480745 -0.0327376 0)
(-0.00307118 -0.0382952 0)
(-0.00169554 -0.0418819 0)
(-0.000769573 -0.0444248 0)
(-0.000189557 -0.0463634 0)
(0.000163061 -0.0479187 0)
(0.000363976 -0.0492172 0)
(0.000457391 -0.0503412 0)
(0.000469186 -0.0513525 0)
(0.000413232 -0.0523023 0)
(0.000295024 -0.0532357 0)
(0.000114205 -0.0541914 0)
(-0.000133809 -0.0551979 0)
(-0.000456878 -0.056267 0)
(-0.000865131 -0.0573833 0)
(-0.00136869 -0.0584906 0)
(-0.00197429 -0.0594762 0)
(-0.00268271 -0.0601545 0)
(-0.00347934 -0.0602547 0)
(-0.00432941 -0.0594306 0)
(-0.00506883 -0.0573052 0)
(-0.008878 0.0121008 0)
(-0.00682293 -0.0266662 0)
(-0.0028221 -0.036877 0)
(-0.00163716 -0.0409918 0)
(-0.000803119 -0.0436693 0)
(-0.000332701 -0.0456826 0)
(-7.574e-05 -0.0473052 0)
(6.59408e-05 -0.0486617 0)
(0.000141179 -0.0498254 0)
(0.000174363 -0.050849 0)
(0.000178264 -0.0517773 0)
(0.000159213 -0.0526513 0)
(0.000119655 -0.0535098 0)
(5.95994e-05 -0.0543868 0)
(-2.26643e-05 -0.0553082 0)
(-0.000130162 -0.0562839 0)
(-0.000266728 -0.0572984 0)
(-0.000435977 -0.0582975 0)
(-0.000639813 -0.059173 0)
(-0.000877129 -0.0597477 0)
(-0.00114009 -0.0597629 0)
(-0.00141114 -0.0588889 0)
(-0.001634 -0.0567648 0)
(-0.201388 -0.0364348 0)
(-0.173989 -0.0258253 0)
(-0.173356 -0.0158665 0)
(-0.187219 0.0649433 0)
(-0.122763 -0.0617399 0)
(-0.112747 -0.0554163 0)
(-0.102036 -0.0480603 0)
(-0.0794657 -0.0313965 0)
(-0.0996126 -0.0716918 0)
(-0.0975907 -0.0752103 0)
(-0.0929271 -0.0802543 0)
(-0.07854 -0.084394 0)
(-0.0979589 -0.0723708 0)
(-0.108431 -0.0782835 0)
(-0.121645 -0.087804 0)
(-0.130371 -0.104678 0)
(-0.131117 -0.0452326 0)
(-0.155892 -0.0426981 0)
(-0.198967 -0.0464624 0)
(-0.241594 -0.0810993 0)
(-0.179093 -0.00846797 0)
(-0.229163 0.013955 0)
(-0.306651 0.0589739 0)
(-0.372422 0.00331586 0)
(-0.277297 0.184284 0)
(-0.330043 0.295214 0)
(-0.380742 0.383459 0)
(-0.410684 0.296585 0)
(-0.225985 0.200746 0)
(-0.238382 0.250052 0)
(-0.237122 0.270138 0)
(-0.237192 0.210456 0)
(-0.127993 0.23351 0)
(-0.13176 0.262963 0)
(-0.129401 0.273568 0)
(-0.13215 0.243336 0)
(-0.0447521 0.248083 0)
(-0.0477759 0.271346 0)
(-0.0515604 0.288642 0)
(-0.0611265 0.289778 0)
(0.0202569 0.255472 0)
(0.019066 0.277641 0)
(0.0157303 0.301548 0)
(0.00778691 0.323711 0)
(0.0724113 0.257722 0)
(0.073866 0.280087 0)
(0.0744782 0.307583 0)
(0.0720561 0.340729 0)
(0.113176 0.253248 0)
(0.117369 0.275085 0)
(0.121956 0.303368 0)
(0.125404 0.340035 0)
(0.143153 0.242664 0)
(0.149695 0.263194 0)
(0.157073 0.290337 0)
(0.1649 0.326209 0)
(0.163661 0.227504 0)
(0.171928 0.246364 0)
(0.181139 0.271395 0)
(0.191465 0.304264 0)
(0.176208 0.209284 0)
(0.18552 0.226377 0)
(0.195718 0.248984 0)
(0.207224 0.278176 0)
(0.182277 0.189468 0)
(0.192019 0.204949 0)
(0.202496 0.22525 0)
(0.214171 0.251014 0)
(0.183293 0.169233 0)
(0.193 0.18343 0)
(0.203252 0.201819 0)
(0.214468 0.224791 0)
(0.180565 0.149311 0)
(0.189963 0.162617 0)
(0.199717 0.179605 0)
(0.210185 0.200507 0)
(0.175186 0.13004 0)
(0.184169 0.142809 0)
(0.193356 0.158865 0)
(0.203036 0.178355 0)
(0.167933 0.111522 0)
(0.176503 0.124002 0)
(0.185169 0.139469 0)
(0.194165 0.158029 0)
(0.159274 0.0937651 0)
(0.167477 0.106093 0)
(0.175714 0.121177 0)
(0.184174 0.13911 0)
(0.149455 0.0767397 0)
(0.157341 0.0889649 0)
(0.165237 0.103767 0)
(0.173302 0.121233 0)
(0.13861 0.0603835 0)
(0.146215 0.0724999 0)
(0.153833 0.0870507 0)
(0.161607 0.104115 0)
(0.126834 0.0446488 0)
(0.134164 0.0566085 0)
(0.141532 0.0708873 0)
(0.149072 0.087553 0)
(0.114218 0.0295509 0)
(0.121247 0.0412749 0)
(0.128354 0.0552232 0)
(0.135664 0.0714524 0)
(0.100866 0.0151804 0)
(0.107539 0.0265696 0)
(0.114339 0.040103 0)
(0.121381 0.055829 0)
(0.0869136 0.00168387 0)
(0.0931582 0.0126312 0)
(0.0995809 0.0256514 0)
(0.106288 0.0407898 0)
(0.0725581 -0.0107653 0)
(0.0782938 -0.000366167 0)
(0.0842594 0.0120387 0)
(0.0905507 0.0264942 0)
(0.0580731 -0.0219944 0)
(0.0632208 -0.0122432 0)
(0.0686497 -0.000556082 0)
(0.0744478 0.0131157 0)
(0.0438082 -0.0318525 0)
(0.0483008 -0.0228383 0)
(0.05312 -0.0119683 0)
(0.0583554 0.000815027 0)
(0.0301761 -0.0402197 0)
(0.03396 -0.0320183 0)
(0.0381096 -0.0220575 0)
(0.0427197 -0.0102677 0)
(0.0176317 -0.0470066 0)
(0.0206675 -0.0396788 0)
(0.0240996 -0.0307074 0)
(0.0280314 -0.0200106 0)
(0.00664626 -0.0521466 0)
(0.00891118 -0.0457402 0)
(0.011591 -0.0378258 0)
(0.0148018 -0.0283081 0)
(-0.00236425 -0.0556549 0)
(-0.000858305 -0.0501783 0)
(0.00107114 -0.0433561 0)
(0.00354149 -0.0350816 0)
(-0.00896126 -0.0576141 0)
(-0.00817162 -0.0530287 0)
(-0.00697982 -0.04729 0)
(-0.00525398 -0.0402837 0)
(-0.0128854 -0.0581842 0)
(-0.0127084 -0.0544061 0)
(-0.0121763 -0.0496862 0)
(-0.0111519 -0.0439059 0)
(-0.0140909 -0.0576816 0)
(-0.0143518 -0.0545743 0)
(-0.0143262 -0.0507418 0)
(-0.013882 -0.0460712 0)
(-0.0128478 -0.0565578 0)
(-0.0133194 -0.0539551 0)
(-0.0135816 -0.0508301 0)
(-0.0135197 -0.0470861 0)
(-0.00977676 -0.0553222 0)
(-0.0102263 -0.0530632 0)
(-0.0105348 -0.0504512 0)
(-0.0106175 -0.0474107 0)
(-0.00576645 -0.0544448 0)
(-0.0060325 -0.052417 0)
(-0.00621207 -0.0501555 0)
(-0.00624426 -0.0476135 0)
(-0.00181033 -0.0540435 0)
(-0.00186661 -0.0521377 0)
(-0.0018856 -0.0500742 0)
(-0.0018368 -0.0478372 0)
(0.0844446 0.405735 0)
(0.587968 0.0908772 0)
(0.763669 -0.148297 0)
(0.768325 -0.267474 0)
(0.722671 -0.283272 0)
(0.719649 -0.249 0)
(0.830707 -0.269117 0)
(1.05801 0.0246533 0)
(1.39314 0.610872 0)
(1.55693 1.29998 0)
(0.56187 1.73737 0)
(-0.789828 0.708696 0)
(-0.598212 -0.275492 0)
(-0.423143 -0.631765 0)
(-0.289024 -0.734197 0)
(-0.239037 -0.700626 0)
(-0.171548 -0.623706 0)
(-0.110926 -0.539884 0)
(-0.0389781 -0.375243 0)
(0.0731448 0.0463797 0)
(0.341359 -0.0802451 0)
(0.438322 -0.217117 0)
(0.520844 -0.221157 0)
(0.49627 -0.237638 0)
(0.541414 -0.346392 0)
(0.488077 -0.448384 0)
(0.577552 -0.128369 0)
(0.761502 0.62241 0)
(0.775535 1.58369 0)
(-0.389046 2.59726 0)
(-0.841995 1.05172 0)
(-0.342326 -0.407731 0)
(-0.206028 -0.782472 0)
(-0.141957 -0.82644 0)
(-0.144956 -0.744233 0)
(-0.121604 -0.658037 0)
(-0.0836178 -0.590253 0)
(-0.0226297 -0.429846 0)
(-0.00913879 -0.0896836 0)
(0.112805 -0.209274 0)
(0.14845 -0.281264 0)
(0.20239 -0.163389 0)
(0.0447608 -0.290809 0)
(0.0999618 -0.504387 0)
(0.00482056 -0.348986 0)
(-0.107458 -0.25565 0)
(-0.599972 0.831559 0)
(-0.470827 2.17551 0)
(-1.36177 2.92335 0)
(-0.696446 1.18991 0)
(-0.123887 -0.675782 0)
(-0.0689713 -0.816185 0)
(-0.0757716 -0.84536 0)
(-0.127712 -0.742633 0)
(-0.128264 -0.665398 0)
(-0.0811288 -0.636566 0)
(-0.0216301 -0.47229 0)
(-0.119652 -0.151794 0)
(-0.0937928 -0.253203 0)
(-0.103607 -0.26487 0)
(-0.100318 -0.0635156 0)
(-0.228937 -0.332828 0)
(-0.362227 -0.376588 0)
(-0.646388 -0.235208 0)
(-1.25651 0.343316 0)
(-1.68859 1.36474 0)
(-1.63907 2.36963 0)
(-1.59267 2.35175 0)
(-0.0796907 -0.198146 0)
(-0.0303829 -0.687219 0)
(-0.0310353 -0.79903 0)
(-0.0824607 -0.807973 0)
(-0.183715 -0.704644 0)
(-0.178689 -0.680423 0)
(-0.0834312 -0.69483 0)
(-0.0181542 -0.518344 0)
(-0.25247 -0.175669 0)
(-0.260919 -0.2478 0)
(-0.288644 -0.199863 0)
(-0.342932 -0.0544027 0)
(-0.353669 -0.0209781 0)
(-0.796387 -0.0866721 0)
(-1.20121 0.236236 0)
(-1.73025 0.754108 0)
(-2.00533 1.47564 0)
(-1.74936 2.0081 0)
(-0.772809 1.52227 0)
(0.000297464 -0.554257 0)
(-0.0040825 -0.654033 0)
(-0.0517244 -0.741982 0)
(-0.159408 -0.738689 0)
(-0.292244 -0.66345 0)
(-0.228299 -0.7236 0)
(-0.0912048 -0.779805 0)
(-0.00158629 -0.564438 0)
(-0.367706 -0.190717 0)
(-0.381304 -0.234709 0)
(-0.399638 -0.149342 0)
(-0.414852 -0.0213947 0)
(-0.467294 0.0621459 0)
(-0.788899 0.305217 0)
(-1.13171 0.614348 0)
(-1.52549 1.04302 0)
(-1.62746 1.42395 0)
(-1.20851 1.39383 0)
(0.00892498 0.102072 0)
(0.00555371 -0.493036 0)
(-0.0242061 -0.595485 0)
(-0.10747 -0.646132 0)
(-0.280603 -0.60676 0)
(-0.431418 -0.647088 0)
(-0.30641 -0.823485 0)
(-0.124306 -0.933008 0)
(0.00897906 -0.598105 0)
(-0.432387 -0.192327 0)
(-0.457764 -0.216524 0)
(-0.463496 -0.11263 0)
(-0.474931 0.0345037 0)
(-0.532722 0.176899 0)
(-0.619443 0.395927 0)
(-0.764069 0.913897 0)
(-0.962299 1.20939 0)
(-0.929036 1.26861 0)
(-0.362762 0.831186 0)
(0.040637 -0.36551 0)
(0.00585339 -0.408335 0)
(-0.0473947 -0.504289 0)
(-0.194189 -0.511211 0)
(-0.454519 -0.430481 0)
(-0.551452 -0.660542 0)
(-0.394672 -0.976501 0)
(-0.196604 -1.10333 0)
(-0.0194286 -0.635689 0)
(-0.356439 -0.0727155 0)
(-0.503534 -0.198874 0)
(-0.513088 -0.0935642 0)
(-0.511462 0.0675424 0)
(-0.520103 0.216751 0)
(-0.56972 0.299076 0)
(-0.564753 1.04297 0)
(-0.404471 1.2609 0)
(-0.415438 1.1264 0)
(0.269791 0.604939 0)
(0.0321691 -0.212064 0)
(0.00326214 -0.324246 0)
(-0.0624059 -0.379014 0)
(-0.282511 -0.293948 0)
(-0.617971 -0.288876 0)
(-0.603093 -0.750323 0)
(-0.447592 -1.13963 0)
(-0.279709 -1.26552 0)
(-0.0906991 -0.759281 0)
(-0.178226 0.106458 0)
(-0.493744 -0.13025 0)
(-0.54087 -0.0654448 0)
(-0.531097 0.0865293 0)
(-0.530402 0.257748 0)
(-0.537905 0.389845 0)
(-0.594183 0.518253 0)
(-0.274004 1.43785 0)
(-0.144733 1.30812 0)
(0.0844641 -0.015658 0)
(0.0429435 -0.104133 0)
(0.0119158 -0.242524 0)
(-0.0773364 -0.243568 0)
(-0.295759 -0.044711 0)
(-0.611161 -0.252956 0)
(-0.604272 -0.838267 0)
(-0.489957 -1.28609 0)
(-0.34783 -1.46107 0)
(-0.154677 -0.993184 0)
(-0.0884299 0.251467 0)
(-0.313108 0.0662317 0)
(-0.545942 -0.0233977 0)
(-0.548828 0.103485 0)
(-0.531908 0.270794 0)
(-0.524957 0.422447 0)
(-0.549747 0.559231 0)
(-0.502387 0.942224 0)
(0.150023 0.659489 0)
(0.0355317 0.109461 0)
(0.0443791 -0.0541943 0)
(0.0116509 -0.172912 0)
(-0.0719371 -0.122388 0)
(-0.198878 0.157632 0)
(-0.469972 -0.0673707 0)
(-0.593511 -0.807121 0)
(-0.583896 -1.33618 0)
(-0.293481 -1.67125 0)
(-0.146338 -1.19447 0)
(-0.0170789 0.347181 0)
(-0.115698 0.272756 0)
(-0.479806 0.0918505 0)
(-0.560049 0.126734 0)
(-0.527554 0.279712 0)
(-0.499089 0.43357 0)
(-0.470996 0.547717 0)
(-0.402893 0.567075 0)
(-0.0152003 0.376096 0)
(0.0203898 0.163287 0)
(0.0281078 -0.0307315 0)
(-0.00205761 -0.118192 0)
(-0.069758 -0.0335107 0)
(-0.127746 0.238577 0)
(-0.248309 0.26212 0)
(-0.715559 -0.68026 0)
(-0.414626 -1.60063 0)
(-0.205445 -1.8552 0)
(-0.127127 -1.35498 0)
(0.0621157 0.39569 0)
(0.0148313 0.421674 0)
(-0.110745 0.335474 0)
(-0.475713 0.135073 0)
(-0.519023 0.273244 0)
(-0.44159 0.415723 0)
(-0.352478 0.505529 0)
(-0.223331 0.48007 0)
(-0.0713532 0.346408 0)
(0.00841446 0.152681 0)
(0.0255357 -0.0129109 0)
(0.00120815 -0.0812716 0)
(-0.0779387 0.0151674 0)
(-0.151087 0.309122 0)
(-0.38596 0.576946 0)
(-0.601303 -0.639534 0)
(-0.247234 -1.79211 0)
(-0.155961 -1.95302 0)
(-0.112753 -1.48642 0)
(0.130974 0.406834 0)
(0.12519 0.478511 0)
(0.0852138 0.495994 0)
(-0.0333326 0.382127 0)
(-0.381921 0.237205 0)
(-0.389542 0.373156 0)
(-0.268012 0.438896 0)
(-0.138077 0.418727 0)
(-0.0189365 0.298432 0)
(0.0605638 0.118346 0)
(0.0803807 -0.0242701 0)
(0.0278049 -0.0731765 0)
(-0.150015 0.0444826 0)
(-0.388407 0.466521 0)
(-0.713876 0.79326 0)
(-0.357793 -0.742121 0)
(-0.108583 -1.8854 0)
(-0.11206 -2.03923 0)
(-0.111302 -1.60365 0)
(0.181373 0.393248 0)
(0.203443 0.476609 0)
(0.215753 0.536345 0)
(0.193025 0.539648 0)
(0.0964427 0.431663 0)
(-0.10763 0.263658 0)
(-0.236911 0.366226 0)
(-0.0732971 0.351927 0)
(0.0888144 0.237728 0)
(0.188265 0.0827193 0)
(0.152245 -0.0344855 0)
(-0.0544431 0.0282015 0)
(-0.519492 0.461467 0)
(-0.765976 0.745569 0)
(-0.742346 0.49943 0)
(-0.0738282 -1.36068 0)
(0.00496341 -1.90595 0)
(-0.0545401 -1.99153 0)
(-0.0990522 -1.69756 0)
(0.213783 0.366342 0)
(0.250439 0.446333 0)
(0.290101 0.513341 0)
(0.321621 0.555513 0)
(0.323669 0.547397 0)
(0.284083 0.442111 0)
(0.197416 0.227321 0)
(0.175029 0.0123353 0)
(0.204338 -0.0661877 0)
(0.168352 -0.0345913 0)
(0.00874788 0.21517 0)
(-0.325483 0.575727 0)
(-0.651293 0.805043 0)
(-0.673131 0.737204 0)
(-0.366348 0.106764 0)
(0.0500393 -1.52689 0)
(0.0540214 -1.87933 0)
(-0.0107048 -1.91562 0)
(-0.0447526 -1.77214 0)
(0.231582 0.333552 0)
(0.272366 0.406127 0)
(0.321007 0.468416 0)
(0.371721 0.514842 0)
(0.413802 0.532208 0)
(0.43175 0.497657 0)
(0.41252 0.37613 0)
(0.357115 0.205953 0)
(0.253175 0.131346 0)
(0.101771 0.192658 0)
(-0.0930824 0.427854 0)
(-0.342421 0.725957 0)
(-0.469098 0.816128 0)
(-0.317927 0.529963 0)
(0.0224742 -0.169859 0)
(0.0876954 -1.62333 0)
(0.0767249 -1.85356 0)
(0.0134931 -1.87996 0)
(0.0138128 -1.77541 0)
(0.238295 0.299911 0)
(0.277309 0.365135 0)
(0.323704 0.42203 0)
(0.373493 0.466012 0)
(0.419648 0.489048 0)
(0.449933 0.478558 0)
(0.443801 0.419897 0)
(0.374845 0.329075 0)
(0.244516 0.288222 0)
(0.0720307 0.366914 0)
(-0.0954072 0.582371 0)
(-0.217679 0.786949 0)
(-0.1979 0.738631 0)
(-0.00681959 0.326786 0)
(0.237708 -0.348988 0)
(0.157145 -1.47113 0)
(0.0810074 -1.84012 0)
(0.0269618 -1.85789 0)
(0.0408052 -1.75429 0)
(0.237096 0.268434 0)
(0.271994 0.327777 0)
(0.312074 0.38128 0)
(0.353397 0.425559 0)
(0.390337 0.455256 0)
(0.41348 0.463486 0)
(0.405302 0.444192 0)
(0.343655 0.409054 0)
(0.229714 0.411155 0)
(0.0861402 0.500786 0)
(-0.0291292 0.676707 0)
(-0.0618638 0.79091 0)
(0.0197184 0.639418 0)
(0.166893 0.184699 0)
(0.292776 -0.448398 0)
(0.220109 -1.32977 0)
(0.0764548 -1.80399 0)
(0.0386753 -1.84391 0)
(0.0414537 -1.72084 0)
(0.230916 0.24024 0)
(0.261221 0.295705 0)
(0.294652 0.34783 0)
(0.327314 0.394569 0)
(0.35435 0.433132 0)
(0.368663 0.460034 0)
(0.35879 0.473066 0)
(0.310951 0.480027 0)
(0.225093 0.512102 0)
(0.123927 0.596263 0)
(0.0571984 0.716814 0)
(0.0693312 0.750561 0)
(0.153014 0.54675 0)
(0.23309 0.109845 0)
(0.250528 -0.466942 0)
(0.195815 -1.2431 0)
(0.0923059 -1.71084 0)
(0.0573145 -1.81901 0)
(0.0335265 -1.684 0)
(0.221951 0.215332 0)
(0.248184 0.268599 0)
(0.276097 0.320888 0)
(0.302166 0.371042 0)
(0.322506 0.417896 0)
(0.33211 0.460131 0)
(0.324083 0.497128 0)
(0.291186 0.53318 0)
(0.234507 0.582462 0)
(0.17231 0.654071 0)
(0.141054 0.723911 0)
(0.168476 0.700638 0)
(0.228393 0.488591 0)
(0.248846 0.101127 0)
(0.179083 -0.41238 0)
(0.140169 -1.19316 0)
(0.105767 -1.67227 0)
(0.076533 -1.76836 0)
(0.0302743 -1.64764 0)
(0.211559 0.193166 0)
(0.23464 0.245352 0)
(0.258609 0.298616 0)
(0.280472 0.352296 0)
(0.297376 0.405965 0)
(0.306154 0.459187 0)
(0.303089 0.511686 0)
(0.285077 0.564842 0)
(0.254389 0.622374 0)
(0.224072 0.681454 0)
(0.217252 0.715889 0)
(0.24668 0.662848 0)
(0.282862 0.466822 0)
(0.269494 0.137289 0)
(0.168575 -0.321423 0)
(0.146512 -1.28379 0)
(0.134287 -1.6252 0)
(0.0946888 -1.71347 0)
(0.0351588 -1.60011 0)
(0.200395 0.173035 0)
(0.221307 0.224734 0)
(0.242817 0.279179 0)
(0.262498 0.335885 0)
(0.278414 0.394624 0)
(0.288835 0.455085 0)
(0.292177 0.516635 0)
(0.28778 0.578373 0)
(0.278372 0.638152 0)
(0.272537 0.68694 0)
(0.282895 0.70028 0)
(0.312493 0.636235 0)
(0.337314 0.46295 0)
(0.322726 0.182383 0)
(0.271457 -0.235838 0)
(0.182334 -1.32821 0)
(0.160073 -1.58007 0)
(0.10728 -1.6553 0)
(0.0438372 -1.54077 0)
(0.188676 0.154291 0)
(0.208252 0.205723 0)
(0.228469 0.261165 0)
(0.247405 0.320091 0)
(0.263853 0.382165 0)
(0.277092 0.446828 0)
(0.286845 0.512843 0)
(0.293723 0.5777 0)
(0.300319 0.636202 0)
(0.311888 0.676932 0)
(0.334217 0.6786 0)
(0.365856 0.612284 0)
(0.390985 0.457098 0)
(0.393812 0.206842 0)
(0.412309 -0.185688 0)
(0.223838 -1.19056 0)
(0.177934 -1.54681 0)
(0.107925 -1.59103 0)
(0.0514332 -1.47361 0)
(0.176388 0.136427 0)
(0.195215 0.187572 0)
(0.214913 0.243634 0)
(0.233959 0.303917 0)
(0.251665 0.36782 0)
(0.26793 0.434391 0)
(0.283168 0.501789 0)
(0.298482 0.566495 0)
(0.315988 0.621961 0)
(0.338618 0.656438 0)
(0.368266 0.651676 0)
(0.401917 0.585754 0)
(0.430377 0.440947 0)
(0.446519 0.203395 0)
(0.488325 -0.174454 0)
(0.359715 -0.926621 0)
(0.163089 -1.5408 0)
(0.0974488 -1.52273 0)
(0.054409 -1.40636 0)
(0.163414 0.119112 0)
(0.181819 0.169811 0)
(0.201421 0.226051 0)
(0.220963 0.286918 0)
(0.240084 0.351493 0)
(0.258996 0.418414 0)
(0.278375 0.485352 0)
(0.299349 0.548242 0)
(0.323413 0.600162 0)
(0.35189 0.629958 0)
(0.384573 0.621806 0)
(0.4179 0.557247 0)
(0.445905 0.418653 0)
(0.463615 0.18647 0)
(0.487909 -0.177778 0)
(0.419268 -0.775192 0)
(0.165058 -1.40306 0)
(0.0844321 -1.46599 0)
(0.0517989 -1.34342 0)
(0.149613 0.102184 0)
(0.167719 0.152206 0)
(0.187372 0.208197 0)
(0.20748 0.269023 0)
(0.227841 0.333461 0)
(0.248767 0.399797 0)
(0.270932 0.465366 0)
(0.295249 0.525888 0)
(0.322591 0.574589 0)
(0.353178 0.601267 0)
(0.385652 0.59201 0)
(0.416304 0.530215 0)
(0.440242 0.397883 0)
(0.453604 0.173457 0)
(0.459855 -0.170191 0)
(0.41373 -0.668748 0)
(0.239524 -1.21121 0)
(0.0845211 -1.43332 0)
(0.0409035 -1.28473 0)
(0.134893 0.0856286 0)
(0.152679 0.134711 0)
(0.172355 0.190067 0)
(0.19291 0.250375 0)
(0.214196 0.314151 0)
(0.236488 0.379416 0)
(0.260322 0.443313 0)
(0.286314 0.501567 0)
(0.31481 0.547808 0)
(0.34531 0.572869 0)
(0.375848 0.564422 0)
(0.402693 0.50716 0)
(0.421121 0.38295 0)
(0.427022 0.170402 0)
(0.417321 -0.150064 0)
(0.366724 -0.58522 0)
(0.244374 -1.0707 0)
(0.0895976 -1.33567 0)
(0.0188317 -1.22458 0)
(0.119262 0.0695279 0)
(0.136626 0.117399 0)
(0.156198 0.171785 0)
(0.177005 0.231213 0)
(0.198884 0.293999 0)
(0.222011 0.357983 0)
(0.246738 0.420223 0)
(0.2734 0.476584 0)
(0.301957 0.521199 0)
(0.331486 0.545902 0)
(0.359758 0.539735 0)
(0.38306 0.488571 0)
(0.396358 0.374776 0)
(0.393786 0.178084 0)
(0.367961 -0.11579 0)
(0.300123 -0.503527 0)
(0.187831 -0.94931 0)
(0.0564746 -1.24417 0)
(-0.00912539 -1.16748 0)
(0.102862 0.0540157 0)
(0.119665 0.100407 0)
(0.138971 0.153523 0)
(0.159823 0.211787 0)
(0.182018 0.273367 0)
(0.205614 0.335986 0)
(0.230797 0.396689 0)
(0.257684 0.45154 0)
(0.286 0.495191 0)
(0.314638 0.52039 0)
(0.341338 0.517414 0)
(0.362523 0.473416 0)
(0.372731 0.372094 0)
(0.364098 0.195593 0)
(0.324839 -0.0659668 0)
(0.240422 -0.409276 0)
(0.116933 -0.834191 0)
(0.0151003 -1.1896 0)
(-0.0186947 -1.14522 0)
(0.0859722 0.0392409 0)
(0.102062 0.0838843 0)
(0.120945 0.135453 0)
(0.141667 0.192304 0)
(0.163979 0.252506 0)
(0.18784 0.313703 0)
(0.213308 0.372956 0)
(0.240369 0.426535 0)
(0.268657 0.469567 0)
(0.297065 0.495615 0)
(0.323487 0.496093 0)
(0.344639 0.459601 0)
(0.355023 0.371844 0)
(0.345546 0.218457 0)
(0.303008 -0.00749025 0)
(0.222621 -0.308925 0)
(0.113921 -0.775311 0)
(0.0540239 -1.12909 0)
(0.0326416 -1.17965 0)
(0.0689814 0.0253462 0)
(0.0842129 0.0679689 0)
(0.102533 0.117715 0)
(0.122995 0.172907 0)
(0.145309 0.231553 0)
(0.169358 0.291241 0)
(0.195112 0.349033 0)
(0.222511 0.401377 0)
(0.251218 0.443795 0)
(0.280254 0.470562 0)
(0.307798 0.474115 0)
(0.331004 0.444557 0)
(0.344936 0.369872 0)
(0.340687 0.239076 0)
(0.307142 0.0468599 0)
(0.252467 -0.218987 0)
(0.148316 -0.742871 0)
(0.0794049 -1.06823 0)
(0.0776483 -1.11483 0)
(0.0523518 0.0124607 0)
(0.0665855 0.052777 0)
(0.0842294 0.100409 0)
(0.104343 0.153676 0)
(0.126611 0.210551 0)
(0.150857 0.268583 0)
(0.176981 0.324814 0)
(0.204944 0.375775 0)
(0.23452 0.417304 0)
(0.264905 0.4443 0)
(0.29461 0.450061 0)
(0.321309 0.426036 0)
(0.340958 0.362298 0)
(0.346223 0.250408 0)
(0.328504 0.0859962 0)
(0.307004 -0.148718 0)
(0.16789 -0.679765 0)
(0.0964852 -1.00907 0)
(0.074048 -1.02629 0)
(0.0365785 0.000703987 0)
(0.0496818 0.0384101 0)
(0.0665431 0.0836085 0)
(0.086243 0.134643 0)
(0.108454 0.189477 0)
(0.132952 0.245632 0)
(0.159573 0.30012 0)
(0.188311 0.349407 0)
(0.219027 0.389594 0)
(0.251071 0.41617 0)
(0.283265 0.423099 0)
(0.313808 0.402876 0)
(0.339637 0.347082 0)
(0.355608 0.248997 0)
(0.35552 0.105104 0)
(0.356082 -0.102075 0)
(0.222843 -0.538944 0)
(0.108656 -0.95607 0)
(0.0546766 -0.948852 0)
(0.0221718 -0.00980497 0)
(0.0340075 0.0249713 0)
(0.0499636 0.0673888 0)
(0.0691666 0.115836 0)
(0.0912972 0.168289 0)
(0.116096 0.222262 0)
(0.143375 0.274759 0)
(0.173047 0.322127 0)
(0.204899 0.360664 0)
(0.238427 0.386305 0)
(0.272702 0.393457 0)
(0.306315 0.375383 0)
(0.337073 0.324783 0)
(0.361459 0.235767 0)
(0.37469 0.105637 0)
(0.383428 -0.0775683 0)
(0.323463 -0.392333 0)
(0.129916 -0.879387 0)
(0.0398932 -0.890024 0)
(0.00965593 -0.0189431 0)
(0.0200676 0.0125885 0)
(0.0349499 0.0518628 0)
(0.0535021 0.09733 0)
(0.0754373 0.147004 0)
(0.100484 0.198412 0)
(0.128455 0.248606 0)
(0.159046 0.293954 0)
(0.191927 0.330642 0)
(0.226692 0.355031 0)
(0.262453 0.361926 0)
(0.297757 0.345202 0)
(0.330968 0.298164 0)
(0.359406 0.215679 0)
(0.376968 0.0966446 0)
(0.378523 -0.0652374 0)
(0.349473 -0.308196 0)
(0.136065 -0.690946 0)
(0.0361367 -0.822421 0)
(-0.000439813 -0.0266034 0)
(0.00837353 0.00144664 0)
(0.0219539 0.037216 0)
(0.0395929 0.0793041 0)
(0.0610658 0.125784 0)
(0.086105 0.174208 0)
(0.114481 0.22168 0)
(0.145873 0.264772 0)
(0.179706 0.299652 0)
(0.215467 0.322629 0)
(0.252247 0.329246 0)
(0.288513 0.313818 0)
(0.322679 0.269671 0)
(0.351979 0.192212 0)
(0.370426 0.0857509 0)
(0.36952 -0.0486746 0)
(0.346927 -0.227072 0)
(0.15592 -0.520367 0)
(0.0422212 -0.737417 0)
(-0.00761697 -0.032669 0)
(-0.000538443 -0.00826996 0)
(0.0114409 0.0236977 0)
(0.0278097 0.0620544 0)
(0.0483976 0.104959 0)
(0.0729649 0.150006 0)
(0.101258 0.194372 0)
(0.132945 0.2348 0)
(0.167462 0.267686 0)
(0.204054 0.289293 0)
(0.241694 0.295564 0)
(0.27913 0.281347 0)
(0.314657 0.24032 0)
(0.343966 0.169355 0)
(0.362353 0.0780332 0)
(0.361816 -0.0324885 0)
(0.341015 -0.164273 0)
(0.234598 -0.366404 0)
(0.0686228 -0.660093 0)
(-0.0115265 -0.0371091 0)
(-0.0062113 -0.0163966 0)
(0.0039187 0.0116098 0)
(0.0185932 0.0459839 0)
(0.0377415 0.0850099 0)
(0.0611933 0.126343 0)
(0.0887135 0.167281 0)
(0.119932 0.204721 0)
(0.154303 0.235239 0)
(0.191051 0.255255 0)
(0.229167 0.260893 0)
(0.267378 0.247687 0)
(0.303522 0.210561 0)
(0.332441 0.148296 0)
(0.347858 0.0704092 0)
(0.345111 -0.0167521 0)
(0.317685 -0.110519 0)
(0.206452 -0.261281 0)
(0.0985424 -0.535486 0)
(-0.0121006 -0.0400926 0)
(-0.00837039 -0.0228351 0)
(-0.000217118 0.00125113 0)
(0.0123876 0.0315786 0)
(0.0295181 0.0665941 0)
(0.0511101 0.103981 0)
(0.0769991 0.141255 0)
(0.106758 0.175499 0)
(0.139771 0.203467 0)
(0.175193 0.221708 0)
(0.211883 0.226627 0)
(0.24824 0.214497 0)
(0.281523 0.181939 0)
(0.307533 0.128518 0)
(0.320193 0.0632753 0)
(0.316685 -0.000888325 0)
(0.287002 -0.0535629 0)
(0.191545 -0.166203 0)
(0.118701 -0.369795 0)
(-0.0097809 -0.0419601 0)
(-0.00722493 -0.0276757 0)
(-0.000951263 -0.00718665 0)
(0.00943225 0.0192616 0)
(0.0241929 0.050258 0)
(0.0433058 0.0836028 0)
(0.0667651 0.117142 0)
(0.0940277 0.148185 0)
(0.124326 0.17371 0)
(0.156591 0.190499 0)
(0.189332 0.195265 0)
(0.220429 0.184915 0)
(0.246788 0.157214 0)
(0.265092 0.112493 0)
(0.27497 0.0566183 0)
(0.27686 0.00829645 0)
(0.268356 -0.000861531 0)
(0.335981 -0.0633616 0)
(0.184604 -0.186632 0)
(-0.00565248 -0.0433499 0)
(-0.00380436 -0.0314554 0)
(0.000809479 -0.0141668 0)
(0.00901766 0.00857671 0)
(0.0217467 0.035452 0)
(0.0384261 0.0645532 0)
(0.0592267 0.0943169 0)
(0.0834633 0.122295 0)
(0.110201 0.145795 0)
(0.1381 0.161989 0)
(0.165257 0.168107 0)
(0.188994 0.161772 0)
(0.205682 0.141433 0)
(0.212154 0.106403 0)
(0.213619 0.0550192 0)
(0.211642 -0.00319791 0)
(0.241323 -0.0571277 0)
(0.758392 -0.0294559 0)
(0.353244 0.0836449 0)
(-0.00151263 -0.0441132 0)
(-0.000395147 -0.0339391 0)
(0.00225873 -0.0199803 0)
(0.00766036 -0.0024023 0)
(0.0208343 0.0191835 0)
(0.0363153 0.0438646 0)
(0.0553764 0.0697373 0)
(0.0773431 0.094671 0)
(0.101223 0.116562 0)
(0.125487 0.133269 0)
(0.147936 0.142869 0)
(0.165418 0.144046 0)
(0.17333 0.136583 0)
(0.166635 0.120484 0)
(0.15321 0.0826996 0)
(0.0823375 -0.0266447 0)
(0.146193 -0.399845 0)
(0.69782 -0.872265 0)
(0.980648 1.31828 0)
)
;

boundaryField
{
    leftWall
    {
        type            noSlip;
    }
    rightWall
    {
        type            noSlip;
    }
    lowerWall
    {
        type            noSlip;
    }
    atmosphere
    {
        type            pressureInletOutletVelocity;
        value           nonuniform List<vector> 
46
(
(-0.008878 0.0121008 0)
(0 -0.0266662 0)
(0 -0.036877 0)
(0 -0.0409918 0)
(0 -0.0436693 0)
(0 -0.0456826 0)
(0 -0.0473052 0)
(0 -0.0486617 0)
(0 -0.0498254 0)
(0 -0.050849 0)
(0 -0.0517773 0)
(0 -0.0526513 0)
(0 -0.0535098 0)
(0 -0.0543868 0)
(0 -0.0553082 0)
(0 -0.0562839 0)
(0 -0.0572984 0)
(0 -0.0582975 0)
(0 -0.059173 0)
(0 -0.0597477 0)
(0 -0.0597629 0)
(0 -0.0588889 0)
(0 -0.0567648 0)
(0 -0.0540435 0)
(0 -0.0521377 0)
(0 -0.0500742 0)
(0 -0.0478372 0)
(0 -0.0441132 0)
(0 -0.0339391 0)
(0 -0.0199803 0)
(0 -0.0024023 0)
(0.0208343 0.0191835 0)
(0.0363153 0.0438646 0)
(0.0553764 0.0697373 0)
(0.0773431 0.094671 0)
(0.101223 0.116562 0)
(0.125487 0.133269 0)
(0.147936 0.142869 0)
(0.165418 0.144046 0)
(0.17333 0.136583 0)
(0.166635 0.120484 0)
(0.15321 0.0826996 0)
(0 -0.0266447 0)
(0 -0.399845 0)
(0 -0.872265 0)
(0.980648 1.31828 0)
)
;
    }
    defaultFaces
    {
        type            empty;
    }
}


// ************************************************************************* //
