/*--------------------------------*- C++ -*----------------------------------*\
| =========                 |                                                 |
| \\      /  F ield         | OpenFOAM: The Open Source CFD Toolbox           |
|  \\    /   O peration     | Version:  v2012                                 |
|   \\  /    A nd           | Website:  www.openfoam.com                      |
|    \\/     M anipulation  |                                                 |
\*---------------------------------------------------------------------------*/
FoamFile
{
    version     2.0;
    format      ascii;
    class       surfaceScalarField;
    location    "0.35";
    object      phi;
}
// * * * * * * * * * * * * * * * * * * * * * * * * * * * * * * * * * * * * * //

dimensions      [0 3 -1 0 0 0 0];
oriented        oriented;


internalField   nonuniform List<scalar> 
4432
(
-5.10903e-06
5.10903e-06
-4.80665e-06
-3.02378e-07
-1.04422e-06
-3.76243e-06
3.7878e-06
-4.83202e-06
8.88681e-06
-5.09901e-06
1.38299e-05
-4.94308e-06
1.84907e-05
-4.6608e-06
2.2864e-05
-4.37336e-06
2.69742e-05
-4.11016e-06
3.08381e-05
-3.86385e-06
3.44471e-05
-3.60905e-06
3.77554e-05
-3.30827e-06
4.06675e-05
-2.91216e-06
4.30118e-05
-2.34424e-06
4.44994e-05
-1.48761e-06
4.45316e-05
-3.22409e-08
4.20295e-05
2.50217e-06
3.6149e-05
5.88048e-06
2.62434e-05
9.90557e-06
1.26747e-05
1.35687e-05
-2.70442e-06
1.53791e-05
-1.25766e-05
9.8722e-06
-1.25766e-05
-2.6718e-06
7.78083e-06
-8.68224e-07
-2.10595e-06
2.79969e-06
-7.43033e-06
7.43525e-06
-9.46759e-06
1.22832e-05
-9.94692e-06
1.70467e-05
-9.70657e-06
2.16054e-05
-9.2195e-06
2.59299e-05
-8.6979e-06
3.00232e-05
-8.20348e-06
3.38855e-05
-7.72608e-06
3.74959e-05
-7.21946e-06
4.08013e-05
-6.61375e-06
4.3705e-05
-5.81584e-06
4.60549e-05
-4.6941e-06
4.76285e-05
-3.06125e-06
4.81931e-05
-5.96789e-07
4.74691e-05
3.22613e-06
4.45719e-05
8.77773e-06
3.8296e-05
1.61814e-05
2.75686e-05
2.42961e-05
1.31696e-05
2.97781e-05
1.0543e-06
2.19875e-05
-1.15223e-05
-4.61931e-07
8.24276e-06
1.79937e-06
-4.36725e-06
5.5258e-06
-1.11568e-05
9.95514e-06
-1.38969e-05
1.4568e-05
-1.45598e-05
1.9122e-05
-1.42605e-05
2.35154e-05
-1.36129e-05
2.77156e-05
-1.28981e-05
3.17143e-05
-1.22022e-05
3.55004e-05
-1.15122e-05
3.90448e-05
-1.07638e-05
4.229e-05
-9.85903e-06
4.51417e-05
-8.66747e-06
4.74603e-05
-7.01268e-06
4.90492e-05
-4.65022e-06
4.96795e-05
-1.22704e-06
4.91213e-05
3.78427e-06
4.697e-05
1.09291e-05
4.26103e-05
2.0541e-05
3.51559e-05
3.17505e-05
2.39865e-05
4.09475e-05
1.08361e-05
3.51379e-05
-6.86255e-07
1.17612e-06
7.06664e-06
3.8656e-06
-7.05673e-06
7.68845e-06
-1.49796e-05
1.20066e-05
-1.82151e-05
1.64352e-05
-1.89884e-05
2.08002e-05
-1.86255e-05
2.503e-05
-1.78428e-05
2.90981e-05
-1.69662e-05
3.29913e-05
-1.60954e-05
3.66909e-05
-1.52118e-05
4.01617e-05
-1.42346e-05
4.33443e-05
-1.30416e-05
4.61473e-05
-1.14705e-05
4.84434e-05
-9.30873e-06
5.00649e-05
-6.27174e-06
5.08173e-05
-1.97939e-06
5.05031e-05
4.09844e-06
4.88826e-05
1.25496e-05
4.56247e-05
2.37989e-05
4.01167e-05
3.72585e-05
3.12819e-05
4.97824e-05
1.80131e-05
4.84067e-05
1.73269e-05
2.15089e-06
4.91575e-06
5.41132e-06
-1.03172e-05
9.42507e-06
-1.89933e-05
1.37078e-05
-2.24978e-05
1.80004e-05
-2.32809e-05
2.2204e-05
-2.28292e-05
2.6284e-05
-2.19227e-05
3.02254e-05
-2.09077e-05
3.40144e-05
-1.98843e-05
3.76276e-05
-1.8825e-05
4.10263e-05
-1.76333e-05
4.41501e-05
-1.61654e-05
4.69128e-05
-1.42333e-05
4.92e-05
-1.1596e-05
5.08717e-05
-7.94341e-06
5.17723e-05
-2.88003e-06
5.17524e-05
4.11834e-06
5.0657e-05
1.3645e-05
4.82751e-05
2.61808e-05
4.41105e-05
4.14231e-05
3.69199e-05
5.69729e-05
2.38995e-05
6.14271e-05
4.12264e-05
2.72121e-06
2.19454e-06
6.55727e-06
-1.41532e-05
1.08095e-05
-2.32455e-05
1.51009e-05
-2.67892e-05
1.92911e-05
-2.74711e-05
2.33572e-05
-2.68953e-05
2.73026e-05
-2.58681e-05
3.11263e-05
-2.47313e-05
3.48157e-05
-2.35738e-05
3.83453e-05
-2.23546e-05
4.16743e-05
-2.09622e-05
4.47432e-05
-1.92343e-05
4.74721e-05
-1.69621e-05
4.97602e-05
-1.38841e-05
5.14937e-05
-9.67687e-06
5.25572e-05
-3.9435e-06
5.28527e-05
3.82276e-06
5.2292e-05
1.42058e-05
5.07418e-05
2.7731e-05
4.77733e-05
4.43916e-05
4.2086e-05
6.26603e-05
2.96027e-05
7.39103e-05
7.08291e-05
3.11541e-06
-9.20871e-07
7.44001e-06
-1.84778e-05
1.19177e-05
-2.77232e-05
1.62273e-05
-3.10988e-05
2.03303e-05
-3.15742e-05
2.42738e-05
-3.08387e-05
2.80961e-05
-2.96905e-05
3.18092e-05
-2.84444e-05
3.54029e-05
-2.71674e-05
3.88503e-05
-2.58021e-05
4.211e-05
-2.42219e-05
4.51253e-05
-2.22496e-05
4.78227e-05
-1.96595e-05
5.01158e-05
-1.61772e-05
5.19155e-05
-1.14765e-05
5.31462e-05
-5.17423e-06
5.37634e-05
3.20553e-06
5.37476e-05
1.42216e-05
5.3054e-05
2.84246e-05
5.137e-05
4.60756e-05
4.75494e-05
6.64808e-05
3.63577e-05
8.51021e-05
0.000107187
3.45067e-06
-4.37154e-06
8.16851e-06
-2.31957e-05
1.28251e-05
-3.23798e-05
1.71361e-05
-3.54098e-05
2.11504e-05
-3.55885e-05
2.49764e-05
-3.46647e-05
2.86818e-05
-3.33959e-05
3.22886e-05
-3.20512e-05
3.5788e-05
-3.06668e-05
3.91525e-05
-2.91665e-05
4.23412e-05
-2.74106e-05
4.53006e-05
-2.5209e-05
4.79651e-05
-2.23239e-05
5.02614e-05
-1.84736e-05
5.2124e-05
-1.33391e-05
5.35153e-05
-6.56558e-06
5.44447e-05
2.27619e-06
5.4969e-05
1.36973e-05
5.51632e-05
2.82304e-05
5.49469e-05
4.62919e-05
5.36019e-05
6.78259e-05
4.48297e-05
9.38743e-05
0.000152016
-2.26815e-06
2.26815e-06
-1.16942e-05
9.42598e-06
-1.78415e-05
6.14731e-06
-1.91205e-05
1.27899e-06
-1.68054e-05
-2.31508e-06
-1.23038e-05
-4.50167e-06
-6.60792e-06
-5.6958e-06
-3.38147e-07
-6.26982e-06
5.86147e-06
-6.1996e-06
1.13484e-05
-5.48692e-06
1.56348e-05
-4.28664e-06
1.83452e-05
-2.71046e-06
1.92687e-05
-9.23543e-07
1.84129e-05
8.55668e-07
1.6007e-05
2.40592e-06
1.24011e-05
3.60582e-06
8.00892e-06
4.39221e-06
3.5068e-06
4.50222e-06
3.50673e-06
-6.5708e-06
8.83907e-06
-1.54553e-05
1.83104e-05
-1.9644e-05
1.0336e-05
-1.96828e-05
1.31771e-06
-1.70608e-05
-4.93695e-06
-1.26164e-05
-8.94613e-06
-7.04647e-06
-1.12657e-05
-9.82051e-07
-1.23343e-05
5.02936e-06
-1.22113e-05
1.04131e-05
-1.08707e-05
1.47121e-05
-8.58576e-06
1.7575e-05
-5.57357e-06
1.88173e-05
-2.16585e-06
1.84171e-05
1.25578e-06
1.64368e-05
4.38631e-06
1.31101e-05
6.93239e-06
8.84568e-06
8.65653e-06
4.23807e-06
9.11009e-06
7.74479e-06
-8.94157e-06
1.77807e-05
-1.70845e-05
2.64533e-05
-2.00416e-05
1.32931e-05
-1.96382e-05
9.14264e-07
-1.68679e-05
-7.70719e-06
-1.24575e-05
-1.33566e-05
-6.98836e-06
-1.67348e-05
-1.08072e-06
-1.8242e-05
4.76529e-06
-1.80575e-05
1.00193e-05
-1.61247e-05
1.42508e-05
-1.28174e-05
1.71373e-05
-8.46016e-06
1.84689e-05
-3.49741e-06
1.81711e-05
1.5534e-06
1.63169e-05
6.24048e-06
1.31556e-05
1.00938e-05
9.09092e-06
1.27215e-05
4.59877e-06
1.36021e-05
1.23436e-05
-1.01038e-05
2.78845e-05
-1.83191e-05
3.46687e-05
-2.03253e-05
1.52994e-05
-1.9484e-05
7.30387e-08
-1.6535e-05
-1.06561e-05
-1.21055e-05
-1.77861e-05
-6.66328e-06
-2.2177e-05
-8.22799e-07
-2.40824e-05
4.95225e-06
-2.38327e-05
1.01428e-05
-2.13152e-05
1.43287e-05
-1.70033e-05
1.72111e-05
-1.13426e-05
1.85802e-05
-4.86641e-06
1.83404e-05
1.79341e-06
1.65501e-05
8.03077e-06
1.34509e-05
1.31929e-05
9.43381e-06
1.67386e-05
4.89801e-06
1.81377e-05
1.72415e-05
-1.02777e-05
3.81622e-05
-1.91838e-05
4.35749e-05
-2.02199e-05
1.63356e-05
-1.89894e-05
-1.15744e-06
-1.59117e-05
-1.37338e-05
-1.14883e-05
-2.22095e-05
-6.05041e-06
-2.7615e-05
-2.26857e-07
-2.9906e-05
5.55296e-06
-2.96127e-05
1.07494e-05
-2.65116e-05
1.49282e-05
-2.11819e-05
1.78017e-05
-1.4216e-05
1.91683e-05
-6.23305e-06
1.89247e-05
2.03688e-06
1.71168e-05
9.83868e-06
1.39726e-05
1.63371e-05
9.86917e-06
2.08419e-05
5.16925e-06
2.28377e-05
2.24108e-05
-9.27147e-06
4.74337e-05
-1.9171e-05
5.34746e-05
-1.88585e-05
1.60233e-05
-1.75092e-05
-2.50671e-06
-1.45407e-05
-1.67024e-05
-1.03311e-05
-2.64192e-05
-4.99373e-06
-3.29524e-05
7.77514e-07
-3.56772e-05
6.59859e-06
-3.54337e-05
1.18547e-05
-3.17677e-05
1.60651e-05
-2.53924e-05
1.89343e-05
-1.70854e-05
2.02672e-05
-7.56578e-06
1.99572e-05
2.34671e-06
1.80419e-05
1.1754e-05
1.47393e-05
1.96398e-05
1.04219e-05
2.51592e-05
5.45349e-06
2.78062e-05
2.78644e-05
-5.54871e-06
5.29824e-05
-1.61916e-05
6.41177e-05
-1.41329e-05
1.39647e-05
-1.35523e-05
-3.0874e-06
-1.13837e-05
-1.8871e-05
-8.03754e-06
-2.97655e-05
-3.16367e-06
-3.78263e-05
2.37889e-06
-4.12197e-05
8.19896e-06
-4.12539e-05
1.35354e-05
-3.7104e-05
1.7802e-05
-2.96589e-05
2.06715e-05
-1.99551e-05
2.19439e-05
-8.83822e-06
2.15055e-05
2.78526e-06
1.93893e-05
1.38702e-05
1.58088e-05
2.32203e-05
1.11452e-05
2.98228e-05
5.79355e-06
3.3158e-05
3.3658e-05
9.21977e-06
4.37627e-05
-5.18419e-06
7.85218e-05
-1.02244e-06
9.80299e-06
-4.06326e-06
-4.66444e-08
-4.50681e-06
-1.84275e-05
-3.42577e-06
-3.08466e-05
1.68325e-07
-4.14205e-05
4.92216e-06
-4.59736e-05
1.05122e-05
-4.68439e-05
1.58953e-05
-4.24871e-05
2.02442e-05
-3.40077e-05
2.31378e-05
-2.28486e-05
2.43327e-05
-1.00331e-05
2.36997e-05
3.41825e-06
2.12753e-05
1.62948e-05
1.7282e-05
2.72137e-05
1.21236e-05
3.49812e-05
6.24119e-06
3.90404e-05
3.98991e-05
8.35551e-06
-1.2727e-05
1.95575e-05
-3.43976e-05
2.98544e-05
-4.26768e-05
3.88817e-05
-4.44371e-05
4.70766e-05
-4.37835e-05
5.48286e-05
-4.24167e-05
6.23443e-05
-4.09115e-05
6.96861e-05
-3.93931e-05
7.68331e-05
-3.78138e-05
8.37234e-05
-3.60568e-05
9.02743e-05
-3.39616e-05
9.63861e-05
-3.13208e-05
0.000101944
-2.78816e-05
0.000106832
-2.33622e-05
0.00011098
-1.7487e-05
0.000114424
-1.00096e-05
0.000117351
-6.50051e-07
0.000120134
1.09144e-05
0.000123391
2.49726e-05
0.000128011
4.16717e-05
0.00013504
6.07968e-05
0.000147582
8.13326e-05
0.000108038
0.00019156
1.01879e-05
-2.29149e-05
2.27673e-05
-4.6977e-05
3.31219e-05
-5.30314e-05
4.15207e-05
-5.28358e-05
4.89915e-05
-5.12543e-05
5.6129e-05
-4.95542e-05
6.31524e-05
-4.7935e-05
7.0089e-05
-4.63297e-05
7.68841e-05
-4.46088e-05
8.34591e-05
-4.26318e-05
8.97348e-05
-4.02373e-05
9.563e-05
-3.72161e-05
0.00010106
-3.33111e-05
0.000105946
-2.82483e-05
0.000110273
-2.18145e-05
0.000114191
-1.3927e-05
0.000118036
-4.49575e-06
0.000122371
6.57939e-06
0.00012804
1.93036e-05
0.000136399
3.33132e-05
0.000149482
4.77138e-05
0.000169541
6.12729e-05
7.63291e-05
0.000201251
1.31607e-05
-3.60757e-05
2.75925e-05
-6.14087e-05
3.68391e-05
-6.2278e-05
4.36881e-05
-5.96848e-05
5.00462e-05
-5.76124e-05
5.64684e-05
-5.59764e-05
6.29984e-05
-5.4465e-05
6.95457e-05
-5.28771e-05
7.59905e-05
-5.10536e-05
8.22273e-05
-4.88686e-05
8.81773e-05
-4.61872e-05
9.37784e-05
-4.28172e-05
9.8978e-05
-3.85108e-05
0.00010373
-3.30001e-05
0.000108044
-2.61284e-05
0.000112151
-1.8034e-05
0.000116439
-8.78389e-06
0.000121497
1.52138e-06
0.000127923
1.28777e-05
0.000136755
2.44805e-05
0.000149059
3.54107e-05
0.000165087
4.5244e-05
5.37526e-05
0.000187664
2.05112e-05
-5.65868e-05
3.52318e-05
-7.61294e-05
4.01904e-05
-6.72366e-05
4.44688e-05
-6.39632e-05
4.97257e-05
-6.28692e-05
5.56338e-05
-6.18845e-05
6.18214e-05
-6.06526e-05
6.80547e-05
-5.91104e-05
7.41614e-05
-5.71604e-05
8.00184e-05
-5.47256e-05
8.55426e-05
-5.17115e-05
9.06826e-05
-4.79571e-05
9.54297e-05
-4.32579e-05
9.98128e-05
-3.73832e-05
0.000103889
-3.02043e-05
0.000107994
-2.21393e-05
0.000112553
-1.33424e-05
0.000117912
-3.83769e-06
0.00012462
6.16914e-06
0.000133313
1.57879e-05
0.00014471
2.40133e-05
0.000158712
3.12418e-05
3.67117e-05
0.000175753
3.69383e-05
-9.35251e-05
4.35804e-05
-8.27715e-05
4.08659e-05
-6.45222e-05
4.31372e-05
-6.62345e-05
4.81231e-05
-6.78551e-05
5.4001e-05
-6.77624e-05
6.00653e-05
-6.67168e-05
6.6058e-05
-6.51031e-05
7.18105e-05
-6.29129e-05
7.71913e-05
-6.01064e-05
8.20948e-05
-5.6615e-05
8.64599e-05
-5.23222e-05
9.03238e-05
-4.71218e-05
9.3872e-05
-4.09314e-05
9.73232e-05
-3.36554e-05
0.000101284
-2.60999e-05
0.000106296
-1.8355e-05
0.000112889
-1.04304e-05
0.00012103
-1.97192e-06
0.000130529
6.2888e-06
0.000141096
1.34464e-05
0.00015303
1.9308e-05
2.3003e-05
0.000166739
4.26005e-05
-0.000136126
3.72502e-05
-7.74211e-05
3.66991e-05
-6.39711e-05
4.12162e-05
-7.07515e-05
4.70685e-05
-7.37074e-05
5.30117e-05
-7.37055e-05
5.88727e-05
-7.25779e-05
6.45323e-05
-7.07626e-05
6.98822e-05
-6.82628e-05
7.47805e-05
-6.50047e-05
7.90719e-05
-6.09064e-05
8.2668e-05
-5.59183e-05
8.56353e-05
-5.0089e-05
8.83131e-05
-4.36091e-05
9.12029e-05
-3.65452e-05
9.44948e-05
-2.93918e-05
9.87096e-05
-2.25698e-05
0.0001049
-1.66209e-05
0.000114594
-1.16656e-05
0.000126491
-5.60813e-06
0.000138008
1.92908e-06
0.000150002
7.31354e-06
9.99882e-06
0.000163007
-3.9203e-06
-0.000132205
1.04485e-05
-9.17899e-05
2.66329e-05
-8.01554e-05
3.85413e-05
-8.26599e-05
4.96985e-05
-8.48646e-05
6.02491e-05
-8.42561e-05
7.00482e-05
-8.2377e-05
7.91734e-05
-7.98879e-05
8.7749e-05
-7.68384e-05
9.58609e-05
-7.31165e-05
0.000103571
-6.86165e-05
0.000110927
-6.32746e-05
0.000117959
-5.71203e-05
0.00012462
-5.02699e-05
0.000130923
-4.28489e-05
0.000136652
-3.51205e-05
0.000141389
-2.73067e-05
0.000144175
-1.94066e-05
0.000143903
-1.13934e-05
0.000140231
-1.93687e-06
0.000139538
2.62221e-06
0.000148479
-1.62761e-06
-3.57504e-06
0.000162053
-1.36838e-05
-0.000118521
5.65132e-06
-0.000111125
2.59718e-05
-0.000100476
4.1276e-05
-9.7964e-05
5.35235e-05
-9.7112e-05
6.4598e-05
-9.53307e-05
7.50413e-05
-9.28203e-05
8.50024e-05
-8.9849e-05
9.45844e-05
-8.64204e-05
0.0001039
-8.2432e-05
0.00011306
-7.77769e-05
0.000122167
-7.23807e-05
0.000131277
-6.62306e-05
0.000140389
-5.93821e-05
0.000149458
-5.19172e-05
0.000158334
-4.39964e-05
0.000166791
-3.57636e-05
0.000174663
-2.72789e-05
0.000181681
-1.84117e-05
0.000189681
-9.9362e-06
0.000198772
-6.46867e-06
0.00020509
-7.9462e-06
-7.70065e-06
0.000209216
1.08992e-07
-0.00011863
1.24891e-05
-0.000123505
2.81556e-05
-0.000116142
4.18874e-05
-0.000111696
5.36491e-05
-0.000108874
6.44511e-05
-0.000106133
7.47694e-05
-0.000103139
8.47815e-05
-9.98611e-05
9.45903e-05
-9.62292e-05
0.000104295
-9.21367e-05
0.000114002
-8.74842e-05
0.000123823
-8.22011e-05
0.000133854
-7.62613e-05
0.000144161
-6.96894e-05
0.000154791
-6.25474e-05
0.000165749
-5.49542e-05
0.000177039
-4.70539e-05
0.000188768
-3.90074e-05
0.000201368
-3.10116e-05
0.000215559
-2.41278e-05
0.000229543
-2.04527e-05
0.000240927
-1.933e-05
-1.69072e-05
0.000250133
5.57436e-06
-0.000124205
1.63698e-05
-0.000134301
2.82509e-05
-0.000128023
3.96884e-05
-0.000123133
5.03174e-05
-0.000119503
6.04291e-05
-0.000116244
7.02631e-05
-0.000112973
7.99414e-05
-0.000109539
8.95455e-05
-0.000105833
9.91573e-05
-0.000101748
0.000108871
-9.7198e-05
0.000118796
-9.21258e-05
0.000129048
-8.65139e-05
0.000139746
-8.03867e-05
0.000151006
-7.38079e-05
0.00016294
-6.68878e-05
0.000175664
-5.97778e-05
0.000189338
-5.26821e-05
0.000204241
-4.59146e-05
0.000220288
-4.01744e-05
0.000236139
-3.63037e-05
0.000250521
-3.37114e-05
-3.00939e-05
0.000263707
7.14085e-06
-0.000131346
1.63394e-05
-0.000143499
2.58857e-05
-0.00013757
3.54589e-05
-0.000132707
4.4831e-05
-0.000128875
5.40256e-05
-0.000125439
6.31228e-05
-0.00012207
7.21835e-05
-0.0001186
8.12623e-05
-0.000114912
9.04253e-05
-0.000110911
9.97568e-05
-0.000106529
0.000109362
-0.000101731
0.000119367
-9.65184e-05
0.00012991
-9.09299e-05
0.000141143
-8.50405e-05
0.000153216
-7.89614e-05
0.000166279
-7.28408e-05
0.000180468
-6.68706e-05
0.000195877
-6.13238e-05
0.000212291
-5.65889e-05
0.000228959
-5.29711e-05
0.000245275
-5.00278e-05
-4.63842e-05
0.000261565
7.51238e-06
-0.000138858
1.46335e-05
-0.00015062
2.22529e-05
-0.000145189
3.02485e-05
-0.000140702
3.83703e-05
-0.000136996
4.65322e-05
-0.000133601
5.47298e-05
-0.000130267
6.29821e-05
-0.000126852
7.1323e-05
-0.000123253
7.98063e-05
-0.000119395
8.85087e-05
-0.000115232
9.75314e-05
-0.000110754
0.000106999
-0.000105986
0.000117055
-0.000100986
0.000127855
-9.584e-05
0.000139553
-9.066e-05
0.000152293
-8.5581e-05
0.000166186
-8.0763e-05
0.000181261
-7.63991e-05
0.000197365
-7.26932e-05
0.000214123
-6.97287e-05
0.000231265
-6.717e-05
-6.41047e-05
0.000248986
6.90057e-06
-0.000145759
1.22079e-05
-0.000155927
1.82637e-05
-0.000151245
2.48856e-05
-0.000147324
3.18005e-05
-0.000143911
3.88862e-05
-0.000140687
4.61028e-05
-0.000137484
5.34473e-05
-0.000134197
6.09415e-05
-0.000130747
6.86316e-05
-0.000127085
7.65887e-05
-0.000123189
8.49093e-05
-0.000119075
9.37127e-05
-0.00011479
0.000103136
-0.000110409
0.000113327
-0.00010603
0.000124429
-0.000101762
0.000136571
-9.77237e-05
0.000149849
-9.40408e-05
0.000164291
-9.08406e-05
0.000179821
-8.82236e-05
0.000196273
-8.61801e-05
0.000213543
-8.44402e-05
-8.23433e-05
0.000231781
5.76422e-06
-0.000151523
9.66445e-06
-0.000159828
1.44659e-05
-0.000156046
1.98833e-05
-0.000152741
2.56632e-05
-0.000149691
3.16894e-05
-0.000146713
3.79153e-05
-0.00014371
4.43314e-05
-0.000140613
5.09554e-05
-0.000137371
5.78305e-05
-0.00013396
6.50246e-05
-0.000130383
7.26297e-05
-0.00012668
8.07581e-05
-0.000122918
8.95372e-05
-0.000119189
9.91011e-05
-0.000115594
0.00010958
-0.000112241
0.000121089
-0.000109232
0.000133713
-0.000106665
0.000147493
-0.00010462
0.000162412
-0.000103143
0.000178415
-0.000102184
0.000195494
-0.000101519
-0.000100645
0.000213795
4.47411e-06
-0.000155997
7.35398e-06
-0.000162707
1.11385e-05
-0.000159831
1.55028e-05
-0.000157106
2.02459e-05
-0.000154434
2.52772e-05
-0.000151744
3.05588e-05
-0.000148991
3.60846e-05
-0.000146139
4.18745e-05
-0.000143161
4.79724e-05
-0.000140058
5.4445e-05
-0.000136856
6.13802e-05
-0.000133615
6.88829e-05
-0.000130421
7.70694e-05
-0.000127375
8.60599e-05
-0.000124585
9.59692e-05
-0.00012215
0.000106898
-0.000120161
0.000118922
-0.00011869
0.000132091
-0.000117789
0.00014642
-0.000117472
0.000161917
-0.000117681
0.000178625
-0.000118226
-0.000118724
0.000196704
3.28247e-06
-0.000159279
5.42926e-06
-0.000164854
8.38001e-06
-0.000162781
1.18364e-05
-0.000160562
1.56609e-05
-0.000158259
1.97946e-05
-0.000155878
2.42149e-05
-0.000153412
2.89249e-05
-0.000150849
3.39501e-05
-0.000148187
3.93376e-05
-0.000145445
4.51538e-05
-0.000142672
5.14825e-05
-0.000139944
5.84205e-05
-0.000137359
6.60721e-05
-0.000135027
7.45422e-05
-0.000133055
8.39289e-05
-0.000131537
9.43164e-05
-0.000130548
0.00010577
-0.000130143
0.000118335
-0.000130353
0.000132043
-0.00013118
0.000146932
-0.00013257
0.000163082
-0.000134376
-0.000136313
0.000180671
2.3111e-06
-0.00016159
3.92483e-06
-0.000166468
6.18903e-06
-0.000165046
8.87734e-06
-0.000163251
1.19108e-05
-0.000161293
1.526e-05
-0.000159227
1.89197e-05
-0.000157071
2.2904e-05
-0.000154833
2.72458e-05
-0.000152528
3.19953e-05
-0.000150195
3.72186e-05
-0.000147895
4.29945e-05
-0.00014572
4.94103e-05
-0.000143775
5.65568e-05
-0.000142174
6.45221e-05
-0.00014102
7.33853e-05
-0.000140401
8.32115e-05
-0.000140375
9.40494e-05
-0.000140981
0.000105934
-0.000142238
0.0001189
-0.000144146
0.000133
-0.000146669
0.000148338
-0.000149714
-0.000153088
0.000165113
1.59028e-06
-0.000163181
2.80847e-06
-0.000167686
4.51229e-06
-0.00016675
6.56488e-06
-0.000165303
8.9337e-06
-0.000163661
1.1614e-05
-0.000161907
1.46163e-05
-0.000160074
1.79658e-05
-0.000158182
2.17017e-05
-0.000156264
2.5877e-05
-0.00015437
3.05558e-05
-0.000152574
3.58102e-05
-0.000150974
4.17166e-05
-0.000149681
4.83504e-05
-0.000148807
5.57812e-05
-0.000148451
6.40676e-05
-0.000148687
7.32532e-05
-0.00014956
8.33669e-05
-0.000151094
9.4429e-05
-0.000153301
0.000106466
-0.000156183
0.000119534
-0.000159738
0.000133749
-0.000163929
-0.000168659
0.00014932
1.10038e-06
-0.000164281
2.01824e-06
-0.000168604
3.2742e-06
-0.000168006
4.81234e-06
-0.000166841
6.6338e-06
-0.000165483
8.75308e-06
-0.000164027
1.11941e-05
-0.000162515
1.39908e-05
-0.000160979
1.71876e-05
-0.000159461
2.08378e-05
-0.00015802
2.50017e-05
-0.000156738
2.97429e-05
-0.000155715
3.51252e-05
-0.000155063
4.12077e-05
-0.00015489
4.80405e-05
-0.000155284
5.5661e-05
-0.000156307
6.40909e-05
-0.00015799
7.33379e-05
-0.000160341
8.34038e-05
-0.000163366
9.43013e-05
-0.000167081
0.000106078
-0.000171514
0.000118845
-0.000176696
-0.000182619
0.000132805
7.97924e-07
-0.000165079
1.48592e-06
-0.000169292
2.39295e-06
-0.000168913
3.52296e-06
-0.000167971
4.90007e-06
-0.00016686
6.55319e-06
-0.00016568
8.5165e-06
-0.000164478
1.08303e-05
-0.000163293
1.35413e-05
-0.000162172
1.67011e-05
-0.00016118
2.03638e-05
-0.000160401
2.45833e-05
-0.000159935
2.94095e-05
-0.00015989
3.48847e-05
-0.000160365
4.10402e-05
-0.00016144
4.78927e-05
-0.00016316
5.54431e-05
-0.00016554
6.36781e-05
-0.000168576
7.25794e-05
-0.000172268
8.21397e-05
-0.000176641
9.23869e-05
-0.000181761
0.000103412
-0.000187722
-0.000194602
0.000115396
6.30919e-07
-0.00016571
1.14603e-06
-0.000169807
1.788e-06
-0.000169555
2.59935e-06
-0.000168783
3.61872e-06
-0.000167879
4.88564e-06
-0.000166947
6.44115e-06
-0.000166034
8.32901e-06
-0.000165181
1.05957e-05
-0.000164439
1.32886e-05
-0.000163873
1.6454e-05
-0.000163566
2.01348e-05
-0.000163616
2.43667e-05
-0.000164121
2.91759e-05
-0.000165174
3.45759e-05
-0.00016684
4.05649e-05
-0.000169149
4.71249e-05
-0.0001721
5.42234e-05
-0.000175675
6.18206e-05
-0.000179865
6.98846e-05
-0.000184705
7.84143e-05
-0.000190291
8.74679e-05
-0.000196775
-0.000204322
9.71878e-05
5.42228e-07
-0.000166252
9.32799e-07
-0.000170198
1.38401e-06
-0.000170006
1.94962e-06
-0.000169348
2.68188e-06
-0.000168612
3.62776e-06
-0.000167893
4.83244e-06
-0.000167238
6.34026e-06
-0.000166689
8.19495e-06
-0.000166294
1.04379e-05
-0.000166116
1.31063e-05
-0.000166235
1.62312e-05
-0.000166741
1.98346e-05
-0.000167725
2.39274e-05
-0.000169267
2.85075e-05
-0.00017142
3.35572e-05
-0.000174199
3.90425e-05
-0.000177586
4.49134e-05
-0.000181546
5.11092e-05
-0.000186061
5.75705e-05
-0.000191166
6.42612e-05
-0.000196982
7.11974e-05
-0.000203712
-0.0002116
7.84753e-05
5.03333e-07
-0.000166756
8.15766e-07
-0.00017051
1.11961e-06
-0.00017031
1.4933e-06
-0.000169722
1.99335e-06
-0.000169112
2.67023e-06
-0.00016857
3.56959e-06
-0.000168138
4.73455e-06
-0.000167854
6.204e-06
-0.000167763
8.01174e-06
-0.000167924
1.01851e-05
-0.000168408
1.2743e-05
-0.000169299
1.56943e-05
-0.000170676
1.90365e-05
-0.000172609
2.27536e-05
-0.000175137
2.6815e-05
-0.00017826
3.11737e-05
-0.000181944
3.5765e-05
-0.000186137
4.0509e-05
-0.000190805
4.53189e-05
-0.000195976
5.01215e-05
-0.000201784
5.48874e-05
-0.000208478
-0.000216373
5.96607e-05
4.87711e-07
-0.000167243
7.4147e-07
-0.000170764
9.38542e-07
-0.000170507
1.16163e-06
-0.000169945
1.47105e-06
-0.000169421
1.91959e-06
-0.000169018
2.55091e-06
-0.000168769
3.40428e-06
-0.000168707
4.51249e-06
-0.000168871
5.90093e-06
-0.000169312
7.58654e-06
-0.000170094
9.5765e-06
-0.000171289
1.18673e-05
-0.000172967
1.44444e-05
-0.000175186
1.72801e-05
-0.000177972
2.03335e-05
-0.000181314
2.35477e-05
-0.000185159
2.68466e-05
-0.000189436
3.0134e-05
-0.000194092
3.32987e-05
-0.000199141
3.62323e-05
-0.000204718
3.88608e-05
-0.000211106
-0.000218691
4.11792e-05
4.76715e-07
-0.00016772
6.85585e-07
-0.000170973
7.99122e-07
-0.000170621
9.0112e-07
-0.000170047
1.05357e-06
-0.000169574
1.30341e-06
-0.000169268
1.69609e-06
-0.000169162
2.26513e-06
-0.000169276
3.03563e-06
-0.000169642
4.0239e-06
-0.0001703
5.23662e-06
-0.000171307
6.66984e-06
-0.000172722
8.30885e-06
-0.000174606
1.01268e-05
-0.000177004
1.20876e-05
-0.000179933
1.4142e-05
-0.000183368
1.62257e-05
-0.000187242
1.8255e-05
-0.000191465
2.01216e-05
-0.000195959
2.16944e-05
-0.000200714
2.2834e-05
-0.000205857
2.34244e-05
-0.000211696
-0.000218683
2.34164e-05
4.60586e-07
-0.000168181
6.27827e-07
-0.000171141
6.70223e-07
-0.000170663
6.68944e-07
-0.000170046
6.83762e-07
-0.000169588
7.63829e-07
-0.000169348
9.45136e-07
-0.000169343
1.25567e-06
-0.000169587
1.71315e-06
-0.000170099
2.32507e-06
-0.000170912
3.08786e-06
-0.000172069
3.98722e-06
-0.000173621
4.99775e-06
-0.000175617
6.08412e-06
-0.000178091
7.20017e-06
-0.000181049
8.29061e-06
-0.000184458
9.28659e-06
-0.000188238
1.00997e-05
-0.000192278
1.06145e-05
-0.000196473
1.06851e-05
-0.000200784
1.01465e-05
-0.000205319
8.84651e-06
-0.000210396
-0.000216536
6.69936e-06
4.34195e-07
-0.000168615
5.55945e-07
-0.000171262
5.32456e-07
-0.000170639
4.40565e-07
-0.000169954
3.37256e-07
-0.000169485
2.66164e-07
-0.000169277
2.58894e-07
-0.000169336
3.36084e-07
-0.000169664
5.07387e-07
-0.00017027
7.71288e-07
-0.000171176
1.11513e-06
-0.000172413
1.51505e-06
-0.000174021
1.93631e-06
-0.000176038
2.33448e-06
-0.000178489
2.65667e-06
-0.000181371
2.84171e-06
-0.000184643
2.81762e-06
-0.000188214
2.49434e-06
-0.000191955
1.75358e-06
-0.000195733
4.40985e-07
-0.000199472
-1.62989e-06
-0.000203248
-4.65395e-06
-0.000207372
-0.000212427
-8.7636e-06
3.95737e-07
-0.000169011
4.63621e-07
-0.00017133
3.74264e-07
-0.00017055
1.99294e-07
-0.000169779
-8.67348e-09
-0.000169277
-2.11804e-07
-0.000169074
-3.84934e-07
-0.000169163
-5.14961e-07
-0.000169534
-6.00326e-07
-0.000170185
-6.50906e-07
-0.000171126
-6.87881e-07
-0.000172376
-7.43498e-07
-0.000173966
-8.60584e-07
-0.000175921
-1.09104e-06
-0.000178258
-1.49417e-06
-0.000180968
-2.13573e-06
-0.000184002
-3.08988e-06
-0.00018726
-4.44624e-06
-0.000190599
-6.32213e-06
-0.000193857
-8.87522e-06
-0.000196919
-1.23077e-05
-0.000199816
-1.68515e-05
-0.000202829
-0.000206583
-2.2695e-05
3.45299e-07
-0.000169356
3.46838e-07
-0.000171332
1.90178e-07
-0.000170394
-6.19567e-08
-0.000169527
-3.61988e-07
-0.000168977
-6.78634e-07
-0.000168757
-9.94253e-07
-0.000168847
-1.3036e-06
-0.000169224
-1.61304e-06
-0.000169875
-1.94023e-06
-0.000170798
-2.31377e-06
-0.000172003
-2.77297e-06
-0.000173506
-3.36727e-06
-0.000175326
-4.15467e-06
-0.000177471
-5.19979e-06
-0.000179923
-6.57235e-06
-0.000182629
-8.34808e-06
-0.000185484
-1.06151e-05
-0.000188332
-1.34874e-05
-0.000190985
-1.71216e-05
-0.000193285
-2.17309e-05
-0.000195206
-2.75827e-05
-0.000196977
-0.000199227
-3.49391e-05
2.90142e-07
-0.000169646
2.12003e-07
-0.000171254
-1.83681e-08
-0.000170163
-3.42868e-07
-0.000169202
-7.21869e-07
-0.000168598
-1.13248e-06
-0.000168347
-1.56561e-06
-0.000168414
-2.02421e-06
-0.000168766
-2.5223e-06
-0.000169377
-3.08454e-06
-0.000170236
-3.74581e-06
-0.000171342
-4.55102e-06
-0.000172701
-5.55463e-06
-0.000174323
-6.81912e-06
-0.000176206
-8.41309e-06
-0.000178329
-1.04094e-05
-0.000180633
-1.28851e-05
-0.000183009
-1.59264e-05
-0.000185291
-1.96422e-05
-0.000187269
-2.41847e-05
-0.000188742
-2.97723e-05
-0.000189619
-3.67021e-05
-0.000190047
-0.000190617
-4.53119e-05
2.35376e-07
-0.000169882
5.9075e-08
-0.000171077
-2.4785e-07
-0.000169856
-6.38037e-07
-0.000168812
-1.08091e-06
-0.000168155
-1.56379e-06
-0.000167864
-2.08724e-06
-0.00016789
-2.66269e-06
-0.00016819
-3.31148e-06
-0.000168728
-4.06436e-06
-0.000169483
-4.96121e-06
-0.000170445
-6.05109e-06
-0.000171611
-7.39175e-06
-0.000172982
-9.04843e-06
-0.00017455
-1.10922e-05
-0.000176285
-1.35979e-05
-0.000178127
-1.66431e-05
-0.000179964
-2.03118e-05
-0.000181622
-2.47066e-05
-0.000182874
-2.99712e-05
-0.000183478
-3.63208e-05
-0.000183269
-4.40693e-05
-0.000182298
-0.00018107
-5.36166e-05
1.92081e-07
-0.000170074
-1.03758e-07
-0.000170781
-4.91611e-07
-0.000169468
-9.38582e-07
-0.000168365
-1.42726e-06
-0.000167666
-1.95789e-06
-0.000167333
-2.54197e-06
-0.000167306
-3.19968e-06
-0.000167532
-3.9591e-06
-0.000167969
-4.85604e-06
-0.000168586
-5.93412e-06
-0.000169367
-7.24495e-06
-0.000170301
-8.84792e-06
-0.000171379
-1.08093e-05
-0.000172588
-1.3201e-05
-0.000173894
-1.6098e-05
-0.00017523
-1.95773e-05
-0.000176484
-2.37201e-05
-0.000177479
-2.86211e-05
-0.000177973
-3.44114e-05
-0.000177687
-4.12933e-05
-0.000176387
-4.95791e-05
-0.000174013
-0.000170946
-5.97026e-05
1.78106e-07
-0.000170252
-2.73305e-07
-0.00017033
-7.45e-07
-0.000168997
-1.23506e-06
-0.000167875
-1.74715e-06
-0.000167154
-2.29765e-06
-0.000166782
-2.91019e-06
-0.000166694
-3.61358e-06
-0.000166829
-4.44189e-06
-0.000167141
-5.43482e-06
-0.000167594
-6.63831e-06
-0.000168163
-8.10503e-06
-0.000168834
-9.89448e-06
-0.00016959
-1.20724e-05
-0.00017041
-1.47096e-05
-0.000171257
-1.78799e-05
-0.00017206
-2.16578e-05
-0.000172706
-2.61199e-05
-0.000173017
-3.13517e-05
-0.000172741
-3.74676e-05
-0.000171571
-4.46476e-05
-0.000169207
-5.31825e-05
-0.000165478
-0.000160623
-6.35059e-05
1.87004e-07
-0.000170439
-4.59733e-07
-0.000169683
-1.00966e-06
-0.000168446
-1.52024e-06
-0.000167364
-2.02722e-06
-0.000166647
-2.56601e-06
-0.000166244
-3.1726e-06
-0.000166087
-3.88369e-06
-0.000166118
-4.73807e-06
-0.000166286
-5.77794e-06
-0.000166554
-7.05009e-06
-0.000166891
-8.60682e-06
-0.000167277
-1.05064e-05
-0.000167691
-1.28128e-05
-0.000168104
-1.55945e-05
-0.000168475
-1.89222e-05
-0.000168732
-2.28667e-05
-0.000168762
-2.74979e-05
-0.000168386
-3.28896e-05
-0.000167349
-3.91366e-05
-0.000165324
-4.63883e-05
-0.000161956
-5.48981e-05
-0.000156968
-0.000150453
-6.50673e-05
1.68501e-07
-0.000170607
-6.91553e-07
-0.000168823
-1.29485e-06
-0.000167843
-1.79004e-06
-0.000166869
-2.25596e-06
-0.000166181
-2.74791e-06
-0.000165752
-3.31272e-06
-0.000165522
-3.99305e-06
-0.000165438
-4.83051e-06
-0.000165449
-5.86796e-06
-0.000165516
-7.15145e-06
-0.000165608
-8.73161e-06
-0.000165697
-1.06645e-05
-0.000165758
-1.30114e-05
-0.000165757
-1.58377e-05
-0.000165648
-1.92105e-05
-0.00016536
-2.31953e-05
-0.000164777
-2.78539e-05
-0.000163727
-3.32467e-05
-0.000161957
-3.94454e-05
-0.000159126
-4.65638e-05
-0.000154837
-5.48069e-05
-0.000148724
-0.000140737
-6.45235e-05
3.23327e-08
-0.00017064
-1.01144e-06
-0.000167779
-1.61382e-06
-0.000167241
-2.0408e-06
-0.000166442
-2.42229e-06
-0.0001658
-2.83029e-06
-0.000165344
-3.31811e-06
-0.000165034
-3.93072e-06
-0.000164825
-4.70961e-06
-0.00016467
-5.69607e-06
-0.00016453
-6.93373e-06
-0.00016437
-8.47031e-06
-0.000164161
-1.03589e-05
-0.000163869
-1.26577e-05
-0.000163458
-1.54289e-05
-0.000162877
-1.87361e-05
-0.000162053
-2.26396e-05
-0.000160873
-2.71935e-05
-0.000159173
-3.2444e-05
-0.000156706
-3.84382e-05
-0.000153131
-4.52506e-05
-0.000148025
-5.30318e-05
-0.000140943
-0.0001317
-6.20688e-05
-3.82936e-07
-0.000170257
-1.47664e-06
-0.000166686
-1.97354e-06
-0.000166744
-2.26074e-06
-0.000166155
-2.51099e-06
-0.000165549
-2.80064e-06
-0.000165054
-3.18095e-06
-0.000164654
-3.69363e-06
-0.000164312
-4.3763e-06
-0.000163987
-5.26608e-06
-0.00016364
-6.40238e-06
-0.000163234
-7.82889e-06
-0.000162734
-9.59486e-06
-0.000162103
-1.17553e-05
-0.000161298
-1.43694e-05
-0.000160263
-1.74982e-05
-0.000158924
-2.11992e-05
-0.000157172
-2.55206e-05
-0.000154852
-3.0497e-05
-0.00015173
-3.61525e-05
-0.000147476
-4.25219e-05
-0.000141655
-4.96974e-05
-0.000133768
-0.000123496
-5.79009e-05
-1.28888e-06
-0.000168968
-2.11437e-06
-0.00016586
-2.3483e-06
-0.00016651
-2.41996e-06
-0.000166083
-2.4999e-06
-0.000165469
-2.64686e-06
-0.000164907
-2.89895e-06
-0.000164402
-3.28832e-06
-0.000163923
-3.84463e-06
-0.000163431
-4.59811e-06
-0.000162886
-5.58204e-06
-0.00016225
-6.83464e-06
-0.000161481
-8.40045e-06
-0.000160537
-1.03306e-05
-0.000159368
-1.26816e-05
-0.000157912
-1.55131e-05
-0.000156092
-1.88822e-05
-0.000153803
-2.28365e-05
-0.000150898
-2.74051e-05
-0.000147161
-3.25964e-05
-0.000142285
-3.84105e-05
-0.000135841
-4.48818e-05
-0.000127296
-0.000116215
-5.21627e-05
-2.89601e-06
-0.000166072
-2.84573e-06
-0.00016591
-2.6682e-06
-0.000166687
-2.47446e-06
-0.000166277
-2.36216e-06
-0.000165582
-2.35747e-06
-0.000164911
-2.4752e-06
-0.000164284
-2.73099e-06
-0.000163667
-3.14236e-06
-0.000163019
-3.72991e-06
-0.000162299
-4.51894e-06
-0.000161461
-5.54068e-06
-0.00016046
-6.83344e-06
-0.000159245
-8.44297e-06
-0.000157758
-1.04221e-05
-0.000155933
-1.28287e-05
-0.000153686
-1.57216e-05
-0.000150911
-1.91525e-05
-0.000147467
-2.31551e-05
-0.000143158
-2.77356e-05
-0.000137704
-3.28736e-05
-0.000130703
-3.85557e-05
-0.000121614
-0.000109909
-4.4862e-05
-5.04954e-06
-0.000161022
-3.50355e-06
-0.000167457
-2.85181e-06
-0.000167339
-2.36616e-06
-0.000166763
-2.06061e-06
-0.000165887
-1.91785e-06
-0.000165054
-1.91612e-06
-0.000164286
-2.0464e-06
-0.000163536
-2.31025e-06
-0.000162755
-2.71692e-06
-0.000161892
-3.28239e-06
-0.000160895
-4.02938e-06
-0.000159713
-4.98777e-06
-0.000158286
-6.19506e-06
-0.000156551
-7.6967e-06
-0.000154432
-9.54574e-06
-0.000151837
-1.18003e-05
-0.000148656
-1.45178e-05
-0.000144749
-1.77439e-05
-0.000139932
-2.14983e-05
-0.00013395
-2.57629e-05
-0.000126438
-3.0497e-05
-0.00011688
-0.000104669
-3.57361e-05
-7.57623e-06
-0.000153446
-4.10629e-06
-0.000170927
-2.68903e-06
-0.000168756
-1.92886e-06
-0.000167523
-1.51167e-06
-0.000166304
-1.30094e-06
-0.000165265
-1.23196e-06
-0.000164354
-1.27183e-06
-0.000163497
-1.40778e-06
-0.000162619
-1.63902e-06
-0.000161661
-1.97262e-06
-0.000160562
-2.42174e-06
-0.000159264
-3.00542e-06
-0.000157703
-3.74884e-06
-0.000155808
-4.68413e-06
-0.000153496
-5.8515e-06
-0.000150669
-7.29902e-06
-0.000147208
-9.08063e-06
-0.000142968
-1.12495e-05
-0.000137763
-1.38453e-05
-0.000131354
-1.68751e-05
-0.000123409
-2.02962e-05
-0.000113459
-0.000100894
-2.40715e-05
-1.02452e-05
-3.2671e-06
-1.46304e-06
-8.69967e-07
-6.13637e-07
-4.96073e-07
-4.5246e-07
-4.55938e-07
-4.9604e-07
-5.70072e-07
-6.79568e-07
-8.28726e-07
-1.0239e-06
-1.27373e-06
-1.58987e-06
-1.98845e-06
-2.4911e-06
-3.12563e-06
-3.92555e-06
-4.92669e-06
-6.15836e-06
-7.62241e-06
-9.27944e-06
0.000143549
4.80115e-05
0.000104236
3.93124e-05
7.34805e-05
3.07559e-05
2.18255e-05
5.1655e-05
0.000209304
3.99584e-05
0.000209476
3.914e-05
0.000203492
3.67399e-05
3.26474e-05
0.00019267
0.000200338
2.72841e-05
0.000211424
2.80537e-05
0.000219846
2.83184e-05
2.77303e-05
0.000224763
0.000184271
1.87664e-05
0.000192878
1.94464e-05
0.000201411
1.97862e-05
1.96102e-05
0.000209531
0.000173224
1.22806e-05
0.000179807
1.28638e-05
0.000186506
1.30873e-05
1.27505e-05
0.000193366
0.000169641
5.64614e-06
0.00017635
6.15503e-06
0.000182607
6.82996e-06
7.01656e-06
0.000188341
0.000169359
-1.6594e-06
0.000177131
-1.61756e-06
0.000184032
-7.03602e-08
1.80399e-06
0.000189244
0.000210597
-3.04045e-06
0.000210147
-1.16772e-06
0.000207881
2.19579e-06
4.55852e-06
0.000205126
0.0002525
-5.4072e-06
0.000254676
-3.34395e-06
0.000258156
-1.28421e-06
-1.7079e-07
0.000262885
0.000270195
-1.18951e-05
0.000276897
-1.00454e-05
0.000283895
-8.28213e-06
-6.92872e-06
0.000290653
0.000269532
-1.98613e-05
0.000277672
-1.8186e-05
0.000285926
-1.65365e-05
-1.50784e-05
0.000294076
0.000257701
-2.85762e-05
0.000266664
-2.7149e-05
0.000275763
-2.5636e-05
-2.41493e-05
0.000284834
0.000240855
-3.76495e-05
0.000250244
-3.6538e-05
0.000259851
-3.52433e-05
-3.38306e-05
0.000269532
0.000222978
-4.68322e-05
0.000232524
-4.60839e-05
0.000242359
-4.50786e-05
-4.38286e-05
0.000252357
0.000205833
-5.59609e-05
0.000215356
-5.56071e-05
0.000225219
-5.49417e-05
-5.39272e-05
0.000235318
0.000189597
-6.48861e-05
0.000198935
-6.49455e-05
0.00020865
-6.46567e-05
-6.39408e-05
0.000218664
0.000173654
-7.34274e-05
0.000182615
-7.39065e-05
0.000191979
-7.40207e-05
-7.3658e-05
0.000201696
0.000157264
-8.13713e-05
0.000165619
-8.22619e-05
0.000174392
-8.27933e-05
-8.28275e-05
0.000183561
0.000139929
-8.84946e-05
0.000147437
-8.97703e-05
0.000155362
-9.07182e-05
-9.11811e-05
0.000163716
0.000121497
-9.45957e-05
0.000127941
-9.62141e-05
0.000134785
-9.75629e-05
-9.84725e-05
0.000142077
0.000102112
-9.952e-05
0.000107325
-0.000101427
0.000112913
-0.00010315
-0.000104512
0.000118952
8.21267e-05
-0.000103171
8.6004e-05
-0.000105304
9.02195e-05
-0.000107366
-0.00010917
9.48776e-05
6.20051e-05
-0.000105516
6.45073e-05
-0.000107806
6.73022e-05
-0.000110161
-0.000112382
7.05139e-05
4.22448e-05
-0.000106582
4.34028e-05
-0.000108964
4.48054e-05
-0.000111563
-0.000114177
4.66008e-05
2.32765e-05
-0.000106442
2.31669e-05
-0.000108855
2.32561e-05
-0.000111653
-0.000114641
2.37196e-05
5.43459e-06
-0.000105177
4.14682e-06
-0.000107567
3.00956e-06
-0.000110515
-0.000113843
2.21218e-06
-1.10439e-05
-0.000102897
-1.34116e-05
-0.000105199
-1.56931e-05
-0.000108234
-0.00011183
-1.77071e-05
-2.5906e-05
-9.96856e-05
-2.92836e-05
-0.000101822
-3.26711e-05
-0.000104846
-0.000108589
-3.59119e-05
-3.89845e-05
-9.56402e-05
-4.32976e-05
-9.75087e-05
-4.77472e-05
-0.000100396
-0.000104125
-5.22113e-05
-5.00612e-05
-9.08909e-05
-5.51843e-05
-9.23857e-05
-6.05861e-05
-9.49946e-05
-9.85214e-05
-6.61893e-05
-5.8896e-05
-8.56114e-05
-6.46441e-05
-8.66376e-05
-7.08072e-05
-8.88315e-05
-9.19783e-05
-7.73503e-05
-6.5301e-05
-8.00129e-05
-7.14344e-05
-8.05042e-05
-7.809e-05
-8.21759e-05
-8.48019e-05
-8.52665e-05
-6.91982e-05
-7.43205e-05
-7.54525e-05
-7.42499e-05
-8.22913e-05
-7.5337e-05
-7.73554e-05
-8.97379e-05
-7.06426e-05
-6.87452e-05
-7.67679e-05
-6.81245e-05
-8.34928e-05
-6.86122e-05
-6.99933e-05
-9.08549e-05
-6.98062e-05
-6.34624e-05
-7.55987e-05
-6.23319e-05
-8.19665e-05
-6.22444e-05
-6.3005e-05
-8.89548e-05
-6.69317e-05
-5.85994e-05
-7.22477e-05
-5.70158e-05
-7.80896e-05
-5.64025e-05
-5.65885e-05
-8.45061e-05
-6.22678e-05
-5.42324e-05
-6.70256e-05
-5.22581e-05
-7.22487e-05
-5.11793e-05
-5.08521e-05
-7.79851e-05
-5.60034e-05
-5.03917e-05
-6.01768e-05
-4.80846e-05
-6.47568e-05
-4.65993e-05
-4.58226e-05
-6.97863e-05
-4.81651e-05
-4.70886e-05
-5.17582e-05
-4.44915e-05
-5.57171e-05
-4.26405e-05
-4.14581e-05
-6.00816e-05
-3.84598e-05
-4.4365e-05
-4.1456e-05
-4.14953e-05
-4.48169e-05
-3.92796e-05
-3.76772e-05
-4.85977e-05
-2.61101e-05
-4.23263e-05
-2.84081e-05
-3.91973e-05
-3.10999e-05
-3.65878e-05
-3.44854e-05
-3.42917e-05
-1.01663e-05
-1.12055e-05
-1.25164e-05
-1.42242e-05
5.98136e-05
3.56041e-05
0.0001123
2.60352e-05
9.8509e-05
2.35942e-05
5.94733e-05
3.8989e-05
3.64931e-05
4.55279e-06
2.57073e-05
-2.0061e-05
2.38545e-05
-3.95676e-05
2.64913e-05
-4.86104e-05
3.49022e-05
-5.52548e-05
4.49285e-05
-5.25134e-05
5.36668e-05
-4.27461e-05
5.95387e-05
-2.87205e-05
6.16308e-05
-1.21252e-05
5.94768e-05
5.57241e-06
5.30846e-05
2.26868e-05
4.29397e-05
3.73586e-05
2.99232e-05
4.79978e-05
1.51599e-05
5.38038e-05
5.50591e-05
0.000171007
5.72676e-05
0.000158155
3.88867e-05
0.000155496
2.62532e-05
0.000177652
1.68333e-05
0.000171939
1.0266e-05
0.000136388
1.54895e-05
9.79706e-05
-1.15014e-06
7.60807e-05
-2.67206e-05
6.84819e-05
-4.76561e-05
6.91049e-05
-5.31366e-05
7.32788e-05
-4.692e-05
7.70438e-05
-3.24856e-05
7.77488e-05
-1.28303e-05
7.40285e-05
9.29285e-06
6.55296e-05
3.11857e-05
5.27372e-05
5.01511e-05
3.665e-05
6.40853e-05
1.85699e-05
7.18839e-05
7.36289e-05
0.000224635
5.73954e-05
0.00021925
4.42722e-05
0.000212391
3.31116e-05
0.000204773
2.44516e-05
0.000197797
1.72417e-05
0.000203195
1.00922e-05
0.000197408
4.6368e-06
0.000165893
4.79392e-06
0.000130811
-1.25736e-05
0.00011115
-3.34753e-05
0.00010325
-3.90206e-05
0.000100932
-3.01678e-05
9.85155e-05
-1.04134e-05
9.23041e-05
1.55041e-05
8.0901e-05
4.25889e-05
6.47031e-05
6.63491e-05
4.48468e-05
8.39416e-05
2.27195e-05
9.40112e-05
9.63485e-05
0.000223983
4.29434e-05
0.000231652
3.66031e-05
0.000234378
3.03855e-05
0.000234088
2.47415e-05
0.000230859
2.04709e-05
0.000223733
1.72181e-05
0.000215249
1.3121e-05
0.000213588
6.45439e-06
0.000199033
1.98181e-06
0.000168267
-2.70995e-06
0.000146569
-1.73224e-05
0.000133932
-1.75315e-05
0.000125857
-2.33756e-06
0.000115669
2.56923e-05
0.000100055
5.82028e-05
7.92586e-05
8.71455e-05
5.46605e-05
0.00010854
2.76701e-05
0.000121001
0.000124019
0.000209256
2.70532e-05
0.000222146
2.37132e-05
0.000232191
2.03405e-05
0.000239346
1.75864e-05
0.000243013
1.68032e-05
0.000242807
1.74246e-05
0.000238098
1.78305e-05
0.000228537
1.60146e-05
0.000219967
1.05524e-05
0.000212674
4.5827e-06
0.000190719
4.63257e-06
0.000173809
-6.21744e-07
0.000160264
1.12076e-05
0.000144887
4.10697e-05
0.000123517
7.95724e-05
9.65658e-05
0.000114097
6.60481e-05
0.000139057
3.33802e-05
0.000153669
0.000157399
0.000201074
1.43206e-05
0.000213278
1.15091e-05
0.000224774
8.84454e-06
0.000235356
7.0044e-06
0.000243635
8.52436e-06
0.000248424
1.26352e-05
0.000249229
1.70259e-05
0.000245103
2.01403e-05
0.000236238
1.94169e-05
0.000226539
1.42821e-05
0.000220797
1.03743e-05
0.000207438
1.27371e-05
0.000194745
2.3901e-05
0.000177543
5.82713e-05
0.00015061
0.000106506
0.000116214
0.000148492
7.86343e-05
0.000176637
3.96274e-05
0.000192676
0.000197026
0.000199645
3.91996e-06
0.000210417
7.37463e-07
0.000221622
-2.3611e-06
0.000232862
-4.23579e-06
0.000242633
-1.24654e-06
0.000249867
5.40098e-06
0.000253807
1.30864e-05
0.000253282
2.06648e-05
0.000248108
2.45915e-05
0.00023929
2.30996e-05
0.000231437
1.82275e-05
0.000224547
1.96273e-05
0.000216911
3.15376e-05
0.000204447
7.0735e-05
0.000177076
0.000133877
0.000136317
0.00018925
9.13933e-05
0.000221561
4.59054e-05
0.000238164
0.000242932
0.000205571
3.47562e-06
0.000213134
-6.82541e-06
0.000222134
-1.13612e-05
0.00023069
-1.27922e-05
0.000240813
-1.13696e-05
0.00025269
-6.47576e-06
0.000258091
7.685e-06
0.000258396
2.03601e-05
0.000254992
2.79959e-05
0.000247954
3.01367e-05
0.000239207
2.69745e-05
0.000233733
2.5102e-05
0.000227979
3.7291e-05
0.0002201
7.86141e-05
0.000196855
0.000157122
0.000153366
0.000232739
0.000102517
0.000272411
5.13935e-05
0.000289287
0.000294325
0.000267551
-1.19014e-06
0.000262874
-2.14837e-06
0.000250158
1.35423e-06
0.000240016
-2.64929e-06
0.000240417
-1.17708e-05
0.000251486
-1.75454e-05
0.000262585
-3.41353e-06
0.000263277
1.9668e-05
0.000259407
3.18663e-05
0.000252985
3.65579e-05
0.00024492
3.50397e-05
0.000237355
3.26672e-05
0.000232442
4.22036e-05
0.000226461
8.45954e-05
0.000206944
0.00017664
0.000163861
0.000275822
0.000109877
0.000326395
5.51151e-05
0.000344049
0.00034944
0.000303201
-1.37388e-05
0.000309613
-8.56033e-06
0.000311958
-9.90509e-07
0.000306446
2.86214e-06
0.000295399
-7.23324e-07
0.000280966
-3.11235e-06
0.000269415
8.13753e-06
0.000267792
2.12903e-05
0.000262116
3.75427e-05
0.000255089
4.35848e-05
0.000246948
4.31807e-05
0.000238936
4.06789e-05
0.000233486
4.7654e-05
0.000227301
9.07808e-05
0.00020845
0.00019549
0.000166361
0.000317911
0.000112014
0.000380743
5.63033e-05
0.000399759
0.000405744
0.00031111
-3.07725e-05
0.000324887
-2.2338e-05
0.000334757
-1.08598e-05
0.000337228
3.90955e-07
0.000326636
9.86892e-06
0.000304984
1.85391e-05
0.000287572
2.55498e-05
0.000272992
3.58702e-05
0.000263192
4.73427e-05
0.000254736
5.20408e-05
0.000246407
5.15092e-05
0.00023865
4.84359e-05
0.00023247
5.38344e-05
0.000225164
9.80872e-05
0.000203684
0.000216969
0.000161264
0.000360332
0.000108558
0.000433449
5.4667e-05
0.00045365
0.000460411
0.000305144
-5.10831e-05
0.000323047
-4.02408e-05
0.000336994
-2.4807e-05
0.000343155
-5.76918e-06
0.000337464
1.55598e-05
0.000319062
3.69407e-05
0.000294238
5.03738e-05
0.000277141
5.29671e-05
0.000262241
6.22429e-05
0.000251903
6.23794e-05
0.000243503
5.99088e-05
0.00023601
5.5929e-05
0.000229209
6.06354e-05
0.0002197
0.000107596
0.000192828
0.000243841
0.000149179
0.000403981
9.98692e-05
0.000482759
5.03589e-05
0.000503161
0.00051077
0.000291919
-7.34695e-05
0.000312506
-6.08282e-05
0.0003292
-4.15013e-05
0.000338316
-1.48855e-05
0.000335872
1.80046e-05
0.000319817
5.29948e-05
0.000292903
7.72879e-05
0.000274433
7.14375e-05
0.000258266
7.84092e-05
0.000246774
7.38711e-05
0.000238403
6.82807e-05
0.000231458
6.28737e-05
0.000224754
6.73391e-05
0.000210197
0.000122153
0.000174694
0.000279345
0.000130429
0.000448245
8.67604e-05
0.000526427
4.38923e-05
0.000546029
0.000554662
0.000275943
-9.70559e-05
0.000298346
-8.32316e-05
0.000317151
-6.03057e-05
0.000328319
-2.60539e-05
0.000327543
1.87808e-05
0.000312849
6.76886e-05
0.000287567
0.000102571
0.000267714
9.12898e-05
0.000251169
9.49548e-05
0.000239391
8.56484e-05
0.000231327
7.63455e-05
0.000224963
6.92378e-05
0.000217686
7.46158e-05
0.000194547
0.000145292
0.000149716
0.000324176
0.000107226
0.000490735
7.11828e-05
0.000562471
3.62743e-05
0.000580937
0.000590936
0.000259529
-0.000121268
0.000283198
-0.0001069
0.000303588
-8.06953e-05
0.000315944
-3.84098e-05
0.000315474
1.92508e-05
0.000300813
8.23493e-05
0.000277246
0.000126138
0.000257497
0.000111039
0.000241328
0.000111123
0.000230274
9.67028e-05
0.000222707
8.39127e-05
0.000216203
7.57415e-05
0.000206685
8.41335e-05
0.000173967
0.00017801
0.000124051
0.000374092
8.53575e-05
0.000529428
5.64177e-05
0.00059141
2.88743e-05
0.000608481
0.000619811
0.000243039
-0.000145643
0.000267497
-0.000131358
0.00028898
-0.000102178
0.00030178
-5.12097e-05
0.000300385
2.06454e-05
0.000284208
9.85269e-05
0.000261875
0.000148471
0.000243446
0.000129468
0.000229681
0.000124888
0.000220477
0.000105908
0.000213604
9.0785e-05
0.00020635
8.29959e-05
0.000194051
9.64322e-05
0.000153451
0.000218611
0.000102059
0.000425483
6.75382e-05
0.000563949
4.41588e-05
0.00061479
2.25264e-05
0.000630113
0.000642337
0.000225705
-0.000169653
0.000250375
-0.000156028
0.000272459
-0.000124262
0.000285212
-6.39627e-05
0.000282217
2.36403e-05
0.000263752
0.000116992
0.000243198
0.000169025
0.000226901
0.000145764
0.000218056
0.000133734
0.000211348
0.000112615
0.000205776
9.63577e-05
0.000198874
8.98976e-05
0.000183775
0.000111531
0.000133831
0.000268554
8.29131e-05
0.000476401
5.28773e-05
0.000593985
3.41119e-05
0.000633555
1.7263e-05
0.000646962
0.0006596
0.000206564
-0.000192655
0.000230742
-0.000180206
0.000253005
-0.000146525
0.000265741
-7.66979e-05
0.000261819
2.75624e-05
0.000243575
0.000135236
0.000229585
0.000183016
0.000214682
0.000160667
0.000208672
0.000139744
0.000204585
0.000116702
0.000201228
9.97152e-05
0.000194581
9.65442e-05
0.000167398
0.000138715
0.000108958
0.000326994
6.33728e-05
0.000521987
3.9476e-05
0.000617882
2.54066e-05
0.000647625
1.27859e-05
0.000659582
0.000672386
0.000185037
-0.000213977
0.000207924
-0.000203093
0.000229872
-0.000168473
0.000243009
-8.98349e-05
0.000239014
3.15574e-05
0.000224787
0.000149463
0.000218869
0.000188934
0.0002059
0.000173636
0.000201758
0.000143886
0.000200574
0.000117886
0.000200227
0.000100062
0.000185883
0.000110888
0.000138705
0.000185893
7.93412e-05
0.000386358
4.36502e-05
0.000557678
2.72432e-05
0.000634289
1.78212e-05
0.000657047
8.9634e-06
0.00066844
0.000681349
0.000161087
-0.000232987
0.000181906
-0.000223911
0.000203066
-0.000189633
0.000218033
-0.000104802
0.000213028
3.65632e-05
0.000202598
0.000159892
0.000203207
0.000188325
0.000196945
0.000179898
0.000195625
0.000145206
0.000195237
0.000118274
0.000191975
0.000103323
0.000168932
0.000133931
0.000110451
0.000244374
5.65636e-05
0.000440245
2.85785e-05
0.000585663
1.77379e-05
0.00064513
1.18116e-05
0.000662973
5.92271e-06
0.000674329
0.000687272
0.000135146
-0.000249181
0.000153503
-0.000242268
0.000173842
-0.000209973
0.000194047
-0.000125008
0.000193242
3.73688e-05
0.000195715
0.000157419
0.000195911
0.000188129
0.000195878
0.000179931
0.000183165
0.000157919
0.000173408
0.000128031
0.000158215
0.000118516
0.000129812
0.000162334
7.96095e-05
0.000294576
3.9842e-05
0.000480013
1.85361e-05
0.000606969
1.12661e-05
0.0006524
7.61844e-06
0.000666621
3.77344e-06
0.000678174
0.000691046
0.000107847
-0.00026215
0.000123358
-0.00025778
0.000141881
-0.000228496
0.000167859
-0.000150985
0.000180818
2.44099e-05
0.000192415
0.000145821
0.000197139
0.000183405
0.000187566
0.000189503
0.000166524
0.000178962
0.000138334
0.000156221
0.00011771
0.00013914
8.84952e-05
0.000191549
4.77914e-05
0.00033528
2.04393e-05
0.000507365
9.77951e-06
0.000617629
6.83803e-06
0.000655341
5.00879e-06
0.00066845
2.45967e-06
0.000680723
0.000693505
7.99764e-05
-0.000271613
9.19066e-05
-0.00026971
0.000106781
-0.000243371
0.000132411
-0.000176614
0.000166718
-9.89654e-06
0.000178959
0.00013358
0.00018708
0.000175284
0.00018319
0.000193393
0.000165075
0.000197077
0.000134025
0.000187272
0.000101216
0.000171948
6.88451e-05
0.00022392
3.14846e-05
0.000372641
9.80292e-06
0.000529046
5.49298e-06
0.000621939
5.17152e-06
0.000655663
4.08233e-06
0.000669539
1.96124e-06
0.000682844
0.000695467
5.2656e-05
-0.000277668
6.10608e-05
-0.000278115
7.25358e-05
-0.000254846
9.17369e-05
-0.000195816
0.000146701
-6.48601e-05
0.000163927
0.000116354
0.000175925
0.000163285
0.000176367
0.000192952
0.000164532
0.000208912
0.000140739
0.000211064
0.000106129
0.000206558
7.48456e-05
0.000255204
3.96771e-05
0.000407809
1.66246e-05
0.000552099
9.96489e-06
0.000628598
7.68192e-06
0.000657946
5.18636e-06
0.000672035
2.30751e-06
0.000685723
0.000697774
2.65625e-05
-0.000280511
3.18771e-05
-0.000283429
4.10279e-05
-0.000263997
5.72974e-05
-0.000212085
0.000103266
-0.000110828
0.000141742
7.78774e-05
0.000161312
0.000143715
0.000166727
0.000187536
0.000161236
0.000214403
0.000143997
0.000228303
0.000119249
0.000231306
9.57459e-05
0.000278707
6.59466e-05
0.000437608
3.69239e-05
0.000581122
2.16204e-05
0.000643902
1.35466e-05
0.00066602
7.8055e-06
0.000677776
3.19019e-06
0.000690338
0.000700964
1.88834e-06
-0.000280187
4.17435e-06
-0.000285715
1.07899e-05
-0.000270612
2.32592e-05
-0.000224554
5.33258e-05
-0.000140895
0.000120667
1.05362e-05
0.000144272
0.00012011
0.000156363
0.000175446
0.000157037
0.000213729
0.000146881
0.000238459
0.00012684
0.000251347
0.000113078
0.000292468
9.77112e-05
0.000452975
6.05724e-05
0.00061826
3.45292e-05
0.000669945
1.95552e-05
0.000680994
1.02646e-05
0.000687066
3.8008e-06
0.000696802
0.000704765
-2.11686e-05
-0.000276725
-2.19222e-05
-0.000284962
-1.72401e-05
-0.000275294
-3.52206e-06
-0.000238272
2.06462e-05
-0.000165063
8.56252e-05
-5.44427e-05
0.000124085
8.16496e-05
0.000143116
0.000156416
0.000149871
0.000206974
0.000146886
0.000241443
0.000132678
0.000265555
0.000125343
0.000299803
0.000118956
0.000459363
7.4681e-05
0.000662535
4.08035e-05
0.000703823
2.14137e-05
0.000700383
1.03732e-05
0.000698107
2.94758e-06
0.000704228
0.000707713
-4.26937e-05
-0.000269943
-4.71171e-05
-0.000280538
-4.56366e-05
-0.000276775
-3.31503e-05
-0.000250759
-6.19296e-06
-0.00019202
4.31637e-05
-0.000103799
9.54691e-05
2.93442e-05
0.000122995
0.00012889
0.000137397
0.000192572
0.000140502
0.000238338
0.000133097
0.000272961
0.000122099
0.000310801
0.000105645
0.000475817
6.22757e-05
0.000705904
3.15918e-05
0.000734507
1.49694e-05
0.000717006
6.10075e-06
0.000706976
-6.33609e-07
0.000710962
0.000707079
-6.25199e-05
-0.000259635
-7.15512e-05
-0.000271507
-7.59192e-05
-0.000272406
-6.97401e-05
-0.000256938
-4.67229e-05
-0.000215038
-1.21677e-05
-0.000138354
5.13712e-05
-3.41948e-05
9.21055e-05
8.81556e-05
0.000112571
0.000172107
0.000119951
0.000230958
0.000117288
0.000275623
9.30131e-05
0.000335076
4.6814e-05
0.000522016
1.65198e-05
0.000736198
4.45147e-06
0.000746575
-9.45283e-07
0.000722403
-3.50547e-06
0.000709536
-8.0826e-06
0.000715539
0.000698996
-7.9965e-05
-0.000245859
-9.39343e-05
-0.000257538
-0.000105425
-0.000260916
-0.000108994
-0.000253368
-9.66544e-05
-0.000227377
-6.33925e-05
-0.000171616
-1.44982e-05
-8.30892e-05
4.22272e-05
3.14302e-05
7.08713e-05
0.000143463
8.33081e-05
0.000218521
7.6802e-05
0.00028213
2.98014e-05
0.000382076
-3.34646e-05
0.000585282
-4.11716e-05
0.000743905
-3.18631e-05
0.000737267
-2.30339e-05
0.000713573
-1.71162e-05
0.000703618
-1.69124e-05
0.000715335
0.000682084
-9.41355e-05
-0.000229074
-0.000112665
-0.000239008
-0.000131388
-0.000242193
-0.000146774
-0.000237982
-0.000152553
-0.000221598
-0.000139053
-0.000185117
-0.000102096
-0.000120046
-5.0576e-05
-2.00901e-05
-7.22025e-07
9.36092e-05
1.06149e-05
0.000207184
-2.12702e-05
0.000314015
-8.53213e-05
0.000446127
-0.000126973
0.000626934
-0.000100281
0.000717213
-6.88923e-05
0.000705878
-4.66554e-05
0.000691337
-3.23293e-05
0.000689292
-2.55034e-05
0.00070851
0.00065658
-0.000104179
-0.000210161
-0.00012606
-0.000217128
-0.000150365
-0.000217887
-0.000175473
-0.000212874
-0.00019763
-0.000199441
-0.000210489
-0.000172258
-0.000208613
-0.000121922
-0.000191559
-3.71441e-05
-0.000168739
7.07885e-05
-0.000161504
0.00019995
-0.000182957
0.000335468
-0.000215882
0.000479052
-0.000202228
0.000613281
-0.000145451
0.000660435
-9.98201e-05
0.000660248
-6.77511e-05
0.000659268
-4.6392e-05
0.000667933
-3.21927e-05
0.00069431
0.000624388
-0.000109669
-0.00019023
-0.000133246
-0.000193551
-0.000160528
-0.000190605
-0.00019119
-0.000182212
-0.000224058
-0.000166573
-0.000256749
-0.000139567
-0.000284576
-9.40946e-05
-0.000299272
-2.24483e-05
-0.000305013
7.65299e-05
-0.000305517
0.000200454
-0.000306316
0.000336266
-0.000291707
0.000464443
-0.000235952
0.000557526
-0.000170659
0.000595142
-0.000120506
0.000610094
-8.34858e-05
0.000622247
-5.71316e-05
0.000641579
-3.59798e-05
0.000673159
0.000588408
-0.000110715
-0.000170369
-0.00013434
-0.000169927
-0.00016197
-0.000162974
-0.000193724
-0.000150458
-0.00022925
-0.000131048
-0.000267329
-0.000101488
-0.000304444
-5.69798e-05
-0.000334105
7.21311e-06
-0.000352078
9.45031e-05
-0.000354429
0.000202805
-0.000337939
0.000319775
-0.00029784
0.000424344
-0.000236928
0.000496614
-0.000178087
0.000536301
-0.000130428
0.000562435
-9.27036e-05
0.000584523
-6.33805e-05
0.000612256
-3.66495e-05
0.000646427
0.000551758
-0.000107857
-0.000151468
-0.000130234
-0.000147549
-0.00015626
-0.000136948
-0.000186048
-0.000120671
-0.00021925
-9.78448e-05
-0.000254603
-6.61356e-05
-0.000289233
-2.23493e-05
-0.00031851
3.64898e-05
-0.000336592
0.000112586
-0.000336945
0.000203158
-0.000315402
0.000298232
-0.000273991
0.000382933
-0.000222815
0.000445438
-0.000174291
0.000487777
-0.000131912
0.000520057
-9.58905e-05
0.000548502
-6.51551e-05
0.00058152
-3.47214e-05
0.000615994
0.000517037
-0.000101846
-0.000134127
-0.000122151
-0.000127244
-0.000145441
-0.000113658
-0.000171741
-9.43719e-05
-0.000200623
-6.89621e-05
-0.000230763
-3.59955e-05
-0.00025968
6.56796e-06
-0.000283619
6.04282e-05
-0.000297436
0.000126402
-0.000296071
0.000201793
-0.000277117
0.000279278
-0.000243591
0.000349407
-0.000203661
0.000405509
-0.000164304
0.00044842
-0.000127608
0.000483361
-9.42575e-05
0.000515151
-6.32835e-05
0.000550546
-3.11045e-05
0.000583815
0.000485932
-9.34452e-05
-0.000118667
-0.00011127
-0.000109419
-0.000131322
-9.36054e-05
-0.000153601
-7.20939e-05
-0.0001777
-4.48629e-05
-0.000202387
-1.13088e-05
-0.000225534
2.97154e-05
-0.000244098
7.89917e-05
-0.000254223
0.000136528
-0.000252496
0.000200066
-0.000237889
0.00026467
-0.000212811
0.00032433
-0.000182323
0.00037502
-0.000150598
0.000416694
-0.00011931
0.000452074
-8.90411e-05
0.000484882
-5.88749e-05
0.00052038
-2.67286e-05
0.000551668
0.000459204
-8.33008e-05
-0.000105153
-9.85721e-05
-9.41476e-05
-0.00011529
-7.68873e-05
-0.000133555
-5.38292e-05
-0.000153114
-2.53037e-05
-0.000172898
8.47473e-06
-0.000191099
4.79168e-05
-0.000205403
9.32961e-05
-0.000213094
0.000144219
-0.000211954
0.000198926
-0.000201415
0.000254132
-0.000183107
0.000306021
-0.000159993
0.000351907
-0.000134642
0.000391343
-0.000108327
0.000425759
-8.1389e-05
0.000457944
-5.2986e-05
0.000491977
-2.23091e-05
0.000520992
0.000436895
-7.18485e-05
-9.33859e-05
-8.48258e-05
-8.11704e-05
-9.83755e-05
-6.33378e-05
-0.000112882
-3.93223e-05
-0.000128475
-9.71108e-06
-0.000144118
2.41181e-05
-0.000158353
6.21513e-05
-0.000169453
0.000104397
-0.000175569
0.000150335
-0.000175243
0.000198599
-0.000168068
0.000246958
-0.000154945
0.000292899
-0.000137587
0.000334549
-0.000117572
0.000371327
-9.57837e-05
0.00040397
-7.23491e-05
0.00043451
-4.65001e-05
0.000466128
-1.82999e-05
0.000492791
0.000418595
-5.90774e-05
-8.29062e-05
-7.05025e-05
-6.97452e-05
-8.13615e-05
-5.24788e-05
-9.24784e-05
-2.82053e-05
-0.000104872
2.6828e-06
-0.000117223
3.64687e-05
-0.000128312
7.32397e-05
-0.000136934
0.00011302
-0.00014189
0.00015529
-0.00014223
0.000198939
-0.000137615
0.000242343
-0.000128458
0.000283742
-0.000115674
0.000321765
-0.000100188
0.000355841
-8.25435e-05
0.000386326
-6.27041e-05
0.00041467
-3.99757e-05
0.000443399
-1.49229e-05
0.000467738
0.000403672
-4.36092e-05
-7.35887e-05
-5.47856e-05
-5.85689e-05
-6.43949e-05
-4.28696e-05
-7.33931e-05
-1.92071e-05
-8.39344e-05
1.32242e-05
-9.38384e-05
4.63728e-05
-0.000102324
8.17256e-05
-0.000108766
0.000119462
-0.000112518
0.000159041
-0.000113039
0.00019946
-0.000110091
0.000239394
-0.00010382
0.000277471
-9.46666e-05
0.000312611
-8.31093e-05
0.000344283
-6.94111e-05
0.000372628
-5.33624e-05
0.000398622
-3.41665e-05
0.000424203
-1.23754e-05
0.000445947
0.000391296
-2.04011e-05
-3.04065e-05
-4.45795e-05
-5.89503e-05
-6.98529e-05
-7.80998e-05
-8.4313e-05
-8.84628e-05
-9.0349e-05
-8.97992e-05
-8.67807e-05
-8.14401e-05
-7.40567e-05
-6.49216e-05
-5.41998e-05
-4.17423e-05
-2.69896e-05
-1.07017e-05
)
;

boundaryField
{
    leftWall
    {
        type            calculated;
        value           uniform 0;
    }
    rightWall
    {
        type            calculated;
        value           uniform 0;
    }
    lowerWall
    {
        type            calculated;
        value           uniform 0;
    }
    atmosphere
    {
        type            calculated;
        value           nonuniform List<scalar> 
46
(
-0.000143201
-0.000177905
-0.00017056
-0.000168116
-0.000166561
-0.000165382
-0.000164398
-0.000163493
-0.000162579
-0.000161587
-0.000160452
-0.000159114
-0.000157508
-0.000155558
-0.00015318
-0.000150271
-0.000146706
-0.000142333
-0.000136964
-0.000130353
-0.000122177
-0.000111995
-9.92371e-05
-4.14394e-05
-3.81582e-05
-3.52769e-05
-3.27776e-05
-6.74116e-05
-4.85637e-05
-2.86966e-05
-4.8364e-06
2.41268e-05
5.46198e-05
8.79389e-05
0.000123612
0.000160928
0.00019891
0.000236376
0.000272131
0.000305228
0.000335148
0.000361906
0.000386164
0.000409451
0.000429659
0.000380595
)
;
    }
    defaultFaces
    {
        type            empty;
        value           nonuniform List<scalar> 0();
    }
}


// ************************************************************************* //
