/*--------------------------------*- C++ -*----------------------------------*\
| =========                 |                                                 |
| \\      /  F ield         | OpenFOAM: The Open Source CFD Toolbox           |
|  \\    /   O peration     | Version:  v2012                                 |
|   \\  /    A nd           | Website:  www.openfoam.com                      |
|    \\/     M anipulation  |                                                 |
\*---------------------------------------------------------------------------*/
FoamFile
{
    version     2.0;
    format      ascii;
    class       surfaceScalarField;
    location    "0.1";
    object      phi;
}
// * * * * * * * * * * * * * * * * * * * * * * * * * * * * * * * * * * * * * //

dimensions      [0 3 -1 0 0 0 0];
oriented        oriented;


internalField   nonuniform List<scalar> 
4432
(
1.89416e-06
-1.89416e-06
6.4746e-06
-4.58046e-06
1.21842e-05
-5.70962e-06
1.82676e-05
-6.08341e-06
2.44897e-05
-6.22207e-06
3.08156e-05
-6.32592e-06
3.73165e-05
-6.50089e-06
4.41512e-05
-6.83463e-06
5.1543e-05
-7.39182e-06
5.97951e-05
-8.25206e-06
6.93705e-05
-9.5754e-06
8.07017e-05
-1.13312e-05
9.37204e-05
-1.30187e-05
0.000106684
-1.29634e-05
0.000115677
-8.99322e-06
0.000118225
-2.54771e-06
0.000117049
1.17584e-06
0.000117114
-6.47435e-08
0.000120249
-3.13583e-06
0.000120074
1.75305e-07
0.000106351
1.37234e-05
7.28276e-05
3.35229e-05
7.28276e-05
3.33072e-06
-5.22486e-06
8.07702e-06
-9.32676e-06
1.32622e-05
-1.08948e-05
1.87217e-05
-1.15429e-05
2.4376e-05
-1.18763e-05
3.0219e-05
-1.2169e-05
3.6316e-05
-1.25979e-05
4.2796e-05
-1.33146e-05
4.98471e-05
-1.4443e-05
5.77288e-05
-1.61338e-05
6.67108e-05
-1.85574e-05
7.69807e-05
-2.16011e-05
8.83887e-05
-2.44267e-05
9.9826e-05
-2.44008e-05
0.000108967
-1.81339e-05
0.00011407
-7.65096e-06
0.000115945
-6.9877e-07
0.000115943
-6.30555e-08
0.000116454
-3.64655e-06
0.000120786
-4.15715e-06
0.000119667
1.48429e-05
8.52518e-05
6.79379e-05
0.00015808
4.32171e-06
-9.54657e-06
9.08602e-06
-1.40911e-05
1.38907e-05
-1.56995e-05
1.88656e-05
-1.65177e-05
2.40436e-05
-1.70544e-05
2.94562e-05
-1.75815e-05
3.51704e-05
-1.83122e-05
4.12952e-05
-1.94394e-05
4.79856e-05
-2.11334e-05
5.54293e-05
-2.35774e-05
6.37835e-05
-2.69116e-05
7.30985e-05
-3.09161e-05
8.31734e-05
-3.45016e-05
9.33202e-05
-3.45475e-05
0.000102281
-2.70944e-05
0.000108826
-1.41963e-05
0.000112474
-4.34693e-06
0.000112174
2.37238e-07
0.000108734
-2.06376e-07
0.000102503
2.07372e-06
9.1764e-05
2.55816e-05
6.15064e-05
9.81957e-05
0.000219586
4.84139e-06
-1.4388e-05
9.67789e-06
-1.89276e-05
1.42725e-05
-2.02941e-05
1.89199e-05
-2.11652e-05
2.37432e-05
-2.18776e-05
2.88113e-05
-2.26497e-05
3.41988e-05
-2.36996e-05
4.00006e-05
-2.52412e-05
4.63382e-05
-2.7471e-05
5.33361e-05
-3.05753e-05
6.10681e-05
-3.46436e-05
6.95031e-05
-3.93511e-05
7.84334e-05
-4.34319e-05
8.74986e-05
-4.36126e-05
9.61785e-05
-3.57743e-05
0.000103427
-2.14452e-05
0.000107084
-8.00371e-06
0.000106495
8.26245e-07
0.000101224
5.06487e-06
8.90733e-05
1.42244e-05
6.81604e-05
4.64945e-05
3.79363e-05
0.00012842
0.000257522
5.04686e-06
-1.94348e-05
9.97102e-06
-2.38517e-05
1.44865e-05
-2.48096e-05
1.89435e-05
-2.56222e-05
2.35251e-05
-2.64592e-05
2.83341e-05
-2.74587e-05
3.34548e-05
-2.88203e-05
3.89733e-05
-3.07597e-05
4.4981e-05
-3.34787e-05
5.15509e-05
-3.71452e-05
5.8693e-05
-4.17858e-05
6.63162e-05
-4.69742e-05
7.42006e-05
-5.13163e-05
8.22219e-05
-5.16339e-05
9.0424e-05
-4.39765e-05
9.7951e-05
-2.89722e-05
0.000100745
-1.07976e-05
0.000100104
1.46716e-06
9.22624e-05
1.29066e-05
7.50059e-05
3.14806e-05
4.87686e-05
7.27319e-05
2.05025e-05
0.000156686
0.000278025
5.09547e-06
-2.45303e-05
1.01002e-05
-2.88565e-05
1.46208e-05
-2.93301e-05
1.89934e-05
-2.99948e-05
2.34309e-05
-3.08967e-05
2.80612e-05
-3.2089e-05
3.29783e-05
-3.37374e-05
3.82622e-05
-3.60436e-05
4.39806e-05
-3.91971e-05
5.01659e-05
-4.33306e-05
5.67792e-05
-4.83991e-05
6.36789e-05
-5.38738e-05
7.06093e-05
-5.82468e-05
7.75387e-05
-5.85633e-05
8.48326e-05
-5.12704e-05
9.19199e-05
-3.60595e-05
9.52981e-05
-1.41759e-05
9.38274e-05
2.93791e-06
8.3134e-05
2.36e-05
6.21249e-05
5.24897e-05
3.48383e-05
0.000100019
1.18531e-05
0.000179671
0.000289878
5.1031e-06
-2.96334e-05
1.01751e-05
-3.39285e-05
1.47498e-05
-3.39048e-05
1.91156e-05
-3.43606e-05
2.34895e-05
-3.52706e-05
2.80136e-05
-3.66131e-05
3.27892e-05
-3.85129e-05
3.78921e-05
-4.11466e-05
4.33723e-05
-4.46773e-05
4.92332e-05
-4.91914e-05
5.54011e-05
-5.4567e-05
6.1695e-05
-6.01677e-05
6.78039e-05
-6.43558e-05
7.36803e-05
-6.44396e-05
7.98046e-05
-5.73947e-05
8.58918e-05
-4.21467e-05
9.01389e-05
-1.8423e-05
8.73834e-05
5.69336e-06
7.43668e-05
3.66166e-05
5.25629e-05
7.42936e-05
2.87551e-05
0.000123826
1.27702e-05
0.000195656
0.000302648
5.1156e-06
-3.4749e-05
1.02435e-05
-3.90564e-05
1.48954e-05
-3.85566e-05
1.93048e-05
-3.877e-05
2.36751e-05
-3.96409e-05
2.81518e-05
-4.10898e-05
3.28393e-05
-4.32005e-05
3.78104e-05
-4.61177e-05
4.3103e-05
-4.99698e-05
4.87026e-05
-5.4791e-05
5.45179e-05
-6.03823e-05
6.03401e-05
-6.59899e-05
6.58098e-05
-6.98254e-05
7.08879e-05
-6.95177e-05
7.60243e-05
-6.25311e-05
8.11112e-05
-4.72337e-05
8.51454e-05
-2.24571e-05
8.10406e-05
9.79824e-06
6.71087e-05
5.05484e-05
4.75047e-05
9.38975e-05
2.98204e-05
0.000141511
1.92354e-05
0.000206241
0.000321883
1.20495e-06
-1.20495e-06
5.66416e-06
-4.4593e-06
9.98126e-06
-4.31729e-06
1.28272e-05
-2.84607e-06
1.43188e-05
-1.49153e-06
1.4784e-05
-4.65278e-07
1.4529e-05
2.54834e-07
1.38178e-05
7.11643e-07
1.28332e-05
9.84588e-07
1.16804e-05
1.15252e-06
1.04275e-05
1.25323e-06
9.11359e-06
1.31382e-06
7.75218e-06
1.36132e-06
6.34018e-06
1.41187e-06
4.87131e-06
1.46914e-06
3.35474e-06
1.51646e-06
1.85691e-06
1.4975e-06
6.2049e-07
1.2371e-06
6.20104e-07
2.00768e-06
-3.21285e-06
6.47932e-06
-8.93108e-06
1.03663e-05
-8.20437e-06
1.28106e-05
-5.29056e-06
1.40312e-05
-2.71217e-06
1.43703e-05
-8.03987e-07
1.41069e-05
5.1795e-07
1.3432e-05
1.38658e-06
1.24878e-05
1.92914e-06
1.13755e-05
2.26453e-06
1.01617e-05
2.46713e-06
8.8851e-06
2.59043e-06
7.56557e-06
2.68099e-06
6.21082e-06
2.76628e-06
4.82829e-06
2.85175e-06
3.43747e-06
2.90788e-06
2.08811e-06
2.84611e-06
8.82784e-07
2.44326e-06
1.50269e-06
2.47807e-06
-5.69111e-06
7.15823e-06
-1.36114e-05
1.07993e-05
-1.18455e-05
1.28499e-05
-7.34127e-06
1.37486e-05
-3.611e-06
1.38777e-05
-9.3282e-07
1.3495e-05
9.00413e-07
1.27723e-05
2.10932e-06
1.18311e-05
2.87067e-06
1.07547e-05
3.34076e-06
9.59746e-06
3.62445e-06
8.39048e-06
3.79737e-06
7.15284e-06
3.91883e-06
5.8964e-06
4.02254e-06
4.6346e-06
4.11342e-06
3.38856e-06
4.15448e-06
2.18887e-06
4.04528e-06
1.05902e-06
3.57363e-06
2.56162e-06
2.6901e-06
-8.38136e-06
7.92053e-06
-1.8842e-05
1.14863e-05
-1.54113e-05
1.31625e-05
-9.01751e-06
1.37129e-05
-4.16161e-06
1.36051e-05
-8.24832e-07
1.3083e-05
1.42247e-06
1.22932e-05
2.89906e-06
1.13348e-05
3.82929e-06
1.02746e-05
4.40091e-06
9.15543e-06
4.74368e-06
8.0023e-06
4.95047e-06
6.83197e-06
5.08934e-06
5.65695e-06
5.19751e-06
4.49121e-06
5.27898e-06
3.35165e-06
5.29449e-06
2.25005e-06
5.14654e-06
1.161e-06
4.66299e-06
3.72259e-06
3.07391e-06
-1.14554e-05
9.09157e-06
-2.48599e-05
1.25453e-05
-1.88651e-05
1.37931e-05
-1.02654e-05
1.39554e-05
-4.324e-06
1.358e-05
-4.49317e-07
1.28933e-05
2.10919e-06
1.20137e-05
3.77858e-06
1.10163e-05
4.8269e-06
9.95131e-06
5.46594e-06
8.85048e-06
5.84457e-06
7.73252e-06
6.06838e-06
6.61067e-06
6.21134e-06
5.49555e-06
6.31266e-06
4.39819e-06
6.37615e-06
3.32854e-06
6.36451e-06
2.28276e-06
6.19211e-06
1.20863e-06
5.73729e-06
4.93123e-06
4.76262e-06
-1.62181e-05
1.12302e-05
-3.13277e-05
1.41248e-05
-2.17597e-05
1.47805e-05
-1.0921e-05
1.44928e-05
-4.03638e-06
1.38145e-05
2.29023e-07
1.29369e-05
2.98693e-06
1.19443e-05
4.77124e-06
1.0886e-05
5.88533e-06
9.79513e-06
6.55684e-06
8.69231e-06
6.94747e-06
7.58945e-06
7.17121e-06
6.49525e-06
7.30564e-06
5.41674e-06
7.39125e-06
4.36004e-06
7.43269e-06
3.32737e-06
7.39746e-06
2.3037e-06
7.21568e-06
1.22667e-06
6.81436e-06
6.15793e-06
9.78161e-06
-2.59997e-05
1.49782e-05
-3.65243e-05
1.63368e-05
-2.31185e-05
1.61423e-05
-1.07265e-05
1.53293e-05
-3.22349e-06
1.43113e-05
1.24704e-06
1.32169e-05
4.08146e-06
1.20884e-05
5.89975e-06
1.09478e-05
7.02602e-06
9.81033e-06
7.69436e-06
8.68515e-06
8.07273e-06
7.57696e-06
8.27939e-06
6.48919e-06
8.39347e-06
5.42421e-06
8.45634e-06
4.38232e-06
8.47447e-06
3.35833e-06
8.42163e-06
2.33026e-06
8.24372e-06
1.23631e-06
7.90828e-06
7.39426e-06
1.87664e-05
-4.47662e-05
2.0428e-05
-3.81862e-05
1.91497e-05
-2.18403e-05
1.78357e-05
-9.41254e-06
1.64285e-05
-1.81635e-06
1.50403e-05
2.63528e-06
1.37081e-05
5.4137e-06
1.24257e-05
7.1822e-06
1.1185e-05
8.26676e-06
9.98297e-06
8.89648e-06
8.81718e-06
9.23858e-06
7.68508e-06
9.41148e-06
6.58456e-06
9.49402e-06
5.51285e-06
9.52818e-06
4.46431e-06
9.52295e-06
3.4272e-06
9.45882e-06
2.37464e-06
9.2963e-06
1.24965e-06
9.03321e-06
8.64391e-06
1.06972e-05
-4.54462e-05
2.1804e-05
-5.01633e-05
3.19338e-05
-4.86864e-05
4.14846e-05
-4.83208e-05
5.08307e-05
-4.8987e-05
6.0262e-05
-5.05211e-05
6.99968e-05
-5.29353e-05
8.01779e-05
-5.62987e-05
9.08595e-05
-6.06514e-05
0.000101979
-6.5911e-05
0.000113316
-7.17184e-05
0.000124469
-7.71436e-05
0.000134935
-8.0291e-05
0.00014447
-7.90533e-05
0.000153469
-7.15296e-05
0.000161826
-5.55907e-05
0.000164737
-2.53682e-05
0.000152185
2.23501e-05
0.000126245
7.64887e-05
9.90919e-05
0.00012105
8.49994e-05
0.000155603
0.00010287
0.000188371
0.000222543
0.000202211
1.04088e-05
-5.58549e-05
2.11007e-05
-6.08552e-05
3.10117e-05
-5.85974e-05
4.03933e-05
-5.77024e-05
4.95011e-05
-5.80948e-05
5.85598e-05
-5.95799e-05
6.77483e-05
-6.21238e-05
7.71804e-05
-6.57308e-05
8.6887e-05
-7.0358e-05
9.67958e-05
-7.58199e-05
0.000106713
-8.16355e-05
0.000116313
-8.67434e-05
0.000125166
-8.91444e-05
0.000133035
-8.69226e-05
0.000139625
-7.81195e-05
0.000144959
-6.09242e-05
0.000140988
-2.13973e-05
0.000125709
3.7629e-05
0.000108087
9.41112e-05
9.76283e-05
0.000131509
0.000101861
0.00015137
0.000128232
0.000162
0.000168538
0.000182236
9.87506e-06
-6.573e-05
1.98377e-05
-7.08179e-05
2.91811e-05
-6.79408e-05
3.80849e-05
-6.66062e-05
4.67096e-05
-6.67195e-05
5.52102e-05
-6.80805e-05
6.37162e-05
-7.06297e-05
7.2307e-05
-7.43217e-05
8.09943e-05
-7.90453e-05
8.9707e-05
-8.45326e-05
9.828e-05
-9.02085e-05
0.000106447
-9.49103e-05
0.000113923
-9.66204e-05
0.000120529
-9.35287e-05
0.000125623
-8.32133e-05
0.0001273
-6.26012e-05
0.000116667
-1.0764e-05
0.000100861
5.34343e-05
8.99726e-05
0.000105
8.74776e-05
0.000134004
9.37395e-05
0.000145108
0.000109666
0.000146073
0.00013772
0.000140485
9.20887e-06
-7.49389e-05
1.8295e-05
-7.9904e-05
2.68918e-05
-7.65376e-05
3.51373e-05
-7.48517e-05
4.31275e-05
-7.47097e-05
5.09617e-05
-7.59147e-05
5.87239e-05
-7.83919e-05
6.64614e-05
-8.20593e-05
7.41697e-05
-8.67536e-05
8.17817e-05
-9.21445e-05
8.91577e-05
-9.75846e-05
9.60841e-05
-0.000101837
0.000102441
-0.000102977
0.000108074
-9.91615e-05
0.000112507
-8.76463e-05
0.00010895
-5.90447e-05
9.43605e-05
3.82554e-06
8.03641e-05
6.74309e-05
7.39928e-05
0.000111371
7.49584e-05
0.000133038
8.13309e-05
0.000138736
9.28174e-05
0.000134587
0.000120992
0.000109545
8.48052e-06
-8.34194e-05
1.66497e-05
-8.80731e-05
2.44323e-05
-8.43202e-05
3.19352e-05
-8.23546e-05
3.92133e-05
-8.19878e-05
4.63267e-05
-8.30281e-05
5.3325e-05
-8.53902e-05
6.02302e-05
-8.89644e-05
6.70256e-05
-9.3549e-05
7.36498e-05
-9.87687e-05
7.99889e-05
-0.000103924
8.58724e-05
-0.00010772
9.12841e-05
-0.000108389
9.59719e-05
-0.000103849
0.000100307
-9.19819e-05
9.1953e-05
-5.06902e-05
7.60415e-05
1.97372e-05
6.46553e-05
7.88172e-05
6.11521e-05
0.000114875
6.35995e-05
0.000130591
6.96039e-05
0.000132732
7.7923e-05
0.000126268
0.000112123
8.6792e-05
7.72267e-06
-9.11421e-05
1.4985e-05
-9.53355e-05
2.19473e-05
-9.12825e-05
2.8685e-05
-8.90923e-05
3.52257e-05
-8.85284e-05
4.16038e-05
-8.94062e-05
4.78452e-05
-9.16316e-05
5.3954e-05
-9.50733e-05
5.99061e-05
-9.9501e-05
6.56463e-05
-0.000104509
7.10853e-05
-0.000109363
7.60922e-05
-0.000112727
8.06599e-05
-0.000112957
8.44978e-05
-0.000107687
8.82922e-05
-9.57762e-05
7.63469e-05
-3.8745e-05
6.10825e-05
3.50017e-05
5.23191e-05
8.75806e-05
5.06303e-05
0.000116564
5.3558e-05
0.000127664
5.88241e-05
0.000127466
6.50479e-05
0.000120044
0.000106275
7.08962e-05
6.95411e-06
-9.80962e-05
1.3341e-05
-0.000101722
1.9505e-05
-9.74465e-05
2.54879e-05
-9.50752e-05
3.12974e-05
-9.4338e-05
3.69511e-05
-9.50598e-05
4.2459e-05
-9.71395e-05
4.78142e-05
-0.000100428
5.29888e-05
-0.000104676
5.79339e-05
-0.000109454
6.25783e-05
-0.000114007
6.68189e-05
-0.000116968
7.0649e-05
-0.000116787
7.37499e-05
-0.000110788
7.6003e-05
-9.80293e-05
6.15128e-05
-2.42548e-05
4.82184e-05
4.82961e-05
4.19123e-05
9.38868e-05
4.15375e-05
0.000116938
4.46313e-05
0.00012457
4.92837e-05
0.000122813
5.43493e-05
0.000114978
0.000101761
5.88632e-05
6.18797e-06
-0.000104284
1.174e-05
-0.000107274
1.71388e-05
-0.000102845
2.23921e-05
-0.000100329
2.74925e-05
-9.94384e-05
3.24458e-05
-0.000100013
3.72518e-05
-0.000101946
4.18977e-05
-0.000105074
4.63558e-05
-0.000109134
5.05848e-05
-0.000113683
5.45302e-05
-0.000117953
5.8114e-05
-0.000120551
6.13202e-05
-0.000119993
6.37979e-05
-0.000113266
6.2897e-05
-9.71284e-05
4.71789e-05
-8.53655e-06
3.66092e-05
5.88658e-05
3.26389e-05
9.78572e-05
3.33562e-05
0.000116221
3.65658e-05
0.00012136
4.07832e-05
0.000118596
4.51274e-05
0.000110634
9.80335e-05
4.88548e-05
5.43533e-06
-0.000109719
1.01963e-05
-0.000112035
1.48665e-05
-0.000107516
1.94214e-05
-0.000104883
2.38414e-05
-0.000103858
2.81236e-05
-0.000104295
3.22618e-05
-0.000106084
3.62409e-05
-0.000109053
4.0037e-05
-0.00011293
4.36196e-05
-0.000117266
4.69506e-05
-0.000121284
4.99702e-05
-0.000123571
5.2629e-05
-0.000122652
5.46674e-05
-0.000115304
4.78693e-05
-9.03303e-05
3.34647e-05
5.86796e-06
2.60483e-05
6.62821e-05
2.42353e-05
9.96701e-05
2.58456e-05
0.000114611
2.91273e-05
0.000118078
3.30111e-05
0.000114712
3.68504e-05
0.000106795
9.48079e-05
4.00759e-05
4.70406e-06
-0.000114424
8.71909e-06
-0.00011605
1.26989e-05
-0.000111495
1.65892e-05
-0.000108774
2.03602e-05
-0.000107629
2.40026e-05
-0.000107938
2.75063e-05
-0.000109587
3.0857e-05
-0.000112404
3.4038e-05
-0.000116111
3.70333e-05
-0.000120261
3.98247e-05
-0.000124075
4.23655e-05
-0.000126112
4.45443e-05
-0.00012483
4.63995e-05
-0.000117159
3.24379e-05
-7.63688e-05
2.14447e-05
1.6861e-05
1.70052e-05
7.07215e-05
1.68176e-05
9.98577e-05
1.89668e-05
0.000112462
2.21961e-05
0.000114849
2.57753e-05
0.000111132
2.92351e-05
0.000103335
9.19131e-05
3.21298e-05
4.00104e-06
-0.000118425
7.3184e-06
-0.000119368
1.06463e-05
-0.000114823
1.39073e-05
-0.000112035
1.70633e-05
-0.000110785
2.00988e-05
-0.000110973
2.30011e-05
-0.00011249
2.57577e-05
-0.000115161
2.83612e-05
-0.000118714
3.08143e-05
-0.000122714
3.31274e-05
-0.000126388
3.5276e-05
-0.00012826
3.70406e-05
-0.000126595
3.88684e-05
-0.000118987
2.08761e-05
-5.83765e-05
1.28293e-05
2.49076e-05
1.01238e-05
7.34269e-05
1.05609e-05
9.94204e-05
1.27172e-05
0.000110305
1.56981e-05
0.000111868
1.8958e-05
0.000107873
2.21164e-05
0.000100176
8.92366e-05
2.47928e-05
3.33215e-06
-0.000121757
6.00057e-06
-0.000122036
8.71735e-06
-0.00011754
1.13895e-05
-0.000114707
1.397e-05
-0.000113366
1.64374e-05
-0.000113441
1.87764e-05
-0.000114829
2.09748e-05
-0.000117359
2.30317e-05
-0.000120771
2.4969e-05
-0.000124651
2.68377e-05
-0.000128257
2.86694e-05
-0.000130092
3.01444e-05
-0.00012807
3.1805e-05
-0.000120648
1.51838e-05
-4.17553e-05
7.9636e-06
3.21277e-05
5.19821e-06
7.61922e-05
5.21338e-06
9.94051e-05
6.90286e-06
0.000108616
9.48501e-06
0.000109285
1.24325e-05
0.000104925
1.53671e-05
9.72417e-05
8.66824e-05
1.79214e-05
2.62863e-06
-0.000124385
4.6971e-06
-0.000124105
6.87535e-06
-0.000119718
9.03173e-06
-0.000116863
1.11045e-05
-0.000115439
1.30666e-05
-0.000115403
1.49004e-05
-0.000116662
1.65921e-05
-0.000119051
1.81409e-05
-0.00012232
1.95771e-05
-0.000126087
2.09928e-05
-0.000129673
2.25213e-05
-0.00013162
2.38597e-05
-0.000129408
2.54652e-05
-0.000122253
1.25949e-05
-2.88851e-05
4.72538e-06
3.99971e-05
8.6369e-07
8.00538e-05
-9.20977e-09
0.000100278
1.08669e-06
0.00010752
3.30368e-06
0.000107068
6.03922e-06
0.00010219
8.86864e-06
9.44123e-05
8.41418e-05
1.14092e-05
1.669e-06
-0.000126054
3.26003e-06
-0.000125696
5.05653e-06
-0.000121515
6.82668e-06
-0.000118633
8.50493e-06
-0.000117117
1.00676e-05
-0.000116965
1.14981e-05
-0.000118093
1.27785e-05
-0.000120331
1.3899e-05
-0.000123441
1.48824e-05
-0.000127071
1.58312e-05
-0.000130621
1.69543e-05
-0.000132744
1.81953e-05
-0.000130649
2.01345e-05
-0.000124193
9.19673e-06
-1.79475e-05
4.74512e-07
4.87193e-05
-4.45136e-06
8.49796e-05
-5.98866e-06
0.000101815
-5.21635e-06
0.000106748
-3.11619e-06
0.000104968
-3.79866e-07
9.94532e-05
2.5171e-06
9.15153e-05
8.1485e-05
5.1738e-06
4.79756e-07
-0.000126534
1.78422e-06
-0.000127
3.3301e-06
-0.000123061
4.85092e-06
-0.000120154
6.28044e-06
-0.000118546
7.59995e-06
-0.000118285
8.79121e-06
-0.000119284
9.82884e-06
-0.000121369
1.06901e-05
-0.000124302
1.13837e-05
-0.000127764
1.20132e-05
-0.000131251
1.27615e-05
-0.000133492
1.35588e-05
-0.000131447
1.47663e-05
-0.0001254
3.04521e-06
-6.22637e-06
-6.59477e-06
5.83593e-05
-1.18995e-05
9.02844e-05
-1.33902e-05
0.000103306
-1.23702e-05
0.000105728
-9.96729e-06
0.000102565
-6.93048e-06
9.64164e-05
-3.75367e-06
8.83384e-05
7.85662e-05
-8.34926e-07
8.77883e-07
-0.000127412
9.98542e-07
-0.000127121
1.98989e-06
-0.000124052
3.28508e-06
-0.000121449
4.62666e-06
-0.000119888
5.92549e-06
-0.000119584
7.12211e-06
-0.000120481
8.16607e-06
-0.000122413
9.0158e-06
-0.000125152
9.65136e-06
-0.0001284
1.02538e-05
-0.000131853
1.1396e-05
-0.000134634
1.13802e-05
-0.000131431
5.67575e-06
-0.000119696
-8.97557e-06
8.42502e-06
-1.82925e-05
6.76763e-05
-2.24127e-05
9.44046e-05
-2.26407e-05
0.000103534
-2.056e-05
0.000103647
-1.73161e-05
9.93216e-05
-1.36255e-05
9.27258e-05
-9.93883e-06
8.46518e-05
7.52405e-05
-6.61306e-06
6.59489e-06
-0.000134007
8.45451e-07
-0.000121371
9.50243e-07
-0.000124157
2.08376e-06
-0.000122583
3.60131e-06
-0.000121405
5.19758e-06
-0.00012118
6.71707e-06
-0.000122
8.06972e-06
-0.000123765
9.17089e-06
-0.000126253
9.90024e-06
-0.000129129
1.00505e-05
-0.000132003
1.11231e-05
-0.000135707
1.06069e-05
-0.000130915
-1.48343e-05
-9.42544e-05
-2.93247e-05
2.29154e-05
-3.56114e-05
7.3963e-05
-3.62177e-05
9.5011e-05
-3.36941e-05
0.00010101
-2.96518e-05
9.96046e-05
-2.50229e-05
9.46926e-05
-2.03484e-05
8.80513e-05
-1.59523e-05
8.02558e-05
7.1391e-05
-1.21028e-05
2.38921e-05
-0.000157899
1.8234e-06
-9.93024e-05
-1.91854e-07
-0.000122142
8.48401e-07
-0.000123623
3.04143e-06
-0.000123599
5.45325e-06
-0.000123592
7.72762e-06
-0.000124275
9.69244e-06
-0.00012573
1.12659e-05
-0.000127826
1.22039e-05
-0.000130067
1.06386e-05
-0.000130438
1.88423e-06
-0.000126952
-1.15465e-05
-0.000117484
-4.87838e-05
-5.7017e-05
-5.74597e-05
3.15914e-05
-5.6834e-05
7.33374e-05
-5.19932e-05
9.01702e-05
-4.56606e-05
9.46779e-05
-3.90388e-05
9.29828e-05
-3.26782e-05
8.8332e-05
-2.68259e-05
8.2199e-05
-2.16153e-05
7.50452e-05
6.69662e-05
-1.71905e-05
-2.52097e-06
-0.000155378
5.16052e-06
-0.000106984
1.53349e-06
-0.000118514
2.67792e-07
-0.000122358
-1.65365e-07
-0.000123165
-3.56208e-07
-0.000123401
-8.83297e-07
-0.000123747
-2.24555e-06
-0.000124368
-5.05144e-06
-0.00012502
-1.02929e-05
-0.000124826
-1.90304e-05
-0.000121701
-3.37565e-05
-0.000112226
-6.19949e-05
-8.92453e-05
-8.8659e-05
-3.03529e-05
-8.67796e-05
2.97121e-05
-7.74155e-05
6.39733e-05
-6.68927e-05
7.96475e-05
-5.67937e-05
8.45789e-05
-4.76711e-05
8.38602e-05
-3.96399e-05
8.03009e-05
-3.26608e-05
7.52199e-05
-2.6682e-05
6.90665e-05
6.20091e-05
-2.17251e-05
-1.45929e-05
-0.000140785
-2.89941e-06
-0.000118678
-3.09609e-06
-0.000118318
-6.73473e-06
-0.000118719
-1.11244e-05
-0.000118776
-1.57887e-05
-0.000118737
-2.08347e-05
-0.000118702
-2.66567e-05
-0.000118546
-3.39184e-05
-0.000117759
-4.36185e-05
-0.000115126
-5.70849e-05
-0.000108234
-7.5887e-05
-9.34241e-05
-9.99147e-05
-6.52177e-05
-0.000109905
-2.03624e-05
-0.000103326
2.31331e-05
-9.07689e-05
5.14164e-05
-7.74153e-05
6.62939e-05
-6.51264e-05
7.229e-05
-5.44e-05
7.31337e-05
-4.52247e-05
7.11256e-05
-3.74408e-05
6.7436e-05
-3.09013e-05
6.25269e-05
5.66591e-05
-2.55513e-05
-1.00465e-05
-0.000130739
-7.686e-06
-0.000121038
-1.00066e-05
-0.000115997
-1.50606e-05
-0.000113665
-2.12938e-05
-0.000112542
-2.81831e-05
-0.000111847
-3.57247e-05
-0.00011116
-4.42259e-05
-0.000110045
-5.42304e-05
-0.000107754
-6.63915e-05
-0.000102965
-8.10436e-05
-9.35819e-05
-9.7517e-05
-7.69505e-05
-0.000112
-5.07345e-05
-0.000115791
-1.65719e-05
-0.000108484
1.58264e-05
-9.60207e-05
3.8953e-05
-8.24789e-05
5.2752e-05
-6.97867e-05
5.95977e-05
-5.86042e-05
6.19512e-05
-4.90145e-05
6.15359e-05
-4.0893e-05
5.93145e-05
-3.40978e-05
5.57316e-05
5.11178e-05
-2.85564e-05
-7.14354e-06
-0.000123595
-1.12935e-05
-0.000116888
-1.60246e-05
-0.000111266
-2.19351e-05
-0.000107754
-2.8836e-05
-0.000105641
-3.65461e-05
-0.000104137
-4.50885e-05
-0.000102618
-5.46577e-05
-0.000100476
-6.55227e-05
-9.68894e-05
-7.78095e-05
-9.06777e-05
-9.10674e-05
-8.03238e-05
-0.000103717
-6.43013e-05
-0.000112409
-4.20423e-05
-0.000113213
-1.57679e-05
-0.000106339
8.9531e-06
-9.5273e-05
2.78866e-05
-8.2943e-05
4.0422e-05
-7.10441e-05
4.76987e-05
-6.03151e-05
5.12223e-05
-5.09615e-05
5.21824e-05
-4.29559e-05
5.13089e-05
-3.62177e-05
4.89934e-05
4.55986e-05
-3.06985e-05
-8.14663e-06
-0.000115449
-1.40828e-05
-0.000110952
-1.99062e-05
-0.000105443
-2.62168e-05
-0.000101444
-3.3233e-05
-9.86251e-05
-4.10073e-05
-9.63632e-05
-4.9594e-05
-9.40309e-05
-5.90768e-05
-9.09927e-05
-6.94748e-05
-8.64913e-05
-8.05491e-05
-7.96033e-05
-9.15312e-05
-6.93417e-05
-0.000100859
-5.49731e-05
-0.000106253
-3.66487e-05
-0.000105815
-1.62061e-05
-9.99312e-05
3.06964e-06
-9.07005e-05
1.86559e-05
-8.01584e-05
2.98798e-05
-6.96703e-05
3.72106e-05
-5.99503e-05
4.15023e-05
-5.12848e-05
4.35169e-05
-4.37425e-05
4.37665e-05
-3.73187e-05
4.25695e-05
4.0286e-05
-3.20061e-05
-8.24305e-06
-0.000107206
-1.51605e-05
-0.000104035
-2.15223e-05
-9.90809e-05
-2.79866e-05
-9.49794e-05
-3.48768e-05
-9.1735e-05
-4.23454e-05
-8.88946e-05
-5.0458e-05
-8.59183e-05
-5.92169e-05
-8.22337e-05
-6.84904e-05
-7.72176e-05
-7.78884e-05
-7.02052e-05
-8.66246e-05
-6.06054e-05
-9.34694e-05
-4.81283e-05
-9.69712e-05
-3.31467e-05
-9.6178e-05
-1.69992e-05
-9.14326e-05
-1.67579e-06
-8.4039e-05
1.12623e-05
-7.53852e-05
2.1226e-05
-6.65139e-05
2.83394e-05
-5.80546e-05
3.30429e-05
-5.0325e-05
3.57872e-05
-4.34631e-05
3.69046e-05
-3.75297e-05
3.66361e-05
3.53154e-05
-3.25591e-05
-7.89577e-06
-9.93101e-05
-1.49958e-05
-9.69344e-05
-2.15265e-05
-9.25501e-05
-2.7943e-05
-8.85628e-05
-3.45583e-05
-8.51198e-05
-4.15372e-05
-8.19156e-05
-4.89356e-05
-7.85198e-05
-5.67086e-05
-7.44605e-05
-6.46662e-05
-6.926e-05
-7.24037e-05
-6.24677e-05
-7.92571e-05
-5.3752e-05
-8.43375e-05
-4.30477e-05
-8.6743e-05
-3.07412e-05
-8.59777e-05
-1.77645e-05
-8.23003e-05
-5.35329e-06
-7.65325e-05
5.49443e-06
-6.96117e-05
1.43053e-05
-6.23091e-05
2.10369e-05
-5.51475e-05
2.58812e-05
-4.84383e-05
2.9078e-05
-4.23573e-05
3.08235e-05
-3.70104e-05
3.12891e-05
3.07695e-05
-3.24645e-05
-7.37735e-06
-9.19324e-05
-1.42311e-05
-9.00806e-05
-2.06102e-05
-8.6171e-05
-2.67927e-05
-8.23804e-05
-3.30178e-05
-7.88947e-05
-3.94182e-05
-7.55152e-05
-4.60283e-05
-7.19096e-05
-5.27803e-05
-6.77085e-05
-5.948e-05
-6.25603e-05
-6.57749e-05
-5.61727e-05
-7.11529e-05
-4.83739e-05
-7.50002e-05
-3.92003e-05
-7.6758e-05
-2.89834e-05
-7.61596e-05
-1.8363e-05
-7.33858e-05
-8.12714e-06
-6.89608e-05
1.06947e-06
-6.35135e-05
8.85802e-06
-5.76044e-05
1.51276e-05
-5.16513e-05
1.9928e-05
-4.59377e-05
2.33643e-05
-4.0651e-05
2.55369e-05
-3.59218e-05
2.65599e-05
2.66852e-05
-3.18376e-05
-6.75226e-06
-8.51801e-05
-1.31734e-05
-8.36597e-05
-1.92154e-05
-8.0129e-05
-2.50387e-05
-7.65571e-05
-3.08022e-05
-7.31312e-05
-3.65967e-05
-6.97206e-05
-4.24352e-05
-6.6071e-05
-4.8243e-05
-6.19006e-05
-5.38469e-05
-5.69564e-05
-5.89655e-05
-5.1054e-05
-6.32238e-05
-4.41154e-05
-6.62081e-05
-3.62161e-05
-6.7571e-05
-2.76205e-05
-6.71645e-05
-1.87696e-05
-6.51119e-05
-1.01797e-05
-6.17496e-05
-2.29279e-06
-5.74998e-05
4.60819e-06
-5.27652e-05
1.03929e-05
-4.78729e-05
1.50357e-05
-4.30686e-05
1.85599e-05
-3.85342e-05
2.10026e-05
-3.44085e-05
2.24342e-05
2.3065e-05
-3.07884e-05
-6.10555e-06
-7.90747e-05
-1.20118e-05
-7.77534e-05
-1.76166e-05
-7.45243e-05
-2.30071e-05
-7.11665e-05
-2.82753e-05
-6.78629e-05
-3.3475e-05
-6.45208e-05
-3.86015e-05
-6.09445e-05
-4.35828e-05
-5.69194e-05
-4.82748e-05
-5.22643e-05
-5.24634e-05
-4.68652e-05
-5.58824e-05
-4.06965e-05
-5.82559e-05
-3.38426e-05
-5.93672e-05
-2.65093e-05
-5.9132e-05
-1.90048e-05
-5.76337e-05
-1.1678e-05
-5.50906e-05
-4.83591e-06
-5.17871e-05
1.30463e-06
-4.80114e-05
6.61708e-06
-4.40163e-05
1.10406e-05
-4.00085e-05
1.45521e-05
-3.61549e-05
1.7149e-05
-3.2591e-05
1.88702e-05
1.9889e-05
-2.9415e-05
-5.47581e-06
-7.3599e-05
-1.08417e-05
-7.23876e-05
-1.59686e-05
-6.93974e-05
-2.08928e-05
-6.62422e-05
-2.56604e-05
-6.30953e-05
-3.02967e-05
-5.98845e-05
-3.47854e-05
-5.64557e-05
-3.90616e-05
-5.26431e-05
-4.30102e-05
-4.83157e-05
-4.64725e-05
-4.34029e-05
-4.92621e-05
-3.79069e-05
-5.11962e-05
-3.19085e-05
-5.21383e-05
-2.55672e-05
-5.20398e-05
-1.91033e-05
-5.09575e-05
-1.27602e-05
-4.90356e-05
-6.75789e-06
-4.64673e-05
-1.26378e-06
-4.34591e-05
3.60889e-06
-4.02056e-05
7.7871e-06
-3.68775e-05
1.1224e-05
-3.3622e-05
1.38935e-05
-3.05647e-05
1.5813e-05
1.7124e-05
-2.77998e-05
-4.87978e-06
-6.87192e-05
-9.71083e-06
-6.75566e-05
-1.43534e-05
-6.47548e-05
-1.88057e-05
-6.17898e-05
-2.30856e-05
-5.88154e-05
-2.7199e-05
-5.57711e-05
-3.11239e-05
-5.25307e-05
-3.48038e-05
-4.89631e-05
-3.81489e-05
-4.49706e-05
-4.10426e-05
-4.05093e-05
-4.33552e-05
-3.55943e-05
-4.49653e-05
-3.02985e-05
-4.57861e-05
-2.47463e-05
-4.57894e-05
-1.91e-05
-4.50149e-05
-1.35349e-05
-4.35597e-05
-8.21311e-06
-4.15577e-05
-3.26589e-06
-3.91579e-05
1.20909e-06
-3.65095e-05
5.1387e-06
-3.37519e-05
8.46637e-06
-3.10121e-05
1.11537e-05
-2.84026e-05
1.32035e-05
1.47313e-05
-2.601e-05
-4.33019e-06
-6.4389e-05
-8.64953e-06
-6.32371e-05
-1.2817e-05
-6.05872e-05
-1.68074e-05
-5.77993e-05
-2.06219e-05
-5.50009e-05
-2.42548e-05
-5.21381e-05
-2.7682e-05
-4.91035e-05
-3.08559e-05
-4.57892e-05
-3.37067e-05
-4.21197e-05
-3.61492e-05
-3.80669e-05
-3.80928e-05
-3.36508e-05
-3.94559e-05
-2.89353e-05
-4.01831e-05
-2.40191e-05
-4.02581e-05
-1.9025e-05
-3.97092e-05
-1.40838e-05
-3.86042e-05
-9.31822e-06
-3.70374e-05
-4.83263e-06
-3.51179e-05
-7.10397e-07
-3.29602e-05
2.98096e-06
-3.06774e-05
6.18356e-06
-2.83773e-05
8.85358e-06
-2.61584e-05
1.09846e-05
1.26711e-05
-2.40981e-05
-3.83868e-06
-6.05503e-05
-7.67665e-06
-5.9399e-05
-1.13847e-05
-5.68792e-05
-1.49306e-05
-5.42534e-05
-1.83056e-05
-5.16259e-05
-2.14979e-05
-4.89458e-05
-2.44835e-05
-4.61179e-05
-2.72226e-05
-4.30501e-05
-2.96616e-05
-3.96809e-05
-3.17376e-05
-3.59909e-05
-3.33869e-05
-3.20016e-05
-3.45543e-05
-2.77679e-05
-3.52036e-05
-2.33699e-05
-3.53257e-05
-1.8903e-05
-3.49417e-05
-1.44678e-05
-3.40998e-05
-1.01601e-05
-3.28684e-05
-6.06395e-06
-3.13285e-05
-2.25028e-06
-2.95683e-05
1.22064e-06
-2.7679e-05
4.29431e-06
-2.57514e-05
6.92594e-06
-2.38705e-05
9.10366e-06
1.09049e-05
-2.21042e-05
-3.40079e-06
-5.71494e-05
-6.78988e-06
-5.601e-05
-1.00609e-05
-5.36081e-05
-1.31855e-05
-5.11289e-05
-1.61491e-05
-4.86622e-05
-1.89371e-05
-4.61578e-05
-2.15271e-05
-4.35279e-05
-2.38868e-05
-4.06905e-05
-2.59748e-05
-3.75929e-05
-2.77448e-05
-3.42209e-05
-2.91515e-05
-3.05949e-05
-3.01569e-05
-2.67625e-05
-3.07371e-05
-2.27897e-05
-3.08871e-05
-1.87529e-05
-3.0623e-05
-1.47318e-05
-2.998e-05
-1.0803e-05
-2.90086e-05
-7.03532e-06
-2.77699e-05
-3.48906e-06
-2.63318e-05
-2.17462e-07
-2.47682e-05
2.73071e-06
-2.31551e-05
5.31281e-06
-2.15652e-05
7.51389e-06
9.39743e-06
-2.00577e-05
-2.99391e-06
-5.41556e-05
-5.96866e-06
-5.30353e-05
-8.83495e-06
-5.07419e-05
-1.15674e-05
-4.83965e-05
-1.4149e-05
-4.60805e-05
-1.65652e-05
-4.37417e-05
-1.87973e-05
-4.12959e-05
-2.082e-05
-3.86678e-05
-2.26021e-05
-3.58108e-05
-2.41095e-05
-3.27134e-05
-2.53095e-05
-2.93949e-05
-2.61755e-05
-2.58966e-05
-2.66913e-05
-2.22739e-05
-2.68544e-05
-1.85898e-05
-2.66771e-05
-1.49091e-05
-2.61854e-05
-1.12946e-05
-2.54169e-05
-7.80377e-06
-2.44181e-05
-4.48792e-06
-2.3242e-05
-1.39361e-06
-2.19478e-05
1.4366e-06
-2.05996e-05
3.96468e-06
-1.926e-05
6.17429e-06
8.11702e-06
-1.79795e-05
-2.59712e-06
-5.15585e-05
-5.19439e-06
-5.04381e-05
-7.69466e-06
-4.82416e-05
-1.0067e-05
-4.60241e-05
-1.22947e-05
-4.38528e-05
-1.43668e-05
-4.16696e-05
-1.62709e-05
-3.93919e-05
-1.79892e-05
-3.69495e-05
-1.94989e-05
-3.4301e-05
-2.07751e-05
-3.14373e-05
-2.17938e-05
-2.83763e-05
-2.25358e-05
-2.51547e-05
-2.29899e-05
-2.18198e-05
-2.31547e-05
-1.84249e-05
-2.30396e-05
-1.50242e-05
-2.26638e-05
-1.16704e-05
-2.20553e-05
-8.41231e-06
-2.12491e-05
-5.29413e-06
-2.02866e-05
-2.35607e-06
-1.92155e-05
3.65504e-07
-1.80901e-05
2.83939e-06
-1.69652e-05
5.0494e-06
7.03614e-06
-1.58843e-05
-2.20569e-06
-4.93529e-05
-4.46539e-06
-4.81784e-05
-6.63709e-06
-4.60699e-05
-8.67652e-06
-4.39847e-05
-1.05718e-05
-4.19575e-05
-1.23209e-05
-3.99204e-05
-1.39198e-05
-3.77928e-05
-1.53586e-05
-3.55107e-05
-1.66213e-05
-3.30382e-05
-1.76895e-05
-3.03692e-05
-1.85451e-05
-2.75208e-05
-1.91741e-05
-2.45258e-05
-1.9568e-05
-2.14259e-05
-1.9726e-05
-1.82668e-05
-1.96551e-05
-1.50952e-05
-1.93691e-05
-1.19564e-05
-1.88886e-05
-8.8929e-06
-1.82391e-05
-5.94355e-06
-1.74522e-05
-3.14298e-06
-1.6566e-05
-5.20714e-07
-1.56276e-05
1.90107e-06
-1.46871e-05
4.10886e-06
6.13147e-06
-1.37825e-05
-1.80726e-06
-4.75456e-05
-3.78587e-06
-4.61997e-05
-5.66168e-06
-4.4194e-05
-7.38413e-06
-4.22622e-05
-8.95889e-06
-4.03827e-05
-1.03988e-05
-3.84805e-05
-1.17098e-05
-3.64817e-05
-1.28885e-05
-3.4332e-05
-1.39241e-05
-3.20027e-05
-1.48022e-05
-2.94912e-05
-1.55087e-05
-2.68142e-05
-1.60327e-05
-2.40018e-05
-1.63676e-05
-2.10909e-05
-1.65128e-05
-1.81216e-05
-1.64731e-05
-1.51349e-05
-1.62586e-05
-1.2171e-05
-1.58833e-05
-9.26814e-06
-1.5365e-05
-6.46182e-06
-1.47254e-05
-3.78257e-06
-1.39939e-05
-1.2523e-06
-1.32125e-05
1.11964e-06
-1.24308e-05
3.32708e-06
5.38428e-06
-1.16836e-05
-1.37663e-06
-4.61689e-05
-3.1537e-06
-4.44226e-05
-4.75616e-06
-4.25915e-05
-6.16258e-06
-4.08557e-05
-7.41936e-06
-3.91259e-05
-8.5596e-06
-3.73402e-05
-9.59759e-06
-3.54437e-05
-1.05335e-05
-3.33961e-05
-1.13588e-05
-3.11775e-05
-1.20616e-05
-2.87884e-05
-1.26302e-05
-2.62456e-05
-1.30556e-05
-2.35764e-05
-1.33328e-05
-2.08139e-05
-1.34609e-05
-1.79936e-05
-1.34438e-05
-1.51521e-05
-1.32886e-05
-1.23262e-05
-1.30049e-05
-9.55188e-06
-1.26029e-05
-6.86381e-06
-1.20941e-05
-4.29133e-06
-1.14971e-05
-1.84933e-06
-1.08492e-05
4.71657e-07
-1.02059e-05
2.68373e-06
4.7812e-06
-9.60286e-06
-1.05534e-06
-4.51136e-05
-2.6107e-06
-4.28672e-05
-3.90749e-06
-4.12947e-05
-4.96925e-06
-3.9794e-05
-5.90128e-06
-3.81939e-05
-6.75095e-06
-3.64906e-05
-7.53182e-06
-3.46629e-05
-8.24204e-06
-3.2686e-05
-8.87274e-06
-3.05468e-05
-9.41296e-06
-2.82481e-05
-9.85269e-06
-2.58058e-05
-1.01846e-05
-2.32446e-05
-1.04048e-05
-2.05938e-05
-1.05131e-05
-1.78853e-05
-1.05129e-05
-1.51524e-05
-1.04101e-05
-1.24289e-05
-1.0212e-05
-9.74993e-06
-9.92377e-06
-7.15206e-06
-9.54637e-06
-4.66875e-06
-9.08159e-06
-2.31416e-06
-8.55537e-06
-5.4623e-08
-8.03674e-06
2.16509e-06
4.31677e-06
-7.57227e-06
-1.29419e-06
-4.38194e-05
-2.32823e-06
-4.18332e-05
-3.12352e-06
-4.04994e-05
-3.75554e-06
-3.9162e-05
-4.34821e-06
-3.76013e-05
-4.91871e-06
-3.59201e-05
-5.45971e-06
-3.4122e-05
-5.96032e-06
-3.21853e-05
-6.4093e-06
-3.00977e-05
-6.79641e-06
-2.78609e-05
-7.11343e-06
-2.54888e-05
-7.35483e-06
-2.30033e-05
-7.51805e-06
-2.04307e-05
-7.60366e-06
-1.77998e-05
-7.61552e-06
-1.51406e-05
-7.56049e-06
-1.24839e-05
-7.44722e-06
-9.86314e-06
-7.28201e-06
-7.31725e-06
-7.06024e-06
-4.89055e-06
-6.76003e-06
-2.61442e-06
-6.36888e-06
-4.45773e-07
-5.97425e-06
1.7705e-06
4.00339e-06
-5.66077e-06
-2.55218e-06
-4.12672e-05
-2.44644e-06
-4.1939e-05
-2.29836e-06
-4.06476e-05
-2.43288e-06
-3.90275e-05
-2.70121e-06
-3.7333e-05
-3.01254e-06
-3.56089e-05
-3.32845e-06
-3.3806e-05
-3.62908e-06
-3.18847e-05
-3.90211e-06
-2.98246e-05
-4.13921e-06
-2.76238e-05
-4.33467e-06
-2.52934e-05
-4.48499e-06
-2.28531e-05
-4.58888e-06
-2.03269e-05
-4.64753e-06
-1.77412e-05
-4.66519e-06
-1.51229e-05
-4.6501e-06
-1.24989e-05
-4.61554e-06
-9.89768e-06
-4.57938e-06
-7.35342e-06
-4.5528e-06
-4.91715e-06
-4.51448e-06
-2.65275e-06
-4.35662e-06
-6.03607e-07
-4.12427e-06
1.53824e-06
3.88996e-06
-4.01073e-06
-4.89581e-06
-1.67976e-06
-9.71272e-07
-8.70059e-07
-9.13121e-07
-1.0022e-06
-1.10406e-06
-1.20426e-06
-1.29622e-06
-1.37649e-06
-1.44299e-06
-1.49459e-06
-1.53103e-06
-1.55318e-06
-1.56376e-06
-1.56891e-06
-1.58126e-06
-1.62357e-06
-1.73665e-06
-2.00184e-06
-2.43498e-06
-2.83141e-06
-2.96368e-06
0.000130259
7.19517e-05
9.33467e-05
3.69124e-05
8.08024e-05
1.25443e-05
-1.91248e-06
8.27149e-05
0.000189045
6.51428e-05
0.000181723
4.42348e-05
0.000168616
2.56506e-05
1.31931e-05
0.000153511
0.000152811
5.28166e-05
0.000155092
4.19532e-05
0.000148845
3.1898e-05
2.43519e-05
0.000137686
0.000114849
4.75123e-05
0.000116337
4.04654e-05
0.000114123
3.41123e-05
2.91112e-05
0.000109364
8.94882e-05
4.4816e-05
9.06312e-05
3.93223e-05
9.01444e-05
3.45991e-05
3.10021e-05
8.82535e-05
7.27717e-05
4.29407e-05
7.37564e-05
3.83377e-05
7.37982e-05
3.45574e-05
3.18233e-05
7.2977e-05
6.02993e-05
4.15044e-05
6.11333e-05
3.75036e-05
6.1351e-05
3.43396e-05
3.21738e-05
6.10005e-05
5.00436e-05
4.03156e-05
5.07863e-05
3.67608e-05
5.10869e-05
3.4039e-05
3.22754e-05
5.09852e-05
4.11227e-05
3.92687e-05
4.18163e-05
3.60673e-05
4.21708e-05
3.36845e-05
3.222e-05
4.22263e-05
3.30936e-05
3.83048e-05
3.37682e-05
3.53926e-05
3.41734e-05
3.32792e-05
3.20444e-05
3.43489e-05
2.57149e-05
3.73827e-05
2.63964e-05
3.47111e-05
2.68595e-05
3.2816e-05
3.1761e-05
2.71429e-05
1.88382e-05
3.64659e-05
1.95523e-05
3.3997e-05
2.00864e-05
3.22818e-05
3.13695e-05
2.04778e-05
1.23589e-05
3.55161e-05
1.31342e-05
3.32217e-05
1.37576e-05
3.16584e-05
3.08619e-05
1.42652e-05
6.20037e-06
3.44895e-05
7.07009e-06
3.23519e-05
7.80614e-06
3.09223e-05
3.02238e-05
8.44418e-06
3.18068e-07
3.33365e-05
1.32002e-06
3.135e-05
2.19589e-06
3.00464e-05
2.94376e-05
2.98217e-06
-5.28747e-06
3.2011e-05
-4.11842e-06
3.01809e-05
-3.07746e-06
2.90055e-05
2.84861e-05
-2.12601e-06
-1.05692e-05
3.04774e-05
-9.20848e-06
2.88201e-05
-7.98609e-06
2.7783e-05
2.73598e-05
-6.8598e-06
-1.54365e-05
2.87234e-05
-1.38781e-05
2.72616e-05
-1.24734e-05
2.63784e-05
2.60616e-05
-1.11753e-05
-1.97684e-05
2.67667e-05
-1.80294e-05
2.55226e-05
-1.64596e-05
2.48085e-05
2.46089e-05
-1.50068e-05
-2.34412e-05
2.46565e-05
-2.1563e-05
2.36444e-05
-1.98637e-05
2.31093e-05
2.30338e-05
-1.82886e-05
-2.63634e-05
2.24635e-05
-2.44047e-05
2.16858e-05
-2.26258e-05
2.13304e-05
2.13799e-05
-2.09719e-05
-2.84991e-05
2.02642e-05
-2.65241e-05
1.97108e-05
-2.47204e-05
1.95267e-05
1.9695e-05
-2.30355e-05
-2.98692e-05
1.81273e-05
-2.79368e-05
1.77783e-05
-2.61596e-05
1.77496e-05
1.8025e-05
-2.44896e-05
-3.05377e-05
1.61058e-05
-2.86949e-05
1.59356e-05
-2.69868e-05
1.60414e-05
1.64086e-05
-2.53704e-05
-3.05938e-05
1.42351e-05
-2.88737e-05
1.42154e-05
-2.72657e-05
1.44334e-05
1.48753e-05
-2.57325e-05
-3.01366e-05
1.25341e-05
-2.85587e-05
1.26375e-05
-2.70707e-05
1.29454e-05
1.34455e-05
-2.56409e-05
-2.92631e-05
1.10087e-05
-2.78357e-05
1.12101e-05
-2.64781e-05
1.15878e-05
1.21309e-05
-2.51635e-05
-2.80621e-05
9.65581e-06
-2.67853e-05
9.93328e-06
-2.55609e-05
1.03634e-05
1.09363e-05
-2.43663e-05
-2.66101e-05
8.46611e-06
-2.54784e-05
8.80153e-06
-2.43846e-05
9.26963e-06
9.86166e-06
-2.33099e-05
-2.4971e-05
7.42716e-06
-2.39753e-05
7.80584e-06
-2.30061e-05
8.30045e-06
8.90314e-06
-2.20476e-05
-2.31961e-05
6.52516e-06
-2.23258e-05
6.93552e-06
-2.14731e-05
7.44779e-06
8.05484e-06
-2.06248e-05
-2.13253e-05
5.74626e-06
-2.05692e-05
6.17942e-06
-1.98241e-05
6.70275e-06
7.30969e-06
-1.90789e-05
-1.93888e-05
5.0774e-06
-1.8736e-05
5.52672e-06
-1.80897e-05
6.05637e-06
6.66025e-06
-1.74402e-05
-1.74088e-05
4.5067e-06
-1.68495e-05
4.96738e-06
-1.62932e-05
5.50014e-06
6.09923e-06
-1.57322e-05
-1.54014e-05
4.02374e-06
-1.49265e-05
4.49249e-06
-1.44528e-05
5.02636e-06
5.61992e-06
-1.39735e-05
-1.33786e-05
3.61976e-06
-1.29807e-05
4.09452e-06
-1.25828e-05
4.62846e-06
5.21647e-06
-1.21794e-05
-1.13518e-05
3.28785e-06
-1.10249e-05
3.76759e-06
-1.06977e-05
4.30128e-06
4.88426e-06
-1.03655e-05
-9.33828e-06
3.02328e-06
-9.07842e-06
3.50773e-06
-8.81852e-06
4.04138e-06
4.62017e-06
-8.55444e-06
-7.37329e-06
2.82436e-06
-7.17901e-06
3.31349e-06
-6.9849e-06
3.8473e-06
4.42255e-06
-6.78726e-06
-5.53111e-06
2.6948e-06
-5.40381e-06
3.18624e-06
-5.27545e-06
3.71898e-06
4.29044e-06
-5.14332e-06
-3.96204e-06
2.64619e-06
-3.90526e-06
3.12951e-06
-3.84359e-06
3.65735e-06
4.22392e-06
-3.77705e-06
-2.97323e-06
-2.96658e-06
-2.95253e-06
-2.9329e-06
7.20529e-05
-3.41042e-05
6.1035e-05
-2.71684e-05
5.127e-05
-1.20752e-05
4.42362e-05
-2.37864e-06
3.90732e-05
3.34658e-06
3.48413e-05
6.86721e-06
3.11881e-05
9.06708e-06
2.79249e-05
1.04455e-05
2.49299e-05
1.12618e-05
2.2131e-05
1.16955e-05
1.94843e-05
1.18854e-05
1.69607e-05
1.1935e-05
1.45385e-05
1.19163e-05
1.21952e-05
1.18716e-05
9.90056e-06
1.18177e-05
7.60718e-06
1.17523e-05
5.23665e-06
1.16668e-05
2.69936e-06
1.15704e-05
1.13433e-05
0.00011123
8.17676e-06
8.13235e-05
2.73782e-06
6.30714e-05
6.17686e-06
5.15609e-05
9.13182e-06
4.37476e-05
1.11599e-05
3.79633e-05
1.26515e-05
3.33423e-05
1.36882e-05
2.94496e-05
1.43383e-05
2.60395e-05
1.4672e-05
2.29657e-05
1.47693e-05
2.01379e-05
1.47132e-05
1.74962e-05
1.45768e-05
1.49952e-05
1.44174e-05
1.25922e-05
1.42749e-05
1.02367e-05
1.41731e-05
7.86504e-06
1.4124e-05
5.39849e-06
1.41334e-05
2.76808e-06
1.42008e-05
1.41113e-05
0.00010737
3.84931e-05
8.31838e-05
2.69237e-05
6.64586e-05
2.2902e-05
5.47226e-05
2.08679e-05
4.61756e-05
1.9707e-05
3.96827e-05
1.91444e-05
3.45176e-05
1.88534e-05
3.02361e-05
1.862e-05
2.65602e-05
1.83479e-05
2.33119e-05
1.80175e-05
2.03745e-05
1.76507e-05
1.76669e-05
1.72844e-05
1.51266e-05
1.69577e-05
1.26958e-05
1.67058e-05
1.03126e-05
1.65564e-05
7.90742e-06
1.65291e-05
5.40763e-06
1.66332e-05
2.75991e-06
1.68484e-05
1.68713e-05
9.34087e-05
5.44482e-05
7.76122e-05
4.27203e-05
6.47105e-05
3.58038e-05
5.45045e-05
3.10739e-05
4.64187e-05
2.77928e-05
3.99533e-05
2.56099e-05
3.4684e-05
2.41229e-05
3.02837e-05
2.30203e-05
2.6514e-05
2.21176e-05
2.32045e-05
2.1327e-05
2.02345e-05
2.06208e-05
1.75151e-05
2.00039e-05
1.49751e-05
1.94978e-05
1.25494e-05
1.91315e-05
1.0172e-05
1.89338e-05
7.77484e-06
1.89262e-05
5.29437e-06
1.91136e-05
2.68972e-06
1.94531e-05
1.9561e-05
7.98825e-05
6.28193e-05
6.98573e-05
5.27454e-05
6.03968e-05
4.52643e-05
5.20795e-05
3.93912e-05
4.49721e-05
3.49002e-05
3.89854e-05
3.15966e-05
3.39449e-05
2.91634e-05
2.96587e-05
2.73066e-05
2.5955e-05
2.58213e-05
2.26944e-05
2.45875e-05
1.97686e-05
2.35466e-05
1.70924e-05
2.26802e-05
1.45944e-05
2.19958e-05
1.22094e-05
2.15166e-05
9.87312e-06
2.127e-05
7.52308e-06
2.12762e-05
5.10464e-06
2.1532e-05
2.58475e-06
2.1973e-05
2.21458e-05
6.82984e-05
6.7498e-05
6.17885e-05
5.92552e-05
5.4913e-05
5.21397e-05
4.83323e-05
4.5972e-05
4.23436e-05
4.08889e-05
3.70586e-05
3.68818e-05
3.24587e-05
3.37634e-05
2.84577e-05
3.13075e-05
2.49498e-05
2.93292e-05
2.18338e-05
2.77035e-05
1.90226e-05
2.63578e-05
1.64425e-05
2.52603e-05
1.40287e-05
2.44096e-05
1.17209e-05
2.38244e-05
9.4603e-06
2.35306e-05
7.19168e-06
2.35448e-05
4.86792e-06
2.38558e-05
2.46018e-06
2.43808e-05
2.4606e-05
5.82733e-05
7.02252e-05
5.39534e-05
6.35751e-05
4.89614e-05
5.71317e-05
4.38489e-05
5.10845e-05
3.89494e-05
4.57885e-05
3.44458e-05
4.13855e-05
3.03993e-05
3.78099e-05
2.67934e-05
3.49134e-05
2.35745e-05
3.25481e-05
2.06779e-05
3.06001e-05
1.80404e-05
2.89954e-05
1.56035e-05
2.76973e-05
1.33128e-05
2.67003e-05
1.11159e-05
2.60213e-05
8.962e-06
2.56845e-05
6.8031e-06
2.57037e-05
4.59841e-06
2.60605e-05
2.32173e-06
2.66575e-05
2.69277e-05
4.93908e-05
7.18195e-05
4.65063e-05
6.64595e-05
4.29085e-05
6.07295e-05
3.90104e-05
5.49826e-05
3.51055e-05
4.96935e-05
3.13817e-05
4.51092e-05
2.79318e-05
4.12599e-05
2.47794e-05
3.80658e-05
2.19083e-05
3.54192e-05
1.92839e-05
3.32245e-05
1.68652e-05
3.14142e-05
1.46096e-05
2.99529e-05
1.24747e-05
2.88352e-05
1.04179e-05
2.80782e-05
8.39639e-06
2.77059e-05
6.36974e-06
2.77303e-05
4.30272e-06
2.81275e-05
2.17155e-06
2.87887e-05
2.90993e-05
4.13654e-05
7.26803e-05
3.94875e-05
6.83374e-05
3.69563e-05
6.32607e-05
3.40637e-05
5.78752e-05
3.10409e-05
5.27164e-05
2.80532e-05
4.80969e-05
2.51984e-05
4.41146e-05
2.25205e-05
4.07438e-05
2.00276e-05
3.79121e-05
1.77078e-05
3.55443e-05
1.55387e-05
3.35833e-05
1.34928e-05
3.19989e-05
1.15393e-05
3.07888e-05
9.64526e-06
2.99722e-05
7.77656e-06
2.95746e-05
5.8997e-06
2.96072e-05
3.98482e-06
3.00424e-05
2.01094e-06
3.07626e-05
3.11102e-05
3.40225e-05
7.30067e-05
3.29029e-05
6.9457e-05
3.12185e-05
6.49451e-05
2.91655e-05
5.99282e-05
2.69148e-05
5.4967e-05
2.46009e-05
5.04109e-05
2.23142e-05
4.64012e-05
2.01067e-05
4.29514e-05
1.80011e-05
4.00177e-05
1.60017e-05
3.75439e-05
1.41006e-05
3.54845e-05
1.2283e-05
3.38165e-05
1.05289e-05
3.2543e-05
8.81452e-06
3.16867e-05
7.11371e-06
3.12754e-05
5.39982e-06
3.1321e-05
3.64824e-06
3.1794e-05
1.84127e-06
3.25695e-05
3.29515e-05
2.72514e-05
7.28982e-05
2.67423e-05
6.99661e-05
2.57539e-05
6.59335e-05
2.44109e-05
6.12712e-05
2.28336e-05
5.65442e-05
2.11264e-05
5.2118e-05
1.93683e-05
4.81594e-05
1.76121e-05
4.47077e-05
1.58887e-05
4.17412e-05
1.42127e-05
3.92199e-05
1.25877e-05
3.71096e-05
1.10087e-05
3.53956e-05
9.46507e-06
3.40866e-05
7.9413e-06
3.32104e-05
6.41871e-06
3.2798e-05
4.87706e-06
3.28627e-05
3.29695e-06
3.33741e-05
1.66429e-06
3.42022e-05
3.46158e-05
2.0974e-05
7.24019e-05
2.09855e-05
6.99546e-05
2.05882e-05
6.63308e-05
1.98547e-05
6.20047e-05
1.88661e-05
5.75327e-05
1.77016e-05
5.32825e-05
1.64282e-05
4.94328e-05
1.50962e-05
4.60397e-05
1.37405e-05
4.30971e-05
1.23824e-05
4.0578e-05
1.10332e-05
3.84589e-05
9.69609e-06
3.67327e-05
8.36801e-06
3.54147e-05
7.04079e-06
3.45376e-05
5.70245e-06
3.41363e-05
4.33876e-06
3.42263e-05
2.93539e-06
3.47775e-05
1.4821e-06
3.56555e-05
3.60979e-05
1.51318e-05
7.15353e-05
1.56091e-05
6.94773e-05
1.5729e-05
6.62109e-05
1.55273e-05
6.22063e-05
1.50568e-05
5.80032e-05
1.43771e-05
5.39622e-05
1.35446e-05
5.02654e-05
1.26063e-05
4.6978e-05
1.15983e-05
4.41051e-05
1.05462e-05
4.16302e-05
9.46672e-06
3.95384e-05
8.36919e-06
3.78302e-05
7.25681e-06
3.65271e-05
6.12768e-06
3.56667e-05
4.97582e-06
3.52882e-05
3.79254e-06
3.54096e-05
2.56839e-06
3.60016e-05
1.29705e-06
3.69268e-05
3.73949e-05
9.6829e-06
7.02966e-05
1.0593e-05
6.85672e-05
1.1177e-05
6.56268e-05
1.14468e-05
6.19364e-05
1.14356e-05
5.80144e-05
1.11894e-05
5.42084e-05
1.07563e-05
5.06985e-05
1.01801e-05
4.75542e-05
9.49686e-06
4.47883e-05
8.73475e-06
4.23923e-05
7.91436e-06
4.03587e-05
7.04969e-06
3.86948e-05
6.14905e-06
3.74277e-05
5.21583e-06
3.65999e-05
4.24935e-06
3.62546e-05
3.24599e-06
3.64129e-05
2.20088e-06
3.70467e-05
1.11158e-06
3.80161e-05
3.85064e-05
4.60364e-06
6.86751e-05
5.92536e-06
6.72455e-05
6.93349e-06
6.46186e-05
7.62593e-06
6.12439e-05
8.02442e-06
5.76158e-05
8.1661e-06
5.40667e-05
8.09351e-06
5.0771e-05
7.84767e-06
4.78001e-05
7.46453e-06
4.51714e-05
6.97374e-06
4.2883e-05
6.39865e-06
4.09338e-05
5.75682e-06
3.93366e-05
5.06067e-06
3.81237e-05
4.31809e-06
3.73425e-05
3.53301e-06
3.70397e-05
2.70641e-06
3.72395e-05
1.8377e-06
3.79154e-05
9.28111e-07
3.89257e-05
3.94345e-05
-1.12158e-07
6.66612e-05
1.60459e-06
6.55286e-05
3.003e-06
6.32201e-05
4.07629e-06
6.01705e-05
4.84084e-06
5.68512e-05
5.32903e-06
5.35785e-05
5.58013e-06
5.05199e-05
5.63349e-06
4.77467e-05
5.52485e-06
4.528e-05
5.28488e-06
4.31229e-05
4.93894e-06
4.12796e-05
4.50734e-06
3.97681e-05
4.00583e-06
3.86252e-05
3.44604e-06
3.79022e-05
2.83597e-06
3.76497e-05
2.18064e-06
3.78948e-05
1.4834e-06
3.86126e-05
7.48944e-07
3.966e-05
4.01834e-05
-4.45323e-06
6.42546e-05
-2.36251e-06
6.34378e-05
-6.06167e-07
6.14637e-05
8.09666e-07
5.87546e-05
1.90004e-06
5.57608e-05
2.696e-06
5.27825e-05
3.23558e-06
4.99803e-05
3.55735e-06
4.74248e-05
3.69706e-06
4.51402e-05
3.68618e-06
4.31337e-05
3.55156e-06
4.14142e-05
3.31564e-06
4.0004e-05
2.99685e-06
3.89439e-05
2.60996e-06
3.82891e-05
2.16642e-06
3.80932e-05
1.67485e-06
3.83864e-05
1.14213e-06
3.91453e-05
5.76165e-07
4.0226e-05
4.07596e-05
-8.39399e-06
6.14732e-05
-5.9583e-06
6.1002e-05
-3.88021e-06
5.93855e-05
-2.16165e-06
5.7036e-05
-7.84979e-07
5.43841e-05
2.81493e-07
5.1716e-05
1.07535e-06
4.91863e-05
1.63508e-06
4.6865e-05
1.99671e-06
4.47785e-05
2.19238e-06
4.29379e-05
2.25006e-06
4.13564e-05
2.19382e-06
4.00601e-05
2.04425e-06
3.90935e-05
1.81869e-06
3.85146e-05
1.53153e-06
3.83804e-05
1.19451e-06
3.87234e-05
8.17599e-07
3.95222e-05
4.11582e-07
4.0632e-05
4.11712e-05
-1.18942e-05
5.83605e-05
-9.15775e-06
5.82656e-05
-6.80215e-06
5.70299e-05
-4.82366e-06
5.50575e-05
-3.20139e-06
5.27618e-05
-1.90249e-06
5.0417e-05
-8.8868e-07
4.81725e-05
-1.21292e-07
4.60975e-05
4.3584e-07
4.42213e-05
8.15092e-07
4.25586e-05
1.04527e-06
4.11262e-05
1.15173e-06
3.99537e-05
1.15671e-06
3.90885e-05
1.07966e-06
3.85917e-05
9.37403e-07
3.85227e-05
7.44313e-07
3.89165e-05
5.1298e-07
3.97535e-05
2.56578e-07
4.08884e-05
4.14278e-05
-1.49122e-05
5.49841e-05
-1.19342e-05
5.52875e-05
-9.35384e-06
5.44495e-05
-7.16328e-06
5.28669e-05
-5.33882e-06
5.09373e-05
-3.84622e-06
4.89244e-05
-2.64686e-06
4.6973e-05
-1.7023e-06
4.51529e-05
-9.76599e-07
4.34955e-05
-4.37115e-07
4.2019e-05
-5.46225e-08
4.07436e-05
1.96973e-07
3.97021e-05
3.41079e-07
3.89444e-05
3.98816e-07
3.8534e-05
3.88998e-07
3.85326e-05
3.28178e-07
3.89774e-05
2.31072e-07
3.98507e-05
1.11809e-07
4.10077e-05
4.15396e-05
-1.74169e-05
5.14291e-05
-1.42674e-05
5.21379e-05
-1.15218e-05
5.17038e-05
-9.17058e-06
5.05157e-05
-7.189e-06
4.89557e-05
-5.54247e-06
4.72778e-05
-4.19267e-06
4.56232e-05
-3.1017e-06
4.40619e-05
-2.23417e-06
4.26279e-05
-1.55782e-06
4.13427e-05
-1.04354e-06
4.02294e-05
-6.64896e-07
3.93235e-05
-3.9763e-07
3.86772e-05
-2.19436e-07
3.83559e-05
-1.09953e-07
3.84232e-05
-5.08591e-08
3.89184e-05
-2.55287e-08
3.98254e-05
-1.89086e-08
4.10011e-05
4.15208e-05
-1.93949e-05
4.77885e-05
-1.61491e-05
4.8892e-05
-1.33006e-05
4.88552e-05
-1.08416e-05
4.80566e-05
-8.74842e-06
4.68625e-05
-6.98765e-06
4.5517e-05
-5.52217e-06
4.41577e-05
-4.31532e-06
4.2855e-05
-3.33276e-06
4.16454e-05
-2.54309e-06
4.0553e-05
-1.91767e-06
3.9604e-05
-1.43015e-06
3.8836e-05
-1.05595e-06
3.83031e-05
-7.72019e-07
3.8072e-05
-5.56922e-07
3.82082e-05
-3.91123e-07
3.87527e-05
-2.5745e-07
3.96918e-05
-1.45344e-07
4.08891e-05
4.13755e-05
-2.08531e-05
4.41519e-05
-1.75845e-05
4.56233e-05
-1.46942e-05
4.5965e-05
-1.21793e-05
4.55417e-05
-1.0019e-05
4.47023e-05
-8.18257e-06
4.36806e-05
-6.63514e-06
4.26103e-05
-5.34205e-06
4.15619e-05
-4.27062e-06
4.0574e-05
-3.39074e-06
3.96732e-05
-2.67465e-06
3.8888e-05
-2.0965e-06
3.82579e-05
-1.63177e-06
3.78384e-05
-1.25709e-06
3.76974e-05
-9.50374e-07
3.79015e-05
-6.91238e-07
3.84936e-05
-4.61699e-07
3.94624e-05
-2.4985e-07
4.06774e-05
4.11257e-05
-2.18167e-05
4.05981e-05
-1.85918e-05
4.23983e-05
-1.57164e-05
4.30896e-05
-1.31937e-05
4.30191e-05
-1.10081e-05
4.25167e-05
-9.13237e-06
4.18049e-05
-7.53496e-06
4.10129e-05
-6.18386e-06
4.02109e-05
-5.0486e-06
3.94388e-05
-4.10079e-06
3.87255e-05
-3.31396e-06
3.81012e-05
-2.66307e-06
3.76071e-05
-2.12407e-06
3.72995e-05
-1.67361e-06
3.7247e-05
-1.28933e-06
3.75173e-05
-9.50313e-07
3.81547e-05
-6.37835e-07
3.915e-05
-3.38297e-07
4.0378e-05
4.07875e-05
-2.2325e-05
3.71906e-05
-1.91999e-05
3.92732e-05
-1.63885e-05
4.02782e-05
-1.39012e-05
4.05318e-05
-1.17279e-05
4.03434e-05
-9.84613e-06
3.99232e-05
-8.22825e-06
3.93951e-05
-6.84547e-06
3.88282e-05
-5.66993e-06
3.82634e-05
-4.67534e-06
3.7731e-05
-3.83681e-06
3.72628e-05
-3.13049e-06
3.69008e-05
-2.53304e-06
3.67021e-05
-2.0215e-06
3.67355e-05
-1.57355e-06
3.70694e-05
-1.16805e-06
3.77492e-05
-7.85733e-07
3.87678e-05
-4.11431e-07
4.00038e-05
4.03761e-05
-2.24264e-05
3.39761e-05
-1.94452e-05
3.6292e-05
-1.67381e-05
3.75711e-05
-1.43227e-05
3.81163e-05
-1.21945e-05
3.82152e-05
-1.03362e-05
3.80649e-05
-8.72445e-06
3.77834e-05
-7.33399e-06
3.74378e-05
-6.13991e-06
3.70694e-05
-5.11825e-06
3.67094e-05
-4.246e-06
3.63906e-05
-3.50068e-06
3.61556e-05
-2.85998e-06
3.60614e-05
-2.30161e-06
3.61772e-05
-1.80356e-06
3.65714e-05
-1.34478e-06
3.72905e-05
-9.05707e-07
3.83288e-05
-4.7002e-07
3.95682e-05
3.99062e-05
-2.2173e-05
3.09857e-05
-1.9368e-05
3.3487e-05
-1.67966e-05
3.49998e-05
-1.44825e-05
3.58022e-05
-1.24269e-05
3.61596e-05
-1.06175e-05
3.62555e-05
-9.03519e-06
3.62011e-05
-7.6585e-06
3.60612e-05
-6.46557e-06
3.58765e-05
-5.43495e-06
3.56788e-05
-4.54564e-06
3.55013e-05
-3.77677e-06
3.53867e-05
-3.10723e-06
3.53919e-05
-2.51564e-06
3.55856e-05
-1.98061e-06
3.60363e-05
-1.48138e-06
3.67913e-05
-9.98445e-07
3.78459e-05
-5.14708e-07
3.90846e-05
3.93915e-05
-2.16175e-05
2.82368e-05
-1.90099e-05
3.08795e-05
-1.65969e-05
3.25869e-05
-1.44069e-05
3.36123e-05
-1.24461e-05
3.41988e-05
-1.07066e-05
3.45161e-05
-9.17373e-06
3.46682e-05
-7.82955e-06
3.4717e-05
-6.6553e-06
3.47023e-05
-5.63208e-06
3.46556e-05
-4.74098e-06
3.46102e-05
-3.96286e-06
3.46086e-05
-3.278e-06
3.4707e-05
-2.66608e-06
3.49737e-05
-2.10656e-06
3.54768e-05
-1.57925e-06
3.6264e-05
-1.06495e-06
3.73316e-05
-5.46143e-07
3.85658e-05
3.88453e-05
-2.08094e-05
2.57363e-05
-1.84113e-05
2.84814e-05
-1.61718e-05
3.03474e-05
-1.41225e-05
3.1563e-05
-1.22735e-05
3.23498e-05
-1.06211e-05
3.28637e-05
-9.15431e-06
3.32014e-05
-7.85872e-06
3.34214e-05
-6.71849e-06
3.35621e-05
-5.71723e-06
3.36544e-05
-4.83816e-06
3.37312e-05
-4.06389e-06
3.38343e-05
-3.37622e-06
3.40193e-05
-2.75606e-06
3.43535e-05
-2.18385e-06
3.49046e-05
-1.64022e-06
3.57203e-05
-1.10649e-06
3.67979e-05
-5.65061e-07
3.80244e-05
3.82802e-05
-1.97939e-05
2.34827e-05
-1.76101e-05
2.62977e-05
-1.55528e-05
2.82902e-05
-1.36554e-05
2.96657e-05
-1.19308e-05
3.06253e-05
-1.03788e-05
3.13117e-05
-8.99168e-06
3.18143e-05
-7.75817e-06
3.21879e-05
-6.66517e-06
3.2469e-05
-5.69868e-06
3.26879e-05
-4.84397e-06
3.28765e-05
-4.08544e-06
3.30758e-05
-3.40643e-06
3.33403e-05
-2.78919e-06
3.37362e-05
-2.21533e-06
3.43307e-05
-1.66642e-06
3.51713e-05
-1.12453e-06
3.62559e-05
-5.72258e-07
3.7472e-05
3.77079e-05
-1.86109e-05
2.14688e-05
-1.66405e-05
2.43273e-05
-1.47689e-05
2.64187e-05
-1.30301e-05
2.79269e-05
-1.14388e-05
2.9034e-05
-9.99723e-06
2.98702e-05
-8.70062e-06
3.05177e-05
-7.54033e-06
3.10276e-05
-6.50576e-06
3.14344e-05
-5.58512e-06
3.17672e-05
-4.76566e-06
3.2057e-05
-4.03352e-06
3.23436e-05
-3.37359e-06
3.26803e-05
-2.76953e-06
3.31321e-05
-2.2042e-06
3.37652e-05
-1.66027e-06
3.46273e-05
-1.12071e-06
3.57162e-05
-5.68572e-07
3.69197e-05
3.71392e-05
-1.72941e-05
1.9684e-05
-1.55324e-05
2.25658e-05
-1.38466e-05
2.4733e-05
-1.22696e-05
2.635e-05
-1.08172e-05
2.75816e-05
-9.49338e-06
2.85464e-05
-8.2956e-06
2.93199e-05
-7.21753e-06
2.99494e-05
-6.25074e-06
3.04676e-05
-5.38545e-06
3.09019e-05
-4.61075e-06
3.12823e-05
-3.91445e-06
3.16473e-05
-3.28297e-06
3.20488e-05
-2.70141e-06
3.25505e-05
-2.15394e-06
3.32177e-05
-1.62441e-06
3.40977e-05
-1.09683e-06
3.51885e-05
-5.54916e-07
3.63776e-05
3.65841e-05
-1.58717e-05
1.81156e-05
-1.43118e-05
2.10059e-05
-1.2809e-05
2.32303e-05
-1.13946e-05
2.49357e-05
-1.00843e-05
2.62713e-05
-8.88325e-06
2.73453e-05
-7.79059e-06
2.82272e-05
-6.80188e-06
2.89607e-05
-5.91055e-06
2.95763e-05
-5.10864e-06
3.01e-05
-4.3869e-06
3.05605e-05
-3.73474e-06
3.09951e-05
-3.14008e-06
3.14541e-05
-2.58943e-06
3.19997e-05
-2.06828e-06
3.26964e-05
-1.56174e-06
3.3591e-05
-1.05489e-06
3.46814e-05
-5.32344e-07
3.58548e-05
3.60516e-05
-1.43671e-05
1.67505e-05
-1.30007e-05
1.96395e-05
-1.16768e-05
2.19063e-05
-1.04239e-05
2.36828e-05
-9.25703e-06
2.51044e-05
-8.18196e-06
2.62702e-05
-7.19898e-06
2.72442e-05
-6.30514e-06
2.80668e-05
-5.49548e-06
2.87666e-05
-4.76362e-06
2.93681e-05
-4.10183e-06
2.98987e-05
-3.50102e-06
3.03943e-05
-2.95056e-06
3.09036e-05
-2.43834e-06
3.14874e-05
-1.95117e-06
3.22091e-05
-1.47535e-06
3.3115e-05
-9.97125e-07
3.4203e-05
-5.0206e-07
3.53594e-05
3.55494e-05
-1.27993e-05
1.55762e-05
-1.16181e-05
1.84582e-05
-1.04681e-05
2.07563e-05
-9.37458e-06
2.25892e-05
-8.35127e-06
2.4081e-05
-7.40396e-06
2.53228e-05
-6.53376e-06
2.63739e-05
-5.73889e-06
2.72719e-05
-5.01574e-06
2.80435e-05
-4.35932e-06
2.87117e-05
-3.76331e-06
2.93027e-05
-3.22002e-06
2.98509e-05
-2.7202e-06
3.04037e-05
-2.25309e-06
3.10202e-05
-1.80674e-06
3.17626e-05
-1.36859e-06
3.26767e-05
-9.25931e-07
3.37601e-05
-4.65375e-07
3.48986e-05
3.50838e-05
-1.11852e-05
1.45819e-05
-1.01814e-05
1.74544e-05
-9.20033e-06
1.97751e-05
-8.26344e-06
2.16523e-05
-7.38274e-06
2.32003e-05
-6.56377e-06
2.45038e-05
-5.80812e-06
2.56183e-05
-5.11498e-06
2.65788e-05
-4.48186e-06
2.74103e-05
-3.90502e-06
2.81348e-05
-3.37945e-06
2.87771e-05
-2.89878e-06
2.93702e-05
-2.4551e-06
2.99599e-05
-2.0389e-06
3.06039e-05
-1.6394e-06
3.1363e-05
-1.24501e-06
3.22821e-05
-8.43916e-07
3.33588e-05
-4.23692e-07
3.44781e-05
3.466e-05
-9.54274e-06
1.3759e-05
-8.70979e-06
1.66213e-05
-7.89272e-06
1.8958e-05
-7.10904e-06
2.08685e-05
-6.36896e-06
2.24601e-05
-5.67757e-06
2.38124e-05
-5.03683e-06
2.49775e-05
-4.44669e-06
2.59886e-05
-3.90567e-06
2.68693e-05
-3.41116e-06
2.76403e-05
-2.95937e-06
2.83252e-05
-2.54521e-06
2.8956e-05
-2.16206e-06
2.95767e-05
-1.80165e-06
3.02434e-05
-1.45416e-06
3.10154e-05
-1.10872e-06
3.19365e-05
-7.54085e-07
3.3004e-05
-3.78659e-07
3.41025e-05
3.42813e-05
-7.8971e-06
1.31016e-05
-7.22935e-06
1.59535e-05
-6.57102e-06
1.82996e-05
-5.93598e-06
2.02335e-05
-5.33284e-06
2.1857e-05
-4.76639e-06
2.3246e-05
-4.23892e-06
2.44501e-05
-3.75109e-06
2.55008e-05
-3.30233e-06
2.64205e-05
-2.89106e-06
2.72289e-05
-2.51466e-06
2.79488e-05
-2.1693e-06
2.86106e-05
-1.84966e-06
2.9257e-05
-1.54863e-06
2.99423e-05
-1.25722e-06
3.07239e-05
-9.6487e-07
3.1644e-05
-6.60309e-07
3.26993e-05
-3.32436e-07
3.37744e-05
3.39488e-05
-6.29146e-06
1.26058e-05
-5.78283e-06
1.54448e-05
-5.27591e-06
1.77926e-05
-4.78204e-06
1.97396e-05
-4.30898e-06
2.13839e-05
-3.86155e-06
2.27985e-05
-3.44253e-06
2.4031e-05
-3.05326e-06
2.51115e-05
-2.69401e-06
2.60612e-05
-2.36415e-06
2.6899e-05
-2.06218e-06
2.76467e-05
-1.78552e-06
2.83339e-05
-1.5302e-06
2.90016e-05
-1.29027e-06
2.97023e-05
-1.05747e-06
3.0491e-05
-8.2109e-07
3.14076e-05
-5.68731e-07
3.24468e-05
-2.88661e-07
3.34943e-05
3.36601e-05
-4.80418e-06
1.22667e-05
-4.44457e-06
1.50852e-05
-4.07601e-06
1.74241e-05
-3.7097e-06
1.93733e-05
-3.35384e-06
2.1028e-05
-3.01382e-06
2.24585e-05
-2.69306e-06
2.37102e-05
-2.39358e-06
2.48119e-05
-2.11639e-06
2.57839e-05
-1.8617e-06
2.66443e-05
-1.629e-06
2.7414e-05
-1.41695e-06
2.81218e-05
-1.22289e-06
2.88075e-05
-1.04222e-06
2.95216e-05
-8.67521e-07
3.03163e-05
-6.87836e-07
3.12279e-05
-4.88467e-07
3.22474e-05
-2.53906e-07
3.32596e-05
3.34062e-05
-3.57521e-06
1.20648e-05
-3.33991e-06
1.48499e-05
-3.08395e-06
1.71681e-05
-2.8202e-06
1.91095e-05
-2.55833e-06
2.07662e-05
-2.30467e-06
2.22048e-05
-2.06332e-06
2.34688e-05
-1.83684e-06
2.45854e-05
-1.62677e-06
2.55738e-05
-1.43393e-06
2.64514e-05
-1.25852e-06
2.72385e-05
-1.10008e-06
2.79633e-05
-9.57052e-07
2.86645e-05
-8.2609e-07
2.93906e-05
-7.01079e-07
3.01913e-05
-5.71945e-07
3.10987e-05
-4.23192e-07
3.20986e-05
-2.32832e-07
3.30692e-05
3.31733e-05
-2.82343e-06
-2.66251e-06
-2.47199e-06
-2.2679e-06
-2.06123e-06
-1.85882e-06
-1.66508e-06
-1.48281e-06
-1.31371e-06
-1.15876e-06
-1.01831e-06
-8.92068e-07
-7.78691e-07
-6.7526e-07
-5.76572e-07
-4.74372e-07
-3.56195e-07
-2.02711e-07
)
;

boundaryField
{
    leftWall
    {
        type            calculated;
        value           uniform 0;
    }
    rightWall
    {
        type            calculated;
        value           uniform 0;
    }
    lowerWall
    {
        type            calculated;
        value           uniform 0;
    }
    atmosphere
    {
        type            calculated;
        value           nonuniform List<scalar> 
46
(
-3.63714e-05
-4.51551e-05
-4.13561e-05
-3.91288e-05
-3.729e-05
-3.55198e-05
-3.37042e-05
-3.17844e-05
-2.97326e-05
-2.75436e-05
-2.5227e-05
-2.28015e-05
-2.02904e-05
-1.7719e-05
-1.51123e-05
-1.24937e-05
-9.88532e-06
-7.31112e-06
-4.80408e-06
-2.38754e-06
-1.70427e-07
1.93474e-06
4.02231e-06
2.65578e-06
3.12288e-06
3.64332e-06
4.2043e-06
1.19554e-05
1.4689e-05
1.69776e-05
1.89054e-05
2.05595e-05
2.20024e-05
2.32751e-05
2.44031e-05
2.54047e-05
2.62964e-05
2.70981e-05
2.7837e-05
2.85511e-05
2.92872e-05
3.00926e-05
3.09965e-05
3.19804e-05
3.29157e-05
3.29706e-05
)
;
    }
    defaultFaces
    {
        type            empty;
        value           nonuniform List<scalar> 0();
    }
}


// ************************************************************************* //
