/*--------------------------------*- C++ -*----------------------------------*\
| =========                 |                                                 |
| \\      /  F ield         | OpenFOAM: The Open Source CFD Toolbox           |
|  \\    /   O peration     | Version:  v2012                                 |
|   \\  /    A nd           | Website:  www.openfoam.com                      |
|    \\/     M anipulation  |                                                 |
\*---------------------------------------------------------------------------*/
FoamFile
{
    version     2.0;
    format      ascii;
    class       volVectorField;
    location    "0.1";
    object      U;
}
// * * * * * * * * * * * * * * * * * * * * * * * * * * * * * * * * * * * * * //

dimensions      [0 1 -1 0 0 0 0];


internalField   nonuniform List<vector> 
2268
(
(0.00718674 -0.00636115 0)
(0.0449012 -0.0171663 0)
(0.105919 -0.0220594 0)
(0.173486 -0.023401 0)
(0.243763 -0.0235568 0)
(0.315396 -0.023553 0)
(0.388566 -0.0238435 0)
(0.464277 -0.0247592 0)
(0.545461 -0.0265017 0)
(0.633884 -0.0293277 0)
(0.734278 -0.0341977 0)
(0.852063 -0.0413435 0)
(0.989536 -0.0487505 0)
(1.14062 -0.0491365 0)
(1.27649 -0.0335536 0)
(1.35138 -0.00870685 0)
(1.35284 -0.000277064 0)
(1.32876 -0.0221052 0)
(1.32988 -0.0573838 0)
(1.36202 -0.0850179 0)
(1.34437 -0.0728181 0)
(1.13027 -0.0162075 0)
(0.646614 0.124914 0)
(0.0192462 -0.0176393 0)
(0.0638678 -0.0382838 0)
(0.121088 -0.0468361 0)
(0.182113 -0.0499976 0)
(0.245537 -0.0513126 0)
(0.311072 -0.0523207 0)
(0.379048 -0.0539047 0)
(0.450446 -0.0567866 0)
(0.527322 -0.061502 0)
(0.611924 -0.06878 0)
(0.707401 -0.079575 0)
(0.816826 -0.0933901 0)
(0.940757 -0.106234 0)
(1.07345 -0.105412 0)
(1.1949 -0.0750987 0)
(1.27914 -0.0257137 0)
(1.32143 0.00587278 0)
(1.3331 0.00909866 0)
(1.3249 0.00720059 0)
(1.34473 0.0450022 0)
(1.41096 0.121124 0)
(1.33617 0.283871 0)
(0.723451 0.593382 0)
(0.0279878 -0.0388245 0)
(0.0763356 -0.062689 0)
(0.130662 -0.0718659 0)
(0.186516 -0.0761554 0)
(0.244356 -0.0786544 0)
(0.304675 -0.0809267 0)
(0.367988 -0.0840867 0)
(0.435228 -0.0891034 0)
(0.507996 -0.0968091 0)
(0.588243 -0.10814 0)
(0.677984 -0.123935 0)
(0.778733 -0.143271 0)
(0.890212 -0.16085 0)
(1.00703 -0.160869 0)
(1.11543 -0.123389 0)
(1.20325 -0.0598441 0)
(1.26903 -0.0130849 0)
(1.30393 0.000663787 0)
(1.27629 -0.0198501 0)
(1.21127 -0.0350182 0)
(1.1258 0.107365 0)
(0.989942 0.443471 0)
(0.537236 1.01923 0)
(0.0322372 -0.0643058 0)
(0.0835817 -0.0888132 0)
(0.13659 -0.0970524 0)
(0.189096 -0.101788 0)
(0.242931 -0.105261 0)
(0.299216 -0.108814 0)
(0.358696 -0.113641 0)
(0.422283 -0.120864 0)
(0.491264 -0.131503 0)
(0.567135 -0.146578 0)
(0.651046 -0.166717 0)
(0.743423 -0.190453 0)
(0.84361 -0.211379 0)
(0.946238 -0.212065 0)
(1.04286 -0.170421 0)
(1.13302 -0.0955887 0)
(1.2126 -0.0310059 0)
(1.24947 0.003758 0)
(1.20139 0.00863809 0)
(1.10316 0.0307938 0)
(0.915432 0.173616 0)
(0.662063 0.608501 0)
(0.315865 1.31374 0)
(0.0333754 -0.0912728 0)
(0.0869566 -0.115341 0)
(0.139862 -0.121672 0)
(0.190614 -0.126321 0)
(0.241878 -0.13058 0)
(0.295257 -0.135406 0)
(0.351731 -0.141942 0)
(0.412227 -0.151368 0)
(0.477795 -0.164781 0)
(0.549492 -0.18316 0)
(0.62779 -0.206827 0)
(0.71233 -0.233762 0)
(0.802159 -0.256752 0)
(0.891239 -0.258222 0)
(0.975606 -0.215893 0)
(1.06506 -0.133957 0)
(1.15068 -0.0479181 0)
(1.17989 0.00431461 0)
(1.12224 0.0435507 0)
(0.978499 0.1164 0)
(0.721682 0.318004 0)
(0.404532 0.780802 0)
(0.147853 1.47962 0)
(0.0331093 -0.118626 0)
(0.0881633 -0.142085 0)
(0.141664 -0.145963 0)
(0.191849 -0.150026 0)
(0.24173 -0.154792 0)
(0.293224 -0.160759 0)
(0.347508 -0.168923 0)
(0.405542 -0.180426 0)
(0.468199 -0.196342 0)
(0.536167 -0.217499 0)
(0.609395 -0.243855 0)
(0.686951 -0.272834 0)
(0.767482 -0.296577 0)
(0.843699 -0.298443 0)
(0.914827 -0.257769 0)
(0.996529 -0.17436 0)
(1.07788 -0.0651948 0)
(1.12539 0.00948846 0)
(1.04406 0.0944353 0)
(0.852658 0.224407 0)
(0.557467 0.471641 0)
(0.251287 0.924468 0)
(0.0658105 1.55361 0)
(0.0326963 -0.1461 0)
(0.0886145 -0.169167 0)
(0.143012 -0.170368 0)
(0.193449 -0.173447 0)
(0.242887 -0.178405 0)
(0.29338 -0.185306 0)
(0.346243 -0.194935 0)
(0.402464 -0.208325 0)
(0.462791 -0.22644 0)
(0.52763 -0.249883 0)
(0.596558 -0.278207 0)
(0.668279 -0.308249 0)
(0.74096 -0.33148 0)
(0.805709 -0.332723 0)
(0.864275 -0.293991 0)
(0.933147 -0.211754 0)
(1.00899 -0.0895055 0)
(1.06696 0.0216815 0)
(0.960695 0.159762 0)
(0.739561 0.342533 0)
(0.455183 0.611014 0)
(0.220793 1.02494 0)
(0.0717249 1.59587 0)
(0.0327209 -0.173851 0)
(0.0890256 -0.196855 0)
(0.144307 -0.195316 0)
(0.195482 -0.197124 0)
(0.245148 -0.201981 0)
(0.295337 -0.209579 0)
(0.347426 -0.220472 0)
(0.402415 -0.235528 0)
(0.460964 -0.255541 0)
(0.523283 -0.280841 0)
(0.588742 -0.310554 0)
(0.655963 -0.340912 0)
(0.722467 -0.362682 0)
(0.777547 -0.362267 0)
(0.826761 -0.324436 0)
(0.883421 -0.243377 0)
(0.956827 -0.114882 0)
(1.0035 0.0394479 0)
(0.878609 0.235073 0)
(0.658004 0.458085 0)
(0.423656 0.723762 0)
(0.288096 1.09115 0)
(0.103816 1.68436 0)
(0.00242232 -0.00404322 0)
(0.0369415 -0.0150915 0)
(0.0909732 -0.0145817 0)
(0.132402 -0.00956234 0)
(0.156938 -0.00498728 0)
(0.167782 -0.00156129 0)
(0.168341 0.000820102 0)
(0.162373 0.00230159 0)
(0.152462 0.00316747 0)
(0.140113 0.00370297 0)
(0.126297 0.00402533 0)
(0.111609 0.00421742 0)
(0.0963174 0.00437353 0)
(0.0804822 0.00455082 0)
(0.0640391 0.00476926 0)
(0.0469827 0.00498187 0)
(0.0296822 0.00498747 0)
(0.0134018 0.00409266 0)
(0.00275787 0.00199099 0)
(0.00958617 -0.0102656 0)
(0.0475999 -0.0332917 0)
(0.0994569 -0.0317782 0)
(0.135464 -0.020907 0)
(0.155647 -0.0108992 0)
(0.163773 -0.00337544 0)
(0.163681 0.00185991 0)
(0.157947 0.00525448 0)
(0.148419 0.00733988 0)
(0.13648 0.00862576 0)
(0.123095 0.00940381 0)
(0.108822 0.00987925 0)
(0.0939671 0.0102418 0)
(0.0786832 0.0106058 0)
(0.063036 0.0109961 0)
(0.0471552 0.0112879 0)
(0.0313633 0.0110774 0)
(0.0165385 0.00927289 0)
(0.00501879 0.00496154 0)
(0.0133622 -0.0212291 0)
(0.0549548 -0.0541686 0)
(0.106947 -0.0487905 0)
(0.138533 -0.0310937 0)
(0.154169 -0.0157404 0)
(0.159213 -0.00446557 0)
(0.157262 0.00331726 0)
(0.150581 0.00844674 0)
(0.140839 0.0116703 0)
(0.129148 0.0136645 0)
(0.116307 0.014868 0)
(0.102761 0.0156027 0)
(0.0887678 0.0161309 0)
(0.0745004 0.0166033 0)
(0.0600869 0.0170429 0)
(0.0457177 0.0172778 0)
(0.031636 0.0168246 0)
(0.0183873 0.0145969 0)
(0.00678596 0.00968245 0)
(0.0136143 -0.0339874 0)
(0.0618558 -0.0783361 0)
(0.116566 -0.066276 0)
(0.144547 -0.0401241 0)
(0.155516 -0.0192718 0)
(0.157201 -0.0045507 0)
(0.153165 0.00546697 0)
(0.145357 0.0120701 0)
(0.135178 0.01623 0)
(0.123515 0.0187925 0)
(0.111002 0.0203352 0)
(0.0979894 0.0212725 0)
(0.0846903 0.0219165 0)
(0.0712682 0.0224404 0)
(0.0578658 0.0228641 0)
(0.0446657 0.022996 0)
(0.0318024 0.0223445 0)
(0.0195559 0.0199752 0)
(0.00785582 0.0152109 0)
(0.0149905 -0.043432 0)
(0.0733397 -0.105875 0)
(0.130529 -0.0838161 0)
(0.154385 -0.04743 0)
(0.160178 -0.0210867 0)
(0.158137 -0.00342544 0)
(0.151718 0.00836791 0)
(0.142527 0.0160963 0)
(0.13166 0.0209593 0)
(0.119784 0.0239367 0)
(0.107368 0.0257132 0)
(0.094671 0.0267758 0)
(0.0818559 0.0274723 0)
(0.0690569 0.0279893 0)
(0.0563953 0.0283445 0)
(0.0440049 0.0283482 0)
(0.0319085 0.0275517 0)
(0.0201905 0.0252481 0)
(0.00832292 0.0210153 0)
(0.0369061 -0.0588515 0)
(0.0985159 -0.136052 0)
(0.151426 -0.100005 0)
(0.168802 -0.0523676 0)
(0.168444 -0.0208783 0)
(0.162187 -0.000916243 0)
(0.153063 0.0121279 0)
(0.142219 0.0206065 0)
(0.13041 0.0259181 0)
(0.118076 0.02914 0)
(0.105521 0.031034 0)
(0.092912 0.0321384 0)
(0.0803512 0.0328239 0)
(0.067929 0.0332851 0)
(0.0557231 0.0335417 0)
(0.0437975 0.0334222 0)
(0.0320779 0.032549 0)
(0.0205187 0.0304617 0)
(0.00842836 0.0269397 0)
(0.11743 -0.112734 0)
(0.149478 -0.166718 0)
(0.181123 -0.11096 0)
(0.188127 -0.053774 0)
(0.180422 -0.0182906 0)
(0.169389 0.00316894 0)
(0.157235 0.0168846 0)
(0.144472 0.0257221 0)
(0.131473 0.0312216 0)
(0.11844 0.0345138 0)
(0.105514 0.0364063 0)
(0.0927605 0.0374681 0)
(0.0802186 0.0380823 0)
(0.0679237 0.0384491 0)
(0.0558967 0.0385951 0)
(0.0441249 0.038377 0)
(0.0324579 0.0374963 0)
(0.0207749 0.0357139 0)
(0.00840112 0.0329188 0)
(0.26095 -0.194804 0)
(0.230731 -0.191593 0)
(0.219062 -0.11214 0)
(0.211615 -0.0501607 0)
(0.195668 -0.0129164 0)
(0.179375 0.00903496 0)
(0.163917 0.0228027 0)
(0.149027 0.0315947 0)
(0.134637 0.0370172 0)
(0.120702 0.0402044 0)
(0.107198 0.0419763 0)
(0.0940916 0.0429118 0)
(0.0813539 0.0433971 0)
(0.0689621 0.043636 0)
(0.0568753 0.043666 0)
(0.0450057 0.0433773 0)
(0.033149 0.0425485 0)
(0.021149 0.0411077 0)
(0.0084341 0.0389461 0)
(0.0327856 -0.216647 0)
(0.089024 -0.241044 0)
(0.145085 -0.235548 0)
(0.197392 -0.235143 0)
(0.247703 -0.239439 0)
(0.297805 -0.247708 0)
(0.349046 -0.26017 0)
(0.402392 -0.277388 0)
(0.458392 -0.29982 0)
(0.517062 -0.327324 0)
(0.577686 -0.358369 0)
(0.639134 -0.388375 0)
(0.697483 -0.407423 0)
(0.740747 -0.403511 0)
(0.781728 -0.364533 0)
(0.827748 -0.284181 0)
(0.9028 -0.141401 0)
(0.905343 0.0773267 0)
(0.767073 0.349588 0)
(0.595739 0.601567 0)
(0.474876 0.828895 0)
(0.517535 1.09448 0)
(0.680752 1.58407 0)
(0.0318083 -0.273825 0)
(0.0861297 -0.300376 0)
(0.140647 -0.290078 0)
(0.192037 -0.286529 0)
(0.241343 -0.289377 0)
(0.28986 -0.297616 0)
(0.338673 -0.311156 0)
(0.388577 -0.330173 0)
(0.439972 -0.354639 0)
(0.492775 -0.383806 0)
(0.546392 -0.415371 0)
(0.600049 -0.443916 0)
(0.647613 -0.458919 0)
(0.680084 -0.44888 0)
(0.717074 -0.404323 0)
(0.753438 -0.317896 0)
(0.807244 -0.13065 0)
(0.750682 0.160495 0)
(0.627221 0.471272 0)
(0.536826 0.698062 0)
(0.512223 0.844379 0)
(0.587206 0.961722 0)
(0.812111 1.06519 0)
(0.0301088 -0.328755 0)
(0.0810788 -0.356371 0)
(0.132218 -0.342328 0)
(0.180907 -0.336164 0)
(0.227725 -0.337476 0)
(0.273513 -0.345187 0)
(0.319044 -0.359028 0)
(0.36489 -0.378868 0)
(0.411302 -0.404271 0)
(0.458147 -0.433985 0)
(0.505005 -0.465124 0)
(0.551272 -0.491647 0)
(0.588373 -0.502618 0)
(0.614715 -0.487309 0)
(0.648469 -0.436466 0)
(0.683558 -0.340415 0)
(0.695089 -0.0957458 0)
(0.598008 0.247297 0)
(0.502079 0.545642 0)
(0.463668 0.724972 0)
(0.473877 0.803509 0)
(0.529095 0.822929 0)
(0.672732 0.770717 0)
(0.0280804 -0.380308 0)
(0.0749831 -0.407811 0)
(0.121815 -0.390835 0)
(0.1668 -0.382576 0)
(0.210222 -0.382447 0)
(0.252578 -0.389377 0)
(0.29437 -0.402995 0)
(0.335958 -0.422945 0)
(0.377457 -0.448469 0)
(0.41871 -0.477927 0)
(0.459479 -0.507993 0)
(0.499007 -0.532164 0)
(0.526763 -0.539623 0)
(0.550546 -0.520094 0)
(0.579506 -0.462232 0)
(0.618129 -0.336391 0)
(0.578899 -0.0224305 0)
(0.467613 0.329494 0)
(0.402099 0.58873 0)
(0.391277 0.723298 0)
(0.413569 0.764341 0)
(0.460218 0.748483 0)
(0.546434 0.678792 0)
(0.0258991 -0.428048 0)
(0.06849 -0.454324 0)
(0.110702 -0.435019 0)
(0.151552 -0.425092 0)
(0.191121 -0.42368 0)
(0.229677 -0.429733 0)
(0.267521 -0.442819 0)
(0.304847 -0.462413 0)
(0.341663 -0.487516 0)
(0.377815 -0.516204 0)
(0.413222 -0.544823 0)
(0.446628 -0.566543 0)
(0.466818 -0.571047 0)
(0.489735 -0.548054 0)
(0.513316 -0.485942 0)
(0.555481 -0.300011 0)
(0.472951 0.0645667 0)
(0.368581 0.398411 0)
(0.326736 0.613298 0)
(0.329133 0.712167 0)
(0.354299 0.731299 0)
(0.393512 0.700716 0)
(0.445789 0.625611 0)
(0.0236347 -0.471756 0)
(0.0618866 -0.49589 0)
(0.0994859 -0.474753 0)
(0.136115 -0.463489 0)
(0.171687 -0.460948 0)
(0.206321 -0.466115 0)
(0.240186 -0.478505 0)
(0.273357 -0.497463 0)
(0.305772 -0.521814 0)
(0.337296 -0.549434 0)
(0.367979 -0.57644 0)
(0.395766 -0.595739 0)
(0.410437 -0.597829 0)
(0.432655 -0.571224 0)
(0.453327 -0.508186 0)
(0.486108 -0.243996 0)
(0.380343 0.150399 0)
(0.293053 0.45243 0)
(0.267671 0.626414 0)
(0.275758 0.697117 0)
(0.299855 0.70115 0)
(0.332019 0.662737 0)
(0.367857 0.586901 0)
(0.0213319 -0.511337 0)
(0.0553163 -0.532642 0)
(0.088451 -0.510107 0)
(0.120945 -0.497763 0)
(0.152554 -0.49423 0)
(0.183302 -0.498536 0)
(0.213269 -0.510154 0)
(0.242455 -0.528324 0)
(0.270758 -0.55174 0)
(0.298076 -0.578143 0)
(0.324533 -0.6035 0)
(0.347218 -0.6205 0)
(0.35798 -0.62038 0)
(0.379132 -0.590087 0)
(0.398044 -0.525411 0)
(0.409728 -0.173322 0)
(0.297418 0.227927 0)
(0.23102 0.492701 0)
(0.217554 0.631533 0)
(0.228657 0.680637 0)
(0.25108 0.674447 0)
(0.278305 0.63268 0)
(0.306216 0.559616 0)
(0.0190261 -0.546771 0)
(0.0488695 -0.564778 0)
(0.0777427 -0.541238 0)
(0.106256 -0.528023 0)
(0.134023 -0.523614 0)
(0.161001 -0.527102 0)
(0.187213 -0.537923 0)
(0.212613 -0.555236 0)
(0.237084 -0.577639 0)
(0.260572 -0.602783 0)
(0.283232 -0.626543 0)
(0.301401 -0.641468 0)
(0.309705 -0.639227 0)
(0.328855 -0.605076 0)
(0.346318 -0.531522 0)
(0.325349 -0.0883838 0)
(0.221782 0.293026 0)
(0.176716 0.520209 0)
(0.172632 0.630294 0)
(0.185962 0.663551 0)
(0.207075 0.650703 0)
(0.230942 0.607775 0)
(0.25416 0.538101 0)
(0.0167512 -0.578062 0)
(0.0426144 -0.592508 0)
(0.0674468 -0.568331 0)
(0.0921603 -0.554425 0)
(0.116241 -0.549245 0)
(0.139601 -0.551965 0)
(0.162223 -0.561997 0)
(0.184037 -0.57844 0)
(0.204934 -0.59983 0)
(0.224918 -0.623762 0)
(0.244162 -0.64606 0)
(0.258407 -0.65916 0)
(0.265345 -0.654918 0)
(0.281527 -0.61723 0)
(0.296945 -0.516445 0)
(0.229966 -0.00387567 0)
(0.152875 0.341719 0)
(0.128212 0.53528 0)
(0.131539 0.623605 0)
(0.146489 0.645911 0)
(0.166545 0.628956 0)
(0.187949 0.585977 0)
(0.208019 0.519692 0)
(0.0145364 -0.605351 0)
(0.0365965 -0.616112 0)
(0.0576167 -0.591608 0)
(0.078721 -0.577154 0)
(0.0992878 -0.571292 0)
(0.119196 -0.573294 0)
(0.138398 -0.58256 0)
(0.156815 -0.598157 0)
(0.174362 -0.618588 0)
(0.191117 -0.641431 0)
(0.207275 -0.662484 0)
(0.218188 -0.674051 0)
(0.224591 -0.667846 0)
(0.237194 -0.62783 0)
(0.247353 -0.463407 0)
(0.139528 0.0645458 0)
(0.0946882 0.372462 0)
(0.0862481 0.53962 0)
(0.0943144 0.612842 0)
(0.109824 0.628106 0)
(0.12868 0.608814 0)
(0.148086 0.566405 0)
(0.165927 0.503348 0)
(0.0124283 -0.628984 0)
(0.0308679 -0.635918 0)
(0.0483034 -0.611312 0)
(0.0659983 -0.596409 0)
(0.083232 -0.58993 0)
(0.0998666 -0.591259 0)
(0.115827 -0.599791 0)
(0.131026 -0.614582 0)
(0.145413 -0.634141 0)
(0.159144 -0.656075 0)
(0.172477 -0.676184 0)
(0.180615 -0.686597 0)
(0.187116 -0.678295 0)
(0.196518 -0.637719 0)
(0.198546 -0.366 0)
(0.0805468 0.115157 0)
(0.0534069 0.389855 0)
(0.0523181 0.537656 0)
(0.061251 0.600578 0)
(0.0757373 0.611121 0)
(0.0929582 0.590349 0)
(0.110607 0.54864 0)
(0.126822 0.488445 0)
(0.0104227 -0.648677 0)
(0.0254701 -0.651875 0)
(0.0395318 -0.627479 0)
(0.0540503 -0.612316 0)
(0.0681665 -0.605319 0)
(0.0817339 -0.606019 0)
(0.0946601 -0.613847 0)
(0.106844 -0.627869 0)
(0.11825 -0.646641 0)
(0.129103 -0.667857 0)
(0.139746 -0.687401 0)
(0.145561 -0.697244 0)
(0.152472 -0.686801 0)
(0.160168 -0.64729 0)
(0.158656 -0.256519 0)
(0.055082 0.156007 0)
(0.0283614 0.403198 0)
(0.0251561 0.535546 0)
(0.0312349 0.589848 0)
(0.0433453 0.596052 0)
(0.0586658 0.573678 0)
(0.0748579 0.532328 0)
(0.0899856 0.474466 0)
(0.00792438 -0.663825 0)
(0.0200176 -0.664052 0)
(0.031032 -0.64026 0)
(0.0427626 -0.625055 0)
(0.0541523 -0.617661 0)
(0.0650008 -0.617795 0)
(0.0752133 -0.62495 0)
(0.0846816 -0.638229 0)
(0.0933595 -0.656264 0)
(0.101475 -0.676899 0)
(0.109422 -0.696265 0)
(0.113219 -0.70632 0)
(0.120181 -0.694401 0)
(0.12733 -0.654994 0)
(0.129881 -0.185079 0)
(0.0420762 0.194444 0)
(0.00919511 0.420275 0)
(-0.000637046 0.537672 0)
(0.00126264 0.582422 0)
(0.0109131 0.583285 0)
(0.0247703 0.558544 0)
(0.0401345 0.516961 0)
(0.0548306 0.460869 0)
(0.00377868 -0.676919 0)
(0.0133868 -0.675089 0)
(0.0223595 -0.651601 0)
(0.0319556 -0.636002 0)
(0.0412613 -0.628022 0)
(0.0499811 -0.62751 0)
(0.0580389 -0.633967 0)
(0.0653268 -0.64649 0)
(0.0717613 -0.663765 0)
(0.0774698 -0.683811 0)
(0.0828294 -0.703129 0)
(0.0850023 -0.713935 0)
(0.0907349 -0.70216 0)
(0.0971907 -0.663944 0)
(0.104344 -0.125791 0)
(0.0231855 0.238195 0)
(-0.0158826 0.444132 0)
(-0.031345 0.544617 0)
(-0.0320708 0.577848 0)
(-0.02345 0.572047 0)
(-0.00979628 0.544113 0)
(0.00578025 0.501764 0)
(0.0208777 0.447023 0)
(0.000409448 -0.687025 0)
(0.00527486 -0.684929 0)
(0.0139371 -0.662056 0)
(0.0219945 -0.645836 0)
(0.0299644 -0.63711 0)
(0.0373782 -0.635832 0)
(0.044149 -0.641469 0)
(0.0501564 -0.653054 0)
(0.0552578 -0.669274 0)
(0.0594324 -0.688292 0)
(0.0630982 -0.707075 0)
(0.0646791 -0.718414 0)
(0.0689418 -0.708845 0)
(0.0728403 -0.675066 0)
(0.0672564 -0.0672832 0)
(-0.0124762 0.287538 0)
(-0.0545455 0.472661 0)
(-0.0715905 0.55379 0)
(-0.0713506 0.5738 0)
(-0.0611096 0.560467 0)
(-0.0457582 0.528941 0)
(-0.0286239 0.485666 0)
(-0.0121663 0.432188 0)
(0.0118942 -0.673519 0)
(0.000592518 -0.67898 0)
(0.0078025 -0.661583 0)
(0.0139567 -0.647665 0)
(0.0212012 -0.639614 0)
(0.0284019 -0.638172 0)
(0.0351723 -0.643069 0)
(0.0412385 -0.653443 0)
(0.0463421 -0.668065 0)
(0.0503518 -0.685315 0)
(0.0537886 -0.702909 0)
(0.0560943 -0.71478 0)
(0.0616047 -0.709152 0)
(0.0634378 -0.676355 0)
(-0.0126602 0.00236431 0)
(-0.0767671 0.340282 0)
(-0.113766 0.500099 0)
(-0.124511 0.560044 0)
(-0.118063 0.566525 0)
(-0.102634 0.545937 0)
(-0.0832705 0.511239 0)
(-0.0630684 0.467426 0)
(-0.0442761 0.415505 0)
(0.0752722 -0.660018 0)
(0.00228378 -0.660981 0)
(0.00353876 -0.652918 0)
(0.00722696 -0.643132 0)
(0.014988 -0.636672 0)
(0.0236459 -0.635802 0)
(0.0321666 -0.640691 0)
(0.0399743 -0.650708 0)
(0.0466375 -0.664861 0)
(0.0517109 -0.681731 0)
(0.0551406 -0.7001 0)
(0.0546044 -0.715813 0)
(0.0530299 -0.699097 0)
(0.0516439 -0.624721 0)
(-0.166613 0.0823254 0)
(-0.182608 0.386631 0)
(-0.19614 0.516006 0)
(-0.19028 0.555735 0)
(-0.171488 0.55114 0)
(-0.147207 0.525374 0)
(-0.121615 0.489071 0)
(-0.0969983 0.445852 0)
(-0.0750537 0.396274 0)
(0.345139 -0.774962 0)
(0.000955306 -0.647053 0)
(0.00113585 -0.671856 0)
(-0.000744236 -0.662877 0)
(0.00984359 -0.655655 0)
(0.0228449 -0.654143 0)
(0.0357077 -0.658741 0)
(0.0472538 -0.668834 0)
(0.0567988 -0.6832 0)
(0.0638705 -0.700087 0)
(0.0669183 -0.717436 0)
(0.0460265 -0.737298 0)
(-0.0216801 -0.689827 0)
(-0.128928 -0.405122 0)
(-0.329636 0.148138 0)
(-0.316518 0.405973 0)
(-0.294061 0.5069 0)
(-0.26324 0.533056 0)
(-0.227595 0.523014 0)
(-0.192147 0.496072 0)
(-0.159004 0.460856 0)
(-0.129232 0.420028 0)
(-0.103738 0.373989 0)
(0.0438523 -0.920032 0)
(-0.0131846 -0.521851 0)
(0.0212566 -0.665905 0)
(0.00312651 -0.685095 0)
(-0.000395751 -0.688534 0)
(-0.0011324 -0.689434 0)
(-0.00233626 -0.692738 0)
(-0.00674143 -0.699392 0)
(-0.0169172 -0.708477 0)
(-0.0367604 -0.715908 0)
(-0.0733962 -0.706748 0)
(-0.138192 -0.669106 0)
(-0.232485 -0.599335 0)
(-0.433074 -0.200793 0)
(-0.491804 0.183688 0)
(-0.444212 0.380701 0)
(-0.387685 0.465032 0)
(-0.33134 0.488211 0)
(-0.279349 0.480154 0)
(-0.233138 0.45699 0)
(-0.192781 0.426066 0)
(-0.158126 0.389717 0)
(-0.129314 0.348586 0)
(-0.091809 -0.824003 0)
(-0.0357904 -0.585104 0)
(-0.00623954 -0.641189 0)
(-0.0256499 -0.659927 0)
(-0.0475988 -0.665631 0)
(-0.0717216 -0.666722 0)
(-0.0973376 -0.666742 0)
(-0.125907 -0.666602 0)
(-0.160044 -0.664716 0)
(-0.20392 -0.655205 0)
(-0.263914 -0.624086 0)
(-0.353525 -0.547999 0)
(-0.476922 -0.386527 0)
(-0.583426 -0.116873 0)
(-0.584606 0.152109 0)
(-0.523698 0.316327 0)
(-0.450835 0.397013 0)
(-0.38091 0.425572 0)
(-0.318937 0.425263 0)
(-0.265589 0.409755 0)
(-0.220185 0.385729 0)
(-0.181998 0.355617 0)
(-0.150753 0.320563 0)
(-0.0443145 -0.728331 0)
(-0.0491788 -0.65143 0)
(-0.0414293 -0.635026 0)
(-0.0658494 -0.627295 0)
(-0.0966606 -0.623919 0)
(-0.13187 -0.622027 0)
(-0.170325 -0.620314 0)
(-0.212887 -0.61705 0)
(-0.261883 -0.608608 0)
(-0.320476 -0.587872 0)
(-0.392533 -0.541987 0)
(-0.48027 -0.453212 0)
(-0.5717 -0.302639 0)
(-0.625764 -0.0933116 0)
(-0.61143 0.106382 0)
(-0.551818 0.24346 0)
(-0.478642 0.320872 0)
(-0.406925 0.35581 0)
(-0.34254 0.36461 0)
(-0.286858 0.358128 0)
(-0.239456 0.342167 0)
(-0.199713 0.319215 0)
(-0.167324 0.290898 0)
(-0.0204488 -0.687553 0)
(-0.0532538 -0.644396 0)
(-0.0715235 -0.614761 0)
(-0.100665 -0.597668 0)
(-0.135148 -0.588454 0)
(-0.174335 -0.582521 0)
(-0.217781 -0.576691 0)
(-0.266092 -0.567885 0)
(-0.320681 -0.551608 0)
(-0.382932 -0.520836 0)
(-0.452822 -0.465951 0)
(-0.526158 -0.376183 0)
(-0.588537 -0.245633 0)
(-0.616009 -0.0855092 0)
(-0.596538 0.0654577 0)
(-0.543968 0.177987 0)
(-0.478341 0.249303 0)
(-0.411956 0.287991 0)
(-0.350768 0.304365 0)
(-0.296818 0.306199 0)
(-0.250281 0.298077 0)
(-0.210963 0.282299 0)
(-0.178781 0.260782 0)
(-0.0280228 -0.647772 0)
(-0.0617684 -0.616283 0)
(-0.0909398 -0.585556 0)
(-0.12296 -0.564709 0)
(-0.158521 -0.551089 0)
(-0.198142 -0.540786 0)
(-0.241961 -0.530254 0)
(-0.290365 -0.515993 0)
(-0.343832 -0.493605 0)
(-0.40209 -0.457377 0)
(-0.462897 -0.400727 0)
(-0.520242 -0.318272 0)
(-0.562698 -0.209701 0)
(-0.57678 -0.0859664 0)
(-0.55775 0.0306442 0)
(-0.514246 0.122913 0)
(-0.458995 0.187088 0)
(-0.401319 0.226978 0)
(-0.346544 0.248601 0)
(-0.297024 0.257078 0)
(-0.253471 0.255727 0)
(-0.216168 0.246484 0)
(-0.185337 0.231336 0)
(-0.0271519 -0.599451 0)
(-0.0651709 -0.580086 0)
(-0.0987311 -0.551973 0)
(-0.132435 -0.529876 0)
(-0.167955 -0.513281 0)
(-0.206357 -0.499288 0)
(-0.248127 -0.48469 0)
(-0.293479 -0.466178 0)
(-0.342186 -0.440015 0)
(-0.393067 -0.40197 0)
(-0.443147 -0.348 0)
(-0.486916 -0.275709 0)
(-0.516382 -0.186872 0)
(-0.523947 -0.0898412 0)
(-0.507758 0.00202076 0)
(-0.473235 0.0782501 0)
(-0.428561 0.135359 0)
(-0.380494 0.174648 0)
(-0.333435 0.199358 0)
(-0.289726 0.212616 0)
(-0.25042 0.216646 0)
(-0.216187 0.212957 0)
(-0.187525 0.203443 0)
(-0.0253495 -0.5567 0)
(-0.0634549 -0.541819 0)
(-0.098603 -0.51677 0)
(-0.132633 -0.494839 0)
(-0.167289 -0.476601 0)
(-0.203613 -0.460048 0)
(-0.242174 -0.442569 0)
(-0.283047 -0.421341 0)
(-0.325649 -0.393428 0)
(-0.368484 -0.355907 0)
(-0.408735 -0.306441 0)
(-0.442058 -0.244279 0)
(-0.463134 -0.171567 0)
(-0.467637 -0.0942306 0)
(-0.454869 -0.0204779 0)
(-0.428246 0.0431029 0)
(-0.39304 0.0936373 0)
(-0.354046 0.131177 0)
(-0.314726 0.157258 0)
(-0.277201 0.173626 0)
(-0.242671 0.181652 0)
(-0.212048 0.182437 0)
(-0.186034 0.177686 0)
(-0.0232051 -0.515178 0)
(-0.059715 -0.503978 0)
(-0.0941663 -0.481752 0)
(-0.127277 -0.460724 0)
(-0.160309 -0.44187 0)
(-0.194048 -0.423882 0)
(-0.228966 -0.404741 0)
(-0.26501 -0.3822 0)
(-0.301484 -0.354058 0)
(-0.336945 -0.318387 0)
(-0.369064 -0.273931 0)
(-0.394664 -0.220711 0)
(-0.410287 -0.160679 0)
(-0.413422 -0.0979167 0)
(-0.403834 -0.0376003 0)
(-0.383687 0.0160104 0)
(-0.356376 0.0606495 0)
(-0.325266 0.0958139 0)
(-0.292998 0.122045 0)
(-0.261388 0.140191 0)
(-0.231634 0.151005 0)
(-0.204761 0.155241 0)
(-0.181584 0.154375 0)
(-0.0210113 -0.477041 0)
(-0.0549676 -0.468117 0)
(-0.0875572 -0.44814 0)
(-0.118928 -0.428253 0)
(-0.149812 -0.409477 0)
(-0.180731 -0.390984 0)
(-0.211979 -0.371226 0)
(-0.243414 -0.348472 0)
(-0.274361 -0.321123 0)
(-0.303589 -0.287948 0)
(-0.329306 -0.248337 0)
(-0.349284 -0.202639 0)
(-0.361296 -0.152445 0)
(-0.363859 -0.100561 0)
(-0.356914 -0.0503397 0)
(-0.341848 -0.00461812 0)
(-0.320849 0.0348622 0)
(-0.296259 0.0674034 0)
(-0.270065 0.0930035 0)
(-0.243763 0.111953 0)
(-0.218464 0.124587 0)
(-0.195205 0.131389 0)
(-0.174845 0.1336 0)
(-0.0190065 -0.442426 0)
(-0.0499215 -0.434839 0)
(-0.0800788 -0.416643 0)
(-0.109221 -0.397926 0)
(-0.137672 -0.379687 0)
(-0.165722 -0.36136 0)
(-0.193484 -0.341756 0)
(-0.220768 -0.319553 0)
(-0.246984 -0.293605 0)
(-0.27115 -0.263145 0)
(-0.291943 -0.227934 0)
(-0.307835 -0.188424 0)
(-0.317395 -0.145865 0)
(-0.319734 -0.102205 0)
(-0.314859 -0.0596774 0)
(-0.303663 -0.0202305 0)
(-0.287582 0.014809 0)
(-0.268225 0.0447247 0)
(-0.24708 0.0692449 0)
(-0.225354 0.0883349 0)
(-0.204031 0.102062 0)
(-0.184096 0.110709 0)
(-0.166398 0.115301 0)
(-0.0171098 -0.411345 0)
(-0.0449078 -0.404438 0)
(-0.0724388 -0.387658 0)
(-0.0991233 -0.37007 0)
(-0.125043 -0.352629 0)
(-0.150281 -0.334897 0)
(-0.174828 -0.315943 0)
(-0.19848 -0.294754 0)
(-0.220747 -0.270509 0)
(-0.240874 -0.242738 0)
(-0.257907 -0.211401 0)
(-0.270805 -0.176955 0)
(-0.278651 -0.140369 0)
(-0.280903 -0.10302 0)
(-0.277588 -0.0664475 0)
(-0.269294 -0.0320253 0)
(-0.256977 -0.000771033 0)
(-0.241745 0.0266601 0)
(-0.224708 0.0498856 0)
(-0.206829 0.0686952 0)
(-0.188953 0.0829942 0)
(-0.171981 0.0929232 0)
(-0.156718 0.0993232 0)
(-0.0152372 -0.383475 0)
(-0.0401006 -0.376931 0)
(-0.0649988 -0.361295 0)
(-0.0891828 -0.344781 0)
(-0.112579 -0.328261 0)
(-0.135125 -0.311368 0)
(-0.156754 -0.293351 0)
(-0.177264 -0.273423 0)
(-0.19626 -0.250986 0)
(-0.213173 -0.22575 0)
(-0.227318 -0.197778 0)
(-0.237989 -0.167487 0)
(-0.244592 -0.135631 0)
(-0.246793 -0.103209 0)
(-0.244627 -0.0713149 0)
(-0.238486 -0.0409481 0)
(-0.229023 -0.0128995 0)
(-0.217014 0.012262 0)
(-0.20328 0.0341306 0)
(-0.188588 0.052414 0)
(-0.17365 0.0669272 0)
(-0.159266 0.0777152 0)
(-0.146182 0.0854642 0)
(-0.0134477 -0.358588 0)
(-0.0356272 -0.352225 0)
(-0.0579692 -0.337519 0)
(-0.0797016 -0.322019 0)
(-0.100638 -0.306459 0)
(-0.120647 -0.290523 0)
(-0.139642 -0.273588 0)
(-0.157435 -0.255022 0)
(-0.17371 -0.234374 0)
(-0.188037 -0.211462 0)
(-0.199927 -0.186391 0)
(-0.208896 -0.159528 0)
(-0.214556 -0.131465 0)
(-0.216701 -0.10295 0)
(-0.215363 -0.0747848 0)
(-0.210816 -0.0477181 0)
(-0.203513 -0.0223741 0)
(-0.194014 0.000761123 0)
(-0.182923 0.0213036 0)
(-0.17085 0.0389357 0)
(-0.15839 0.0534285 0)
(-0.146239 0.0647653 0)
(-0.135077 0.0735062 0)
(-0.0118617 -0.336516 0)
(-0.0315805 -0.330214 0)
(-0.0514709 -0.316281 0)
(-0.0708295 -0.301708 0)
(-0.0893991 -0.287091 0)
(-0.10704 -0.272147 0)
(-0.123658 -0.256337 0)
(-0.139083 -0.239133 0)
(-0.15306 -0.220178 0)
(-0.165265 -0.199351 0)
(-0.175347 -0.176768 0)
(-0.182971 -0.152747 0)
(-0.187879 -0.127761 0)
(-0.189942 -0.102386 0)
(-0.189193 -0.07723 0)
(-0.185826 -0.0528695 0)
(-0.180164 -0.0298051 0)
(-0.172619 -0.00845054 0)
(-0.163646 0.0108484 0)
(-0.153721 0.027783 0)
(-0.143339 0.0421095 0)
(-0.1331 0.053774 0)
(-0.123615 0.0632345 0)
(-0.0105013 -0.317031 0)
(-0.0279419 -0.310769 0)
(-0.045509 -0.297501 0)
(-0.0625959 -0.283754 0)
(-0.0789249 -0.270026 0)
(-0.0943701 -0.25605 0)
(-0.108834 -0.241339 0)
(-0.122168 -0.225432 0)
(-0.134167 -0.208027 0)
(-0.144587 -0.189038 0)
(-0.153173 -0.168577 0)
(-0.159691 -0.146919 0)
(-0.163968 -0.124451 0)
(-0.165922 -0.101627 0)
(-0.165582 -0.0789234 0)
(-0.163091 -0.0567968 0)
(-0.158685 -0.0356547 0)
(-0.15267 -0.0158487 0)
(-0.145396 0.00231466 0)
(-0.137231 0.018555 0)
(-0.128587 0.0326324 0)
(-0.119979 0.0444718 0)
(-0.111948 0.0544488 0)
(-0.00926508 -0.299869 0)
(-0.0245822 -0.293692 0)
(-0.0399954 -0.28102 0)
(-0.0549546 -0.268008 0)
(-0.0692002 -0.255108 0)
(-0.0826188 -0.242048 0)
(-0.0951197 -0.228371 0)
(-0.10658 -0.213655 0)
(-0.116841 -0.197635 0)
(-0.125719 -0.180242 0)
(-0.133029 -0.161581 0)
(-0.138606 -0.141891 0)
(-0.142329 -0.121493 0)
(-0.144145 -0.100757 0)
(-0.144081 -0.0800674 0)
(-0.142244 -0.0597938 0)
(-0.138806 -0.0402734 0)
(-0.133999 -0.0218054 0)
(-0.12809 -0.00465922 0)
(-0.12137 0.010919 0)
(-0.114178 0.0247078 0)
(-0.106956 0.0366217 0)
(-0.100182 0.0469679 0)
(-0.00804045 -0.284857 0)
(-0.0213765 -0.278743 0)
(-0.0348435 -0.266608 0)
(-0.0478528 -0.25428 0)
(-0.0601794 -0.242164 0)
(-0.0717228 -0.229967 0)
(-0.0824157 -0.217242 0)
(-0.0921711 -0.203595 0)
(-0.100873 -0.188787 0)
(-0.108388 -0.172761 0)
(-0.11458 -0.155616 0)
(-0.119328 -0.137561 0)
(-0.122547 -0.118868 0)
(-0.124203 -0.0998474 0)
(-0.124317 -0.0808166 0)
(-0.122968 -0.0620825 0)
(-0.120285 -0.0439288 0)
(-0.116438 -0.0266118 0)
(-0.111635 -0.0103648 0)
(-0.106103 0.00459852 0)
(-0.10012 0.0180892 0)
(-0.0940743 0.0300178 0)
(-0.0883868 0.040632 0)
(-0.00678057 -0.272029 0)
(-0.0182974 -0.265725 0)
(-0.030042 -0.25405 0)
(-0.0412695 -0.242399 0)
(-0.0518084 -0.231054 0)
(-0.0615899 -0.219672 0)
(-0.0705915 -0.207809 0)
(-0.0787699 -0.195099 0)
(-0.0860499 -0.181329 0)
(-0.0923345 -0.166455 0)
(-0.0975219 -0.150572 0)
(-0.101523 -0.133865 0)
(-0.104274 -0.116572 0)
(-0.105751 -0.0989568 0)
(-0.10597 -0.0812893 0)
(-0.104989 -0.0638307 0)
(-0.102902 -0.0468244 0)
(-0.099832 -0.0304927 0)
(-0.0959324 -0.0150362 0)
(-0.09138 -0.000634328 0)
(-0.0864057 0.0125667 0)
(-0.0813556 0.0244831 0)
(-0.0766082 0.0353037 0)
(-0.00540524 -0.261248 0)
(-0.0153349 -0.254396 0)
(-0.0256147 -0.243169 0)
(-0.0351766 -0.232254 0)
(-0.0439972 -0.221693 0)
(-0.0520834 -0.211076 0)
(-0.0594763 -0.199973 0)
(-0.0661771 -0.188056 0)
(-0.0721424 -0.175148 0)
(-0.0773004 -0.161222 0)
(-0.0815717 -0.14637 0)
(-0.0848863 -0.13076 0)
(-0.0871958 -0.114603 0)
(-0.0884807 -0.0981283 0)
(-0.0887531 -0.0815708 0)
(-0.0880545 -0.0651587 0)
(-0.0864508 -0.0491073 0)
(-0.0840277 -0.0336141 0)
(-0.0808872 -0.0188525 0)
(-0.0771542 -0.00496301 0)
(-0.073022 0.00796343 0)
(-0.0688148 0.0198674 0)
(-0.0648879 0.0308697 0)
(-0.00383024 -0.251729 0)
(-0.0124234 -0.244074 0)
(-0.0215486 -0.233684 0)
(-0.0294637 -0.223744 0)
(-0.0365663 -0.214014 0)
(-0.0429909 -0.204097 0)
(-0.0488424 -0.193632 0)
(-0.0541539 -0.182354 0)
(-0.0588984 -0.170133 0)
(-0.0630171 -0.156961 0)
(-0.0664437 -0.14293 0)
(-0.0691207 -0.128195 0)
(-0.0710093 -0.112944 0)
(-0.072094 -0.0973791 0)
(-0.0723841 -0.0817092 0)
(-0.0719103 -0.0661396 0)
(-0.0707194 -0.0508686 0)
(-0.0688657 -0.0360811 0)
(-0.0664026 -0.0219345 0)
(-0.0633902 -0.00852724 0)
(-0.0599789 0.00413087 0)
(-0.0564913 0.0160421 0)
(-0.0532952 0.0272415 0)
(-0.00302991 -0.244954 0)
(-0.00992121 -0.234195 0)
(-0.0179113 -0.225454 0)
(-0.0239571 -0.216892 0)
(-0.0292466 -0.208008 0)
(-0.0340272 -0.198672 0)
(-0.0384115 -0.188689 0)
(-0.042426 -0.177886 0)
(-0.0460395 -0.16618 0)
(-0.049196 -0.153583 0)
(-0.0518372 -0.140186 0)
(-0.0539152 -0.126129 0)
(-0.055399 -0.111579 0)
(-0.0562779 -0.0967185 0)
(-0.0565611 -0.0817348 0)
(-0.0562757 -0.0668176 0)
(-0.0554602 -0.0521578 0)
(-0.0541528 -0.0379445 0)
(-0.0523651 -0.0243409 0)
(-0.0500735 -0.0114158 0)
(-0.0473444 0.000939112 0)
(-0.0445023 0.0128937 0)
(-0.041984 0.0243607 0)
(-0.00752097 -0.245677 0)
(-0.008906 -0.226838 0)
(-0.0149236 -0.219907 0)
(-0.0184975 -0.212528 0)
(-0.0217493 -0.204137 0)
(-0.0248952 -0.195081 0)
(-0.0278984 -0.185344 0)
(-0.0307086 -0.174818 0)
(-0.03327 -0.163442 0)
(-0.0355249 -0.151233 0)
(-0.037423 -0.138275 0)
(-0.0389266 -0.124691 0)
(-0.0400135 -0.110633 0)
(-0.0406781 -0.096264 0)
(-0.0409325 -0.0817541 0)
(-0.0408065 -0.0672798 0)
(-0.0403463 -0.0530293 0)
(-0.0396012 -0.0392093 0)
(-0.0385781 -0.0260222 0)
(-0.037168 -0.0135777 0)
(-0.0352497 -0.00161656 0)
(-0.0331122 0.0103638 0)
(-0.0312917 0.0222156 0)
(-0.0273658 -0.240704 0)
(-0.00889283 -0.227447 0)
(-0.0120741 -0.219823 0)
(-0.0126302 -0.211736 0)
(-0.0137309 -0.202959 0)
(-0.0153176 -0.193752 0)
(-0.0170316 -0.184004 0)
(-0.018703 -0.173562 0)
(-0.0202527 -0.16234 0)
(-0.0216291 -0.150338 0)
(-0.0227954 -0.137622 0)
(-0.0237264 -0.124303 0)
(-0.0244088 -0.110516 0)
(-0.0248419 -0.0964107 0)
(-0.0250392 -0.0821397 0)
(-0.0250336 -0.0678624 0)
(-0.0248862 -0.0537533 0)
(-0.0246888 -0.0400225 0)
(-0.024535 -0.0269328 0)
(-0.0242934 -0.0146972 0)
(-0.0237858 -0.00309924 0)
(-0.0228971 0.00916763 0)
(-0.0219292 0.0212065 0)
(-0.0597486 -0.197141 0)
(-0.00452948 -0.237932 0)
(-0.00638993 -0.221238 0)
(-0.0049524 -0.210167 0)
(-0.00474131 -0.200429 0)
(-0.00511833 -0.190949 0)
(-0.00565307 -0.181197 0)
(-0.00620366 -0.170875 0)
(-0.00672309 -0.159839 0)
(-0.00718778 -0.148064 0)
(-0.00758347 -0.135605 0)
(-0.00790148 -0.122561 0)
(-0.00813776 -0.109057 0)
(-0.00829341 -0.0952296 0)
(-0.00837685 -0.081214 0)
(-0.00840947 -0.0671382 0)
(-0.00843815 -0.0531238 0)
(-0.00856455 -0.0393104 0)
(-0.00894961 -0.025909 0)
(-0.00971479 -0.0131678 0)
(-0.0111388 -0.0019064 0)
(-0.0152328 0.00918732 0)
(-0.0158039 0.0212604 0)
(0.925612 1.08556 0)
(0.69452 0.575743 0)
(0.445508 0.203259 0)
(0.395995 -0.0142374 0)
(1.0211 0.815257 0)
(1.01476 0.49525 0)
(0.943403 0.223279 0)
(0.865086 0.0479828 0)
(0.793008 0.606297 0)
(0.835386 0.459767 0)
(0.823813 0.326835 0)
(0.77359 0.228832 0)
(0.604342 0.561581 0)
(0.624842 0.46974 0)
(0.622471 0.384309 0)
(0.602154 0.316145 0)
(0.474312 0.524981 0)
(0.485026 0.455175 0)
(0.486711 0.394014 0)
(0.480032 0.346655 0)
(0.386212 0.498924 0)
(0.393991 0.442303 0)
(0.39679 0.395027 0)
(0.394665 0.359989 0)
(0.320229 0.480959 0)
(0.326378 0.432451 0)
(0.329201 0.393453 0)
(0.328846 0.366052 0)
(0.265769 0.466502 0)
(0.270968 0.423686 0)
(0.273734 0.39043 0)
(0.274275 0.368333 0)
(0.218225 0.453962 0)
(0.222895 0.415599 0)
(0.225653 0.386683 0)
(0.226755 0.368476 0)
(0.175321 0.442612 0)
(0.179715 0.407866 0)
(0.182549 0.382362 0)
(0.184099 0.367111 0)
(0.135802 0.431956 0)
(0.140109 0.400201 0)
(0.143114 0.377441 0)
(0.145098 0.364485 0)
(0.0988854 0.421563 0)
(0.103274 0.392312 0)
(0.106557 0.371795 0)
(0.109012 0.360649 0)
(0.0640045 0.411018 0)
(0.0686566 0.383893 0)
(0.0723451 0.365243 0)
(0.0753428 0.355549 0)
(0.0307362 0.399863 0)
(0.0358598 0.374598 0)
(0.0401066 0.357551 0)
(0.0437476 0.349053 0)
(-0.00116844 0.387575 0)
(0.00465821 0.364034 0)
(0.00963662 0.348437 0)
(0.0140415 0.340982 0)
(-0.0316987 0.373541 0)
(-0.0249527 0.351729 0)
(-0.0190838 0.337564 0)
(-0.0138029 0.331115 0)
(-0.060569 0.357294 0)
(-0.0527507 0.337332 0)
(-0.0458842 0.324664 0)
(-0.0396568 0.319258 0)
(-0.0872373 0.338538 0)
(-0.0783044 0.320666 0)
(-0.0704245 0.309658 0)
(-0.0632564 0.305401 0)
(-0.110983 0.317272 0)
(-0.101035 0.301768 0)
(-0.0922336 0.292611 0)
(-0.0842153 0.289635 0)
(-0.13107 0.293887 0)
(-0.120352 0.280978 0)
(-0.110833 0.273829 0)
(-0.102145 0.272246 0)
(-0.146957 0.269107 0)
(-0.135815 0.258897 0)
(-0.125867 0.253822 0)
(-0.116754 0.253682 0)
(-0.15844 0.24382 0)
(-0.147246 0.236261 0)
(-0.137184 0.233217 0)
(-0.127918 0.234486 0)
(-0.165647 0.218889 0)
(-0.15474 0.213801 0)
(-0.144857 0.212639 0)
(-0.135695 0.215212 0)
(-0.168958 0.195023 0)
(-0.158604 0.192135 0)
(-0.149137 0.192637 0)
(-0.140295 0.196352 0)
(-0.168896 0.172728 0)
(-0.159273 0.171722 0)
(-0.150394 0.173634 0)
(-0.142034 0.178302 0)
(-0.166029 0.152304 0)
(-0.157239 0.152856 0)
(-0.149053 0.155918 0)
(-0.141282 0.161343 0)
(-0.160909 0.133885 0)
(-0.152991 0.13569 0)
(-0.145549 0.139657 0)
(-0.138426 0.145654 0)
(-0.154035 0.117474 0)
(-0.146981 0.120264 0)
(-0.140292 0.12492 0)
(-0.133839 0.131326 0)
(-0.145834 0.102993 0)
(-0.139605 0.106538 0)
(-0.13365 0.111702 0)
(-0.127861 0.11838 0)
(-0.136656 0.090311 0)
(-0.131197 0.0944238 0)
(-0.125936 0.0999479 0)
(-0.120785 0.106789 0)
(-0.126783 0.0792726 0)
(-0.122028 0.0838047 0)
(-0.117412 0.0895738 0)
(-0.112863 0.0964947 0)
(-0.116429 0.0697167 0)
(-0.112312 0.0745526 0)
(-0.108288 0.0804795 0)
(-0.104299 0.0874197 0)
(-0.105756 0.0614881 0)
(-0.102211 0.0665405 0)
(-0.0987267 0.0725617 0)
(-0.0952555 0.0794799 0)
(-0.0948801 0.0544441 0)
(-0.0918491 0.0596489 0)
(-0.0888546 0.06572 0)
(-0.0858588 0.0725903 0)
(-0.0838843 0.0484571 0)
(-0.0813141 0.053769 0)
(-0.0787656 0.0598612 0)
(-0.0762072 0.0666701 0)
(-0.0728281 0.0434168 0)
(-0.0706747 0.0488059 0)
(-0.0685348 0.0549026 0)
(-0.0663812 0.0616467 0)
(-0.0617673 0.0392337 0)
(-0.0599966 0.0446831 0)
(-0.0582362 0.0507771 0)
(-0.0564619 0.0574598 0)
(-0.050789 0.0358405 0)
(-0.0493784 0.0413435 0)
(-0.0479782 0.0474348 0)
(-0.0465668 0.054064 0)
(-0.0400739 0.0331977 0)
(-0.0390161 0.0387551 0)
(-0.037969 0.0448481 0)
(-0.0369133 0.0514359 0)
(-0.0300075 0.0313054 0)
(-0.0293177 0.0369176 0)
(-0.0286271 0.0430138 0)
(-0.0279256 0.0495628 0)
(-0.0213811 0.0302761 0)
(-0.0210966 0.0358649 0)
(-0.0207736 0.0419297 0)
(-0.02043 0.0484346 0)
(-0.0159345 0.0302178 0)
(-0.0159365 0.0356062 0)
(-0.0158757 0.0415691 0)
(-0.0157875 0.0479832 0)
(0.454819 -0.188005 0)
(0.357127 -0.173978 0)
(0.285879 -0.0926438 0)
(0.251942 -0.0343945 0)
(0.222394 0.000558615 0)
(0.197446 0.0212315 0)
(0.176573 0.034041 0)
(0.158215 0.0421121 0)
(0.141529 0.0470009 0)
(0.126047 0.0497609 0)
(0.111479 0.0511723 0)
(0.0976366 0.0517952 0)
(0.0843883 0.052002 0)
(0.0716235 0.0519967 0)
(0.0592093 0.0518404 0)
(0.0469534 0.051482 0)
(0.034596 0.0508209 0)
(0.0219677 0.0499223 0)
(0.00868368 0.0484785 0)
(0.717085 -0.0657271 0)
(0.505729 -0.0597542 0)
(0.371512 -0.0161836 0)
(0.300306 0.0143001 0)
(0.252825 0.0336549 0)
(0.217573 0.0462388 0)
(0.190263 0.0544383 0)
(0.167788 0.0596122 0)
(0.148401 0.0625794 0)
(0.131131 0.0639912 0)
(0.115381 0.0644002 0)
(0.100764 0.0642461 0)
(0.0870117 0.0638481 0)
(0.0738981 0.0634093 0)
(0.0611833 0.063032 0)
(0.0485767 0.0627463 0)
(0.0357711 0.0625571 0)
(0.0226001 0.0625021 0)
(0.00886746 0.0617671 0)
(0.661147 0.128616 0)
(0.504899 0.0816133 0)
(0.392025 0.0743523 0)
(0.319562 0.073863 0)
(0.267794 0.0749551 0)
(0.228497 0.0768965 0)
(0.197833 0.0786725 0)
(0.172885 0.0797348 0)
(0.151783 0.0799504 0)
(0.133367 0.0794443 0)
(0.116881 0.078464 0)
(0.101814 0.0772767 0)
(0.0877982 0.0761176 0)
(0.0745218 0.0751708 0)
(0.0616734 0.0745664 0)
(0.0489123 0.0743865 0)
(0.0359216 0.074676 0)
(0.0225662 0.0753849 0)
(0.00878827 0.0752279 0)
(0.550485 0.235004 0)
(0.457654 0.17606 0)
(0.37737 0.146513 0)
(0.316547 0.128065 0)
(0.268587 0.11618 0)
(0.230114 0.108977 0)
(0.199055 0.104427 0)
(0.173436 0.101096 0)
(0.151746 0.0982215 0)
(0.132916 0.0955031 0)
(0.116187 0.0929083 0)
(0.101011 0.0905314 0)
(0.0869743 0.0885169 0)
(0.0737211 0.0870203 0)
(0.0609077 0.0861824 0)
(0.0481842 0.0861071 0)
(0.0352539 0.0868313 0)
(0.0220218 0.0881945 0)
(0.00851855 0.0884908 0)
(0.45793 0.289276 0)
(0.402904 0.236178 0)
(0.34778 0.199964 0)
(0.300104 0.173053 0)
(0.258984 0.153384 0)
(0.224029 0.139565 0)
(0.194662 0.129758 0)
(0.169856 0.122416 0)
(0.1486 0.116536 0)
(0.130057 0.111579 0)
(0.11357 0.107316 0)
(0.0986283 0.103703 0)
(0.0848215 0.100807 0)
(0.0717913 0.0987513 0)
(0.0591959 0.0976743 0)
(0.0467035 0.0976786 0)
(0.0340514 0.0987675 0)
(0.0211774 0.100669 0)
(0.0081569 0.101313 0)
(0.384585 0.318792 0)
(0.350727 0.274667 0)
(0.312768 0.238793 0)
(0.276332 0.208974 0)
(0.242488 0.185224 0)
(0.212191 0.16709 0)
(0.185736 0.153342 0)
(0.16278 0.142694 0)
(0.142758 0.134173 0)
(0.125097 0.12716 0)
(0.109288 0.121322 0)
(0.094902 0.116526 0)
(0.0815734 0.112782 0)
(0.068971 0.110188 0)
(0.0567798 0.108873 0)
(0.044701 0.108927 0)
(0.0325081 0.11031 0)
(0.0201605 0.112654 0)
(0.00774948 0.113573 0)
(0.324201 0.335763 0)
(0.302751 0.299991 0)
(0.276374 0.267001 0)
(0.248884 0.237085 0)
(0.221768 0.211588 0)
(0.196388 0.190895 0)
(0.173425 0.174419 0)
(0.152941 0.161256 0)
(0.134703 0.150591 0)
(0.118373 0.141832 0)
(0.103597 0.134612 0)
(0.090047 0.128758 0)
(0.0774225 0.124247 0)
(0.0654395 0.121162 0)
(0.053824 0.119624 0)
(0.0423171 0.119704 0)
(0.0307264 0.121327 0)
(0.0190247 0.124044 0)
(0.00730737 0.125193 0)
(0.27244 0.34575 0)
(0.25871 0.316936 0)
(0.24038 0.287451 0)
(0.219942 0.258721 0)
(0.19874 0.232852 0)
(0.178093 0.210843 0)
(0.158777 0.19264 0)
(0.141063 0.177707 0)
(0.124936 0.165426 0)
(0.110239 0.155284 0)
(0.0967583 0.146932 0)
(0.0842661 0.14019 0)
(0.0725341 0.135026 0)
(0.0613346 0.13152 0)
(0.0504406 0.129787 0)
(0.0396353 0.129889 0)
(0.028758 0.131717 0)
(0.0177914 0.134759 0)
(0.00683287 0.136112 0)
(0.22661 0.351465 0)
(0.218089 0.328189 0)
(0.205635 0.30206 0)
(0.190833 0.275013 0)
(0.174729 0.249552 0)
(0.158433 0.227078 0)
(0.142671 0.20793 0)
(0.127799 0.191871 0)
(0.113932 0.178471 0)
(0.101042 0.167315 0)
(0.0890284 0.1581 0)
(0.0777531 0.150661 0)
(0.0670575 0.144977 0)
(0.0567708 0.141135 0)
(0.0467144 0.139252 0)
(0.0367124 0.139383 0)
(0.0266345 0.141398 0)
(0.0164728 0.144737 0)
(0.00632812 0.146276 0)
(0.18516 0.354225 0)
(0.18049 0.335283 0)
(0.17256 0.31211 0)
(0.162351 0.286866 0)
(0.150619 0.262243 0)
(0.138226 0.239878 0)
(0.125795 0.220375 0)
(0.113695 0.203719 0)
(0.10211 0.189637 0)
(0.0911004 0.177813 0)
(0.0806493 0.167997 0)
(0.0706918 0.160058 0)
(0.0611319 0.153996 0)
(0.0518517 0.149912 0)
(0.0427186 0.147933 0)
(0.0335961 0.148114 0)
(0.0243828 0.150311 0)
(0.0150808 0.153926 0)
(0.00579655 0.155637 0)
(0.147177 0.354693 0)
(0.145604 0.339124 0)
(0.141333 0.318469 0)
(0.134951 0.29499 0)
(0.126976 0.271438 0)
(0.118044 0.24957 0)
(0.108665 0.230149 0)
(0.099188 0.213318 0)
(0.0898278 0.198924 0)
(0.0806985 0.186737 0)
(0.0718431 0.176564 0)
(0.0632544 0.168313 0)
(0.0548888 0.162013 0)
(0.0466753 0.157784 0)
(0.0385234 0.155769 0)
(0.0303333 0.156026 0)
(0.0220312 0.158408 0)
(0.0136302 0.162285 0)
(0.00524305 0.164155 0)
(0.112071 0.353199 0)
(0.113168 0.340262 0)
(0.11199 0.321742 0)
(0.108871 0.299937 0)
(0.104147 0.277584 0)
(0.0982747 0.256476 0)
(0.0916615 0.237462 0)
(0.0846221 0.220785 0)
(0.0773802 0.206383 0)
(0.070081 0.194095 0)
(0.0628085 0.183783 0)
(0.0555993 0.175395 0)
(0.0484521 0.168989 0)
(0.041336 0.16471 0)
(0.034198 0.16272 0)
(0.0269722 0.163085 0)
(0.019611 0.165656 0)
(0.0121384 0.169782 0)
(0.00467381 0.1718 0)
(0.0794249 0.349887 0)
(0.0829602 0.339033 0)
(0.0845 0.32235 0)
(0.0842225 0.302135 0)
(0.0823442 0.281058 0)
(0.0791827 0.260895 0)
(0.0750624 0.242531 0)
(0.0702636 0.226265 0)
(0.0650074 0.2121 0)
(0.0594559 0.199933 0)
(0.0537205 0.189672 0)
(0.0478699 0.181302 0)
(0.0419367 0.174912 0)
(0.0359236 0.170674 0)
(0.0298105 0.168766 0)
(0.023562 0.16927 0)
(0.0171551 0.172037 0)
(0.0106244 0.1764 0)
(0.0040958 0.178552 0)
(0.0489519 0.344785 0)
(0.0548121 0.33564 0)
(0.0588136 0.320594 0)
(0.0610637 0.301913 0)
(0.0617028 0.282171 0)
(0.0609522 0.263093 0)
(0.0590742 0.245561 0)
(0.0563203 0.229909 0)
(0.0529048 0.216181 0)
(0.0489984 0.20432 0)
(0.0447306 0.194272 0)
(0.040194 0.186057 0)
(0.0354476 0.179794 0)
(0.0305222 0.175677 0)
(0.0254259 0.173907 0)
(0.020151 0.174577 0)
(0.0146969 0.177546 0)
(0.00910825 0.182131 0)
(0.00351639 0.184402 0)
(0.0204964 0.337862 0)
(0.0286251 0.330206 0)
(0.0349036 0.316692 0)
(0.0394343 0.299531 0)
(0.0423198 0.281183 0)
(0.0437197 0.263302 0)
(0.0438551 0.24675 0)
(0.0429565 0.231872 0)
(0.0412314 0.218744 0)
(0.0388549 0.207341 0)
(0.0359691 0.197644 0)
(0.0326838 0.189702 0)
(0.029079 0.183661 0)
(0.0252087 0.179739 0)
(0.0211053 0.178154 0)
(0.0167854 0.179016 0)
(0.0122689 0.182189 0)
(0.00760951 0.186982 0)
(0.00294293 0.189355 0)
(-0.00597555 0.329062 0)
(0.00437529 0.322822 0)
(0.0127772 0.31082 0)
(0.0193788 0.295204 0)
(0.0242753 0.278316 0)
(0.0275934 0.261731 0)
(0.0295304 0.246279 0)
(0.0303038 0.232307 0)
(0.0301169 0.21991 0)
(0.0291475 0.209092 0)
(0.0275463 0.199861 0)
(0.0254364 0.192293 0)
(0.022914 0.186556 0)
(0.0200522 0.182891 0)
(0.0169041 0.181533 0)
(0.0135079 0.182607 0)
(0.0099015 0.185985 0)
(0.00614674 0.190969 0)
(0.0023824 0.193425 0)
(-0.0303903 0.318317 0)
(-0.0179018 0.313555 0)
(-0.00752743 0.303132 0)
(0.000950674 0.289126 0)
(0.00764226 0.273774 0)
(0.0126631 0.258574 0)
(0.0162012 0.244322 0)
(0.0184688 0.231363 0)
(0.0196673 0.219806 0)
(0.019977 0.209676 0)
(0.0195552 0.201007 0)
(0.0185346 0.193896 0)
(0.0170244 0.188534 0)
(0.0151133 0.185177 0)
(0.0128719 0.184081 0)
(0.010357 0.185382 0)
(0.0076225 0.188963 0)
(0.00473691 0.19412 0)
(0.00184118 0.196639 0)
(-0.0525711 0.305691 0)
(-0.0380954 0.302524 0)
(-0.0259308 0.293776 0)
(-0.015784 0.28147 0)
(-0.0075124 0.267743 0)
(-0.000997088 0.254015 0)
(0.00394855 0.241049 0)
(0.00753607 0.22919 0)
(0.00996735 0.218559 0)
(0.0114252 0.209202 0)
(0.0120718 0.201171 0)
(0.0120473 0.194587 0)
(0.011471 0.189655 0)
(0.0104439 0.18665 0)
(0.00905172 0.185843 0)
(0.00736671 0.187384 0)
(0.00545653 0.191162 0)
(0.00339491 0.196471 0)
(0.00132481 0.199033 0)
(-0.0722485 0.291324 0)
(-0.0560399 0.289911 0)
(-0.0423262 0.282957 0)
(-0.030745 0.272442 0)
(-0.0211198 0.260412 0)
(-0.013323 0.248227 0)
(-0.00716394 0.236622 0)
(-0.00242962 0.225935 0)
(0.00108241 0.2163 0)
(0.00355615 0.20778 0)
(0.005157 0.20045 0)
(0.0060305 0.194445 0)
(0.00630366 0.189989 0)
(0.00608755 0.18737 0)
(0.00547977 0.186872 0)
(0.00456592 0.188659 0)
(0.0034249 0.192628 0)
(0.00213309 0.19807 0)
(0.000837434 0.20065 0)
(-0.0891519 0.275483 0)
(-0.0715624 0.275964 0)
(-0.0565998 0.270909 0)
(-0.0438524 0.262263 0)
(-0.0331184 0.251993 0)
(-0.0242607 0.241403 0)
(-0.017085 0.231207 0)
(-0.0113783 0.221741 0)
(-0.00693888 0.213153 0)
(-0.00358294 0.205523 0)
(-0.00114391 0.19894 0)
(0.000526794 0.193556 0)
(0.00156136 0.189609 0)
(0.00207849 0.187402 0)
(0.00218542 0.187228 0)
(0.00197858 0.189262 0)
(0.0015458 0.193413 0)
(0.000960705 0.19897 0)
(0.00038021 0.201538 0)
(-0.103082 0.258548 0)
(-0.0845331 0.261001 0)
(-0.0686663 0.257907 0)
(-0.0550469 0.251175 0)
(-0.0434617 0.242699 0)
(-0.0337701 0.233735 0)
(-0.0257779 0.224977 0)
(-0.0192747 0.216763 0)
(-0.0140618 0.209252 0)
(-0.0099579 0.202542 0)
(-0.00679804 0.196738 0)
(-0.00443295 0.192005 0)
(-0.00272754 0.188593 0)
(-0.00155786 0.186813 0)
(-0.000809381 0.186972 0)
(-0.000377073 0.189253 0)
(-0.000165667 0.193574 0)
(-0.000117056 0.199224 0)
(-5.16958e-05 0.20177 0)
(-0.113954 0.240965 0)
(-0.0948973 0.245383 0)
(-0.078491 0.24425 0)
(-0.0643051 0.239434 0)
(-0.0521308 0.232753 0)
(-0.0418327 0.225416 0)
(-0.0332228 0.218101 0)
(-0.0260973 0.211148 0)
(-0.0202638 0.20473 0)
(-0.0155464 0.198955 0)
(-0.0117836 0.193946 0)
(-0.00882797 0.189881 0)
(-0.0065437 0.187016 0)
(-0.00480411 0.185674 0)
(-0.00348988 0.186168 0)
(-0.00249014 0.188693 0)
(-0.00170532 0.193175 0)
(-0.00108314 0.198931 0)
(-0.000432768 0.201355 0)
(-0.121815 0.223191 0)
(-0.102687 0.229479 0)
(-0.0860994 0.230245 0)
(-0.0716465 0.227297 0)
(-0.0591393 0.222374 0)
(-0.0484558 0.216638 0)
(-0.0394211 0.210747 0)
(-0.0318424 0.205045 0)
(-0.0255373 0.199713 0)
(-0.0203378 0.194876 0)
(-0.0160885 0.190666 0)
(-0.0126457 0.187273 0)
(-0.00987506 0.184961 0)
(-0.00764933 0.184058 0)
(-0.00584664 0.184886 0)
(-0.00435237 0.187647 0)
(-0.00306408 0.19228 0)
(-0.00193325 0.198135 0)
(-0.000767111 0.20038 0)
(-0.126824 0.205644 0)
(-0.108016 0.213637 0)
(-0.091575 0.216181 0)
(-0.0771336 0.21501 0)
(-0.0645333 0.211775 0)
(-0.0536726 0.207584 0)
(-0.044395 0.203075 0)
(-0.0365237 0.198593 0)
(-0.0298893 0.194327 0)
(-0.0243342 0.190413 0)
(-0.0197112 0.186995 0)
(-0.0158822 0.184269 0)
(-0.0127165 0.182506 0)
(-0.0100881 0.182039 0)
(-0.00787436 0.183193 0)
(-0.00595897 0.18618 0)
(-0.00423798 0.190951 0)
(-0.00266293 0.196882 0)
(-0.00105006 0.19894 0)
(-0.129228 0.188673 0)
(-0.111063 0.198157 0)
(-0.0950502 0.202319 0)
(-0.0808659 0.202799 0)
(-0.0683876 0.201149 0)
(-0.057539 0.198423 0)
(-0.0481861 0.195236 0)
(-0.0401712 0.191926 0)
(-0.0333406 0.18869 0)
(-0.0275494 0.185674 0)
(-0.0226602 0.183028 0)
(-0.0185423 0.180955 0)
(-0.0150701 0.179729 0)
(-0.0121204 0.179687 0)
(-0.00957212 0.181157 0)
(-0.00730847 0.184358 0)
(-0.0052255 0.18925 0)
(-0.00327283 0.195234 0)
(-0.00128259 0.197111 0)
(-0.129324 0.172547 0)
(-0.112049 0.183285 0)
(-0.0966928 0.188877 0)
(-0.0829713 0.190855 0)
(-0.0708003 0.19067 0)
(-0.0601302 0.18931 0)
(-0.0508517 0.187365 0)
(-0.0428284 0.185166 0)
(-0.035924 0.182913 0)
(-0.0300076 0.180757 0)
(-0.0249531 0.178855 0)
(-0.0206384 0.177412 0)
(-0.0169443 0.176707 0)
(-0.0137521 0.177074 0)
(-0.0109435 0.178845 0)
(-0.008403 0.182246 0)
(-0.00602797 0.187243 0)
(-0.00376596 0.193255 0)
(-0.0014684 0.194961 0)
(-0.127427 0.157451 0)
(-0.111219 0.169204 0)
(-0.0966918 0.176029 0)
(-0.0835967 0.17934 0)
(-0.071886 0.180482 0)
(-0.0615358 0.180378 0)
(-0.0524621 0.179584 0)
(-0.0445503 0.178424 0)
(-0.0376822 0.177097 0)
(-0.0317419 0.175755 0)
(-0.026615 0.17456 0)
(-0.0221895 0.173719 0)
(-0.0183535 0.17351 0)
(-0.0149938 0.174267 0)
(-0.0119962 0.176323 0)
(-0.00924814 0.179906 0)
(-0.00664936 0.184991 0)
(-0.00414603 0.19101 0)
(-0.00161022 0.192561 0)
(-0.12385 0.143502 0)
(-0.108821 0.156042 0)
(-0.0952441 0.163904 0)
(-0.0828984 0.168381 0)
(-0.0717688 0.170707 0)
(-0.0618548 0.171738 0)
(-0.0530962 0.171999 0)
(-0.0453998 0.171798 0)
(-0.0386654 0.17133 0)
(-0.032792 0.170751 0)
(-0.0276777 0.170221 0)
(-0.0232206 0.169948 0)
(-0.0193171 0.170207 0)
(-0.0158606 0.171331 0)
(-0.0127419 0.173652 0)
(-0.00985257 0.1774 0)
(-0.00709596 0.182556 0)
(-0.00441759 0.188563 0)
(-0.00171031 0.189977 0)
(-0.118887 0.130754 0)
(-0.105096 0.143878 0)
(-0.0925444 0.152594 0)
(-0.0810343 0.158071 0)
(-0.0705768 0.161439 0)
(-0.0611911 0.163485 0)
(-0.0528386 0.164698 0)
(-0.0454456 0.165372 0)
(-0.0389293 0.165694 0)
(-0.0332031 0.16582 0)
(-0.0281776 0.165908 0)
(-0.0237611 0.166164 0)
(-0.0198588 0.166861 0)
(-0.0163712 0.168326 0)
(-0.0131953 0.170891 0)
(-0.0102276 0.174787 0)
(-0.00737594 0.179999 0)
(-0.00458611 0.185977 0)
(-0.00177103 0.18727 0)
(-0.1128 0.119216 0)
(-0.100264 0.132751 0)
(-0.0887768 0.142154 0)
(-0.0781571 0.148478 0)
(-0.0684365 0.152749 0)
(-0.0596496 0.155691 0)
(-0.0517758 0.157755 0)
(-0.0447594 0.159217 0)
(-0.0385331 0.160258 0)
(-0.0330241 0.161028 0)
(-0.0281548 0.161685 0)
(-0.0238439 0.16243 0)
(-0.0200053 0.16353 0)
(-0.0165474 0.165309 0)
(-0.0133736 0.168096 0)
(-0.0103864 0.172122 0)
(-0.00749895 0.177375 0)
(-0.00465778 0.183309 0)
(-0.00179486 0.1845 0)
(-0.105816 0.108865 0)
(-0.0945238 0.122668 0)
(-0.0841103 0.132613 0)
(-0.0744103 0.139644 0)
(-0.0654693 0.14469 0)
(-0.0573325 0.148412 0)
(-0.0499941 0.151228 0)
(-0.0434135 0.153393 0)
(-0.0375375 0.155081 0)
(-0.0323057 0.156435 0)
(-0.0276518 0.157609 0)
(-0.0235044 0.158799 0)
(-0.0197861 0.160267 0)
(-0.0164131 0.162332 0)
(-0.0132962 0.165318 0)
(-0.0103441 0.169457 0)
(-0.00747583 0.174738 0)
(-0.00463931 0.180617 0)
(-0.00178434 0.181722 0)
(-0.0981292 0.0996553 0)
(-0.0880459 0.113613 0)
(-0.0786955 0.123977 0)
(-0.0699253 0.131591 0)
(-0.0617888 0.137295 0)
(-0.0543378 0.141691 0)
(-0.0475774 0.145163 0)
(-0.0414797 0.147949 0)
(-0.0360036 0.150212 0)
(-0.0310999 0.152089 0)
(-0.0267125 0.153728 0)
(-0.0227795 0.155321 0)
(-0.019232 0.157122 0)
(-0.0159942 0.159443 0)
(-0.012984 0.162606 0)
(-0.0101172 0.16684 0)
(-0.00731852 0.172136 0)
(-0.00453815 0.17795 0)
(-0.00174225 0.178987 0)
(-0.0898976 0.0915284 0)
(-0.080976 0.105558 0)
(-0.0726643 0.11624 0)
(-0.06482 0.124329 0)
(-0.0574997 0.130584 0)
(-0.0507572 0.135556 0)
(-0.0446059 0.139596 0)
(-0.0390277 0.142924 0)
(-0.0339916 0.145692 0)
(-0.0294583 0.148032 0)
(-0.0253812 0.150086 0)
(-0.0217069 0.152038 0)
(-0.018375 0.154135 0)
(-0.0153173 0.156685 0)
(-0.0124592 0.160002 0)
(-0.00972317 0.164315 0)
(-0.00704025 0.169614 0)
(-0.00436275 0.175355 0)
(-0.00167188 0.17634 0)
(-0.0812489 0.0844208 0)
(-0.0734362 0.0984626 0)
(-0.0661312 0.109382 0)
(-0.0591999 0.117855 0)
(-0.0526975 0.124569 0)
(-0.0466769 0.130028 0)
(-0.0411561 0.134552 0)
(-0.0361248 0.138348 0)
(-0.0315605 0.141556 0)
(-0.0274324 0.144302 0)
(-0.0237023 0.14672 0)
(-0.020325 0.148988 0)
(-0.017248 0.151347 0)
(-0.0144105 0.154096 0)
(-0.0117452 0.157545 0)
(-0.0091811 0.16192 0)
(-0.00665543 0.167213 0)
(-0.00412261 0.172875 0)
(-0.00157712 0.173822 0)
(-0.0722858 0.0782695 0)
(-0.0655297 0.0922871 0)
(-0.0591969 0.103382 0)
(-0.0531607 0.112162 0)
(-0.0474714 0.119253 0)
(-0.0421782 0.125116 0)
(-0.0373015 0.13005 0)
(-0.0328369 0.134244 0)
(-0.0287687 0.13783 0)
(-0.0250734 0.140926 0)
(-0.0217206 0.14366 0)
(-0.0186726 0.146203 0)
(-0.0158843 0.148789 0)
(-0.0133023 0.15171 0)
(-0.0108661 0.15527 0)
(-0.008511 0.159693 0)
(-0.00617957 0.164969 0)
(-0.00382808 0.170546 0)
(-0.0014622 0.171468 0)
(-0.0630967 0.0730171 0)
(-0.0573497 0.0869914 0)
(-0.0519557 0.0982147 0)
(-0.0467945 0.107236 0)
(-0.0419088 0.114632 0)
(-0.0373426 0.120829 0)
(-0.0331167 0.126102 0)
(-0.0292311 0.130629 0)
(-0.025676 0.134534 0)
(-0.0224344 0.137927 0)
(-0.0194826 0.140932 0)
(-0.0167902 0.143711 0)
(-0.0143191 0.146492 0)
(-0.012023 0.149559 0)
(-0.0098478 0.153209 0)
(-0.00773443 0.157664 0)
(-0.0056295 0.162913 0)
(-0.00349037 0.168401 0)
(-0.00133159 0.169305 0)
(-0.0537736 0.0686155 0)
(-0.0489968 0.0825402 0)
(-0.0445114 0.0938556 0)
(-0.0402034 0.103064 0)
(-0.0361071 0.110701 0)
(-0.0322606 0.117164 0)
(-0.0286847 0.122712 0)
(-0.0253827 0.127513 0)
(-0.0223499 0.131682 0)
(-0.019575 0.135323 0)
(-0.0170406 0.138555 0)
(-0.0147231 0.141534 0)
(-0.0125916 0.14448 0)
(-0.0106064 0.147667 0)
(-0.00871936 0.151389 0)
(-0.00687581 0.155861 0)
(-0.00502454 0.161071 0)
(-0.00312255 0.166463 0)
(-0.0011904 0.167354 0)
(-0.044447 0.0650298 0)
(-0.0406105 0.0789051 0)
(-0.0370046 0.0902824 0)
(-0.0335234 0.099628 0)
(-0.0301942 0.107447 0)
(-0.0270505 0.114116 0)
(-0.0241131 0.119881 0)
(-0.0213886 0.124899 0)
(-0.0188767 0.129281 0)
(-0.0165713 0.133126 0)
(-0.0144612 0.136545 0)
(-0.0125292 0.13969 0)
(-0.0107514 0.142772 0)
(-0.0090949 0.146059 0)
(-0.00751694 0.149834 0)
(-0.00596576 0.154308 0)
(-0.00438949 0.159467 0)
(-0.00274181 0.164752 0)
(-0.001045 0.165627 0)
(-0.0353469 0.0622432 0)
(-0.0324241 0.0760691 0)
(-0.0296604 0.0874764 0)
(-0.0269657 0.0969109 0)
(-0.0243644 0.104857 0)
(-0.021889 0.111676 0)
(-0.0195612 0.117603 0)
(-0.0173913 0.122787 0)
(-0.015383 0.127335 0)
(-0.013535 0.13134 0)
(-0.0118416 0.13491 0)
(-0.0102923 0.13819 0)
(-0.00886999 0.141384 0)
(-0.00754897 0.144752 0)
(-0.00629173 0.148566 0)
(-0.00504802 0.153028 0)
(-0.00376165 0.158117 0)
(-0.00237698 0.163279 0)
(-0.000907193 0.164123 0)
(-0.0269041 0.0602217 0)
(-0.0248501 0.0739679 0)
(-0.0228635 0.0853615 0)
(-0.020882 0.0948334 0)
(-0.0189367 0.102854 0)
(-0.0170633 0.109771 0)
(-0.0152866 0.115811 0)
(-0.0136205 0.121117 0)
(-0.0120723 0.12579 0)
(-0.0106451 0.129919 0)
(-0.00933814 0.133608 0)
(-0.00814667 0.136999 0)
(-0.00706074 0.140288 0)
(-0.00606189 0.143724 0)
(-0.00511868 0.14757 0)
(-0.00418267 0.152011 0)
(-0.00319126 0.157018 0)
(-0.00207249 0.162034 0)
(-0.000806864 0.162815 0)
(-0.0199235 0.058997 0)
(-0.0186012 0.0725874 0)
(-0.0172503 0.0838766 0)
(-0.0158444 0.0933133 0)
(-0.014425 0.101347 0)
(-0.0130348 0.108309 0)
(-0.0117024 0.114415 0)
(-0.0104446 0.1198 0)
(-0.00927176 0.12456 0)
(-0.00818996 0.128781 0)
(-0.00720183 0.132563 0)
(-0.006307 0.136043 0)
(-0.00550078 0.139413 0)
(-0.00477095 0.142914 0)
(-0.00409269 0.146792 0)
(-0.00342313 0.151216 0)
(-0.00270022 0.156133 0)
(-0.00184295 0.160976 0)
(-0.000768291 0.161651 0)
(-0.0156297 0.0580691 0)
(-0.0147794 0.0714188 0)
(-0.0137991 0.0825801 0)
(-0.0127258 0.0919678 0)
(-0.0116139 0.100013 0)
(-0.0105092 0.107025 0)
(-0.00944178 0.113205 0)
(-0.00843016 0.118678 0)
(-0.00748576 0.123535 0)
(-0.0066154 0.127857 0)
(-0.00582262 0.131741 0)
(-0.00510788 0.135319 0)
(-0.00446745 0.138776 0)
(-0.00389074 0.142341 0)
(-0.00335633 0.146242 0)
(-0.00282823 0.150621 0)
(-0.00225386 0.155388 0)
(-0.0015604 0.159919 0)
(-0.000648307 0.160182 0)
)
;

boundaryField
{
    leftWall
    {
        type            noSlip;
    }
    rightWall
    {
        type            noSlip;
    }
    lowerWall
    {
        type            noSlip;
    }
    atmosphere
    {
        type            pressureInletOutletVelocity;
        value           nonuniform List<vector> 
46
(
(0 -0.197141 0)
(0 -0.237932 0)
(0 -0.221238 0)
(0 -0.210167 0)
(0 -0.200429 0)
(0 -0.190949 0)
(0 -0.181197 0)
(0 -0.170875 0)
(0 -0.159839 0)
(0 -0.148064 0)
(0 -0.135605 0)
(0 -0.122561 0)
(0 -0.109057 0)
(0 -0.0952296 0)
(0 -0.081214 0)
(0 -0.0671382 0)
(0 -0.0531238 0)
(0 -0.0393104 0)
(0 -0.025909 0)
(0 -0.0131678 0)
(0 -0.0019064 0)
(-0.0152328 0.00918732 0)
(-0.0158039 0.0212604 0)
(-0.0159345 0.0302178 0)
(-0.0159365 0.0356062 0)
(-0.0158757 0.0415691 0)
(-0.0157875 0.0479832 0)
(-0.0156297 0.0580691 0)
(-0.0147794 0.0714188 0)
(-0.0137991 0.0825801 0)
(-0.0127258 0.0919678 0)
(-0.0116139 0.100013 0)
(-0.0105092 0.107025 0)
(-0.00944178 0.113205 0)
(-0.00843016 0.118678 0)
(-0.00748576 0.123535 0)
(-0.0066154 0.127857 0)
(-0.00582262 0.131741 0)
(-0.00510788 0.135319 0)
(-0.00446745 0.138776 0)
(-0.00389074 0.142341 0)
(-0.00335633 0.146242 0)
(-0.00282823 0.150621 0)
(-0.00225386 0.155388 0)
(-0.0015604 0.159919 0)
(-0.000648307 0.160182 0)
)
;
    }
    defaultFaces
    {
        type            empty;
    }
}


// ************************************************************************* //
