/*--------------------------------*- C++ -*----------------------------------*\
| =========                 |                                                 |
| \\      /  F ield         | OpenFOAM: The Open Source CFD Toolbox           |
|  \\    /   O peration     | Version:  v2012                                 |
|   \\  /    A nd           | Website:  www.openfoam.com                      |
|    \\/     M anipulation  |                                                 |
\*---------------------------------------------------------------------------*/
FoamFile
{
    version     2.0;
    format      ascii;
    class       surfaceScalarField;
    location    "0.55";
    object      phi;
}
// * * * * * * * * * * * * * * * * * * * * * * * * * * * * * * * * * * * * * //

dimensions      [0 3 -1 0 0 0 0];
oriented        oriented;


internalField   nonuniform List<scalar> 
4432
(
-4.97534e-06
4.97534e-06
-6.79017e-06
1.81483e-06
-5.34452e-06
-1.44565e-06
-2.71028e-06
-2.63424e-06
1.30955e-07
-2.84124e-06
2.79951e-06
-2.66855e-06
5.16238e-06
-2.36287e-06
7.20223e-06
-2.03985e-06
8.94464e-06
-1.74241e-06
1.04232e-05
-1.47857e-06
1.16639e-05
-1.24065e-06
1.26809e-05
-1.01706e-06
1.34704e-05
-7.89458e-07
1.39924e-05
-5.22054e-07
1.41098e-05
-1.1732e-07
1.35446e-05
5.65124e-07
1.19853e-05
1.55938e-06
9.07343e-06
2.91182e-06
4.61883e-06
4.4546e-06
-1.20148e-06
5.82031e-06
-7.35605e-06
6.15456e-06
-9.75233e-06
2.39628e-06
-9.75233e-06
-3.6995e-06
8.67484e-06
-3.61931e-06
1.73464e-06
-1.97611e-06
-3.08885e-06
3.28637e-07
-4.93898e-06
2.7894e-06
-5.302e-06
5.12553e-06
-5.00468e-06
7.21922e-06
-4.45655e-06
9.042e-06
-3.86264e-06
1.06048e-05
-3.30522e-06
1.19287e-05
-2.80248e-06
1.30287e-05
-2.34058e-06
1.39101e-05
-1.89845e-06
1.45672e-05
-1.44658e-06
1.49742e-05
-9.2905e-07
1.50852e-05
-2.28317e-07
1.48122e-05
8.38085e-07
1.3926e-05
2.44562e-06
1.21052e-05
4.73258e-06
8.97047e-06
7.58933e-06
4.3863e-06
1.04045e-05
-9.39912e-07
1.14808e-05
-3.77095e-06
5.22731e-06
-1.35233e-05
-1.84704e-06
1.05219e-05
-1.04782e-06
9.35421e-07
5.61729e-07
-4.69841e-06
2.61698e-06
-6.99423e-06
4.76105e-06
-7.44607e-06
6.78531e-06
-7.02894e-06
8.60398e-06
-6.27522e-06
1.01942e-05
-5.45289e-06
1.15619e-05
-4.67293e-06
1.27196e-05
-3.96014e-06
1.36727e-05
-3.29372e-06
1.44197e-05
-2.64545e-06
1.49542e-05
-1.98104e-06
1.52587e-05
-1.23351e-06
1.53034e-05
-2.73019e-07
1.50353e-05
1.10614e-06
1.43464e-05
3.13453e-06
1.30844e-05
5.99457e-06
1.10678e-05
9.6059e-06
8.21752e-06
1.32548e-05
4.77596e-06
1.49223e-05
1.504e-06
8.49926e-06
-1.20193e-05
-9.67393e-08
1.06186e-05
1.18241e-06
-3.43729e-07
2.83812e-06
-6.35411e-06
4.69274e-06
-8.84885e-06
6.53632e-06
-9.28964e-06
8.24908e-06
-8.7417e-06
9.78583e-06
-7.81196e-06
1.11351e-05
-6.8022e-06
1.23004e-05
-5.83824e-06
1.3287e-05
-4.94671e-06
1.40913e-05
-4.09796e-06
1.47046e-05
-3.25877e-06
1.51209e-05
-2.39733e-06
1.53329e-05
-1.44549e-06
1.53285e-05
-2.68689e-07
1.50829e-05
1.35173e-06
1.45488e-05
3.66864e-06
1.36655e-05
6.87791e-06
1.23809e-05
1.08905e-05
1.06406e-05
1.49951e-05
8.28579e-06
1.72771e-05
4.93518e-06
1.18499e-05
-7.08409e-06
1.71721e-06
8.90141e-06
3.28105e-06
-1.90758e-06
4.99427e-06
-8.06733e-06
6.65458e-06
-1.05092e-05
8.1906e-06
-1.08257e-05
9.5833e-06
-1.01344e-05
1.08318e-05
-9.06044e-06
1.19351e-05
-7.90554e-06
1.28938e-05
-6.79692e-06
1.37064e-05
-5.75931e-06
1.43602e-05
-4.75171e-06
1.48393e-05
-3.73789e-06
1.51389e-05
-2.69692e-06
1.52627e-05
-1.56931e-06
1.5218e-05
-2.24e-07
1.50062e-05
1.56354e-06
1.4617e-05
4.05783e-06
1.4037e-05
7.45793e-06
1.32775e-05
1.16499e-05
1.2283e-05
1.59896e-05
1.07048e-05
1.88553e-05
7.35702e-06
1.51977e-05
2.72927e-07
3.07334e-06
5.82808e-06
5.26183e-06
-4.09607e-06
7.06412e-06
-9.86962e-06
8.50573e-06
-1.19508e-05
9.70841e-06
-1.20283e-05
1.07712e-05
-1.11972e-05
1.17315e-05
-1.00207e-05
1.2591e-05
-8.76503e-06
1.33442e-05
-7.55013e-06
1.39835e-05
-6.3986e-06
1.44872e-05
-5.25547e-06
1.48321e-05
-4.08279e-06
1.50152e-05
-2.87997e-06
1.5052e-05
-1.60608e-06
1.49699e-05
-1.41942e-07
1.47952e-05
1.73826e-06
1.45425e-05
4.31047e-06
1.42215e-05
7.77898e-06
1.38783e-05
1.1993e-05
1.34624e-05
1.64056e-05
1.25212e-05
1.97965e-05
9.27812e-06
1.84407e-05
9.55105e-06
4.13773e-06
1.69034e-06
7.15336e-06
-7.1117e-06
9.04492e-06
-1.17612e-05
1.02016e-05
-1.31075e-05
1.10373e-05
-1.2864e-05
1.17712e-05
-1.19312e-05
1.24567e-05
-1.07062e-05
1.30845e-05
-9.39281e-06
1.36396e-05
-8.10523e-06
1.41098e-05
-6.86884e-06
1.44662e-05
-5.61183e-06
1.46777e-05
-4.29436e-06
1.47443e-05
-2.94649e-06
1.46934e-05
-1.55525e-06
1.45732e-05
-2.17467e-08
1.44341e-05
1.87735e-06
1.43083e-05
4.43628e-06
1.42145e-05
7.87283e-06
1.4227e-05
1.19805e-05
1.43231e-05
1.63095e-05
1.40492e-05
2.00704e-05
1.12095e-05
2.12804e-05
2.07606e-05
5.23633e-06
-3.54599e-06
9.05644e-06
-1.09318e-05
1.08675e-05
-1.35723e-05
1.16365e-05
-1.38765e-05
1.20971e-05
-1.33246e-05
1.25352e-05
-1.23693e-05
1.29819e-05
-1.11528e-05
1.34042e-05
-9.81512e-06
1.3776e-05
-8.47707e-06
1.40855e-05
-7.1783e-06
1.42991e-05
-5.8255e-06
1.43791e-05
-4.37431e-06
1.43298e-05
-2.89721e-06
1.41908e-05
-1.41629e-06
1.40297e-05
1.39347e-07
1.39221e-05
1.98496e-06
1.39107e-05
4.44774e-06
1.40136e-05
7.76986e-06
1.43379e-05
1.16563e-05
1.49237e-05
1.57237e-05
1.54322e-05
1.95619e-05
1.37197e-05
2.29929e-05
3.44803e-05
1.80647e-05
-1.80647e-05
3.37463e-05
-1.56815e-05
2.95808e-05
4.16544e-06
1.07955e-05
1.87851e-05
-1.7545e-05
2.83405e-05
-4.91661e-05
3.16218e-05
-8.45913e-05
3.54254e-05
-0.000140941
5.63495e-05
-0.00021817
7.72295e-05
-0.000289449
7.12786e-05
-0.000326238
3.67896e-05
-0.000329877
3.63854e-06
-0.000319778
-1.0099e-05
-0.000300729
-1.90483e-05
-0.000266528
-3.42019e-05
-0.000225628
-4.08991e-05
-0.000171075
-5.45535e-05
-7.46907e-05
-9.63844e-05
-7.46906e-05
1.08273e-05
-2.88919e-05
2.07895e-05
-2.56438e-05
1.21055e-05
1.28493e-05
-1.67259e-05
4.76169e-05
-6.20112e-05
7.36262e-05
-0.000119694
8.9305e-05
-0.000191594
0.000107325
-0.00026425
0.000129005
-0.000318279
0.000131259
-0.000340144
9.31435e-05
-0.000314633
1.12786e-05
-0.00025771
-5.32846e-05
-0.00022348
-4.43292e-05
-0.000213168
-2.93603e-05
-0.000199677
-4.76928e-05
-0.00018422
-5.63557e-05
-0.000129232
-0.000109541
-5.77305e-05
-0.000167886
-0.000132421
4.30105e-06
-3.31931e-05
1.07853e-05
-3.21283e-05
-3.37763e-06
2.70122e-05
-3.56632e-05
7.99028e-05
-8.01363e-05
0.000118099
-0.000136697
0.000145866
-0.000203475
0.000174103
-0.000260737
0.000186268
-0.000294325
0.000164846
-0.000287675
8.64935e-05
-0.000243912
-3.24841e-05
-0.000199917
-9.72798e-05
-0.000177234
-6.70116e-05
-0.000166961
-3.96333e-05
-0.000153933
-6.07213e-05
-0.000144959
-6.53293e-05
-9.31009e-05
-0.0001614
-4.49835e-05
-0.000216004
-0.000177405
1.13223e-06
-3.43254e-05
6.4972e-06
-3.74935e-05
-9.60344e-06
4.31128e-05
-4.04468e-05
0.000110746
-7.70918e-05
0.000154744
-0.000119792
0.000188565
-0.00016485
0.000219161
-0.000201174
0.000222592
-0.000215656
0.000179328
-0.000202243
7.30804e-05
-0.000177707
-5.70199e-05
-0.000158361
-0.000116626
-0.000140779
-8.45945e-05
-0.000122008
-5.84038e-05
-9.95904e-05
-8.31393e-05
-8.73254e-05
-7.75946e-05
-5.21397e-05
-0.000196585
-2.83754e-05
-0.000239768
-0.00020578
1.60917e-06
-3.59346e-05
9.27929e-06
-4.51636e-05
-7.10591e-06
5.94981e-05
-3.49334e-05
0.000138573
-6.20802e-05
0.000181891
-8.75383e-05
0.000214024
-0.00010885
0.000240473
-0.000122705
0.000236447
-0.000122314
0.000178937
-0.000112747
6.35139e-05
-0.000108145
-6.16222e-05
-0.000106028
-0.000118743
-9.88698e-05
-9.17526e-05
-8.54052e-05
-7.18685e-05
-6.36217e-05
-0.000104923
-2.68845e-05
-0.000114332
-1.51271e-05
-0.000208342
-1.29305e-05
-0.000241965
-0.00021871
6.69487e-06
-4.26295e-05
1.86605e-05
-5.7129e-05
1.1012e-06
7.70575e-05
-2.36756e-05
0.000163349
-4.24662e-05
0.000200681
-5.43136e-05
0.000225871
-5.76422e-05
0.000243801
-5.43793e-05
0.000233184
-4.67237e-05
0.000171281
-4.33801e-05
6.01703e-05
-4.91686e-05
-5.5834e-05
-5.43765e-05
-0.000113535
-5.297e-05
-9.31582e-05
-4.32072e-05
-8.16316e-05
-3.65244e-05
-0.000111605
4.57432e-06
-0.00015543
5.80171e-06
-0.00020957
-1.19787e-06
-0.000234965
-0.000219908
1.27029e-05
-5.53323e-05
1.9268e-05
-6.36943e-05
7.45649e-06
8.8869e-05
-1.049e-05
0.000181296
-2.23045e-05
0.000212496
-2.63252e-05
0.000229892
-2.10684e-05
0.000238544
-9.63372e-06
0.00022175
9.67072e-07
0.00016068
3.11808e-06
5.80191e-05
-3.82954e-06
-4.88858e-05
-9.22785e-06
-0.000108137
-1.10889e-05
-9.12978e-05
-1.39345e-06
-9.13271e-05
9.73926e-06
-0.000122738
2.14107e-05
-0.000167102
1.59553e-05
-0.000204114
5.09953e-06
-0.000224109
-0.000214809
1.34455e-05
-6.87778e-05
8.21347e-06
-5.84623e-05
9.12677e-06
8.79557e-05
2.13549e-06
0.000188287
-2.84616e-06
0.000217478
-2.44415e-06
0.00022949
5.62349e-06
0.000230477
1.91747e-05
0.000208199
3.12871e-05
0.000148568
3.42421e-05
5.50644e-05
2.93859e-05
-4.40299e-05
2.43969e-05
-0.000103149
2.29877e-05
-8.98879e-05
2.31237e-05
-9.14633e-05
3.19494e-05
-0.000131564
3.08125e-05
-0.000165965
2.18162e-05
-0.000195118
9.70969e-06
-0.000212003
-0.000205099
1.61375e-05
-1.96835e-05
2.51782e-05
-1.99725e-05
2.76669e-05
-1.6061e-05
2.79566e-05
-1.41662e-05
2.80117e-05
-1.33796e-05
2.827e-05
-1.26277e-05
2.86576e-05
-1.15404e-05
2.90322e-05
-1.01898e-05
2.93049e-05
-8.74972e-06
2.94719e-05
-7.34526e-06
2.94783e-05
-5.83192e-06
2.92294e-05
-4.12545e-06
2.8751e-05
-2.41876e-06
2.81655e-05
-8.30876e-07
2.76833e-05
6.21628e-07
2.75374e-05
2.13081e-06
2.78534e-05
4.13173e-06
2.85969e-05
7.02634e-06
3.01413e-05
1.0112e-05
3.2866e-05
1.29989e-05
3.67148e-05
1.57131e-05
4.20438e-05
1.76639e-05
2.05804e-05
5.59437e-05
2.49083e-05
-4.45918e-05
2.89227e-05
-2.39869e-05
2.80957e-05
-1.52341e-05
2.71379e-05
-1.32083e-05
2.69552e-05
-1.31969e-05
2.71923e-05
-1.28648e-05
2.76046e-05
-1.19526e-05
2.80305e-05
-1.06157e-05
2.83022e-05
-9.02139e-06
2.82603e-05
-7.30336e-06
2.77082e-05
-5.2798e-06
2.69967e-05
-3.41395e-06
2.61322e-05
-1.55424e-06
2.52402e-05
6.11126e-08
2.45061e-05
1.35572e-06
2.44128e-05
2.22414e-06
2.51585e-05
3.38598e-06
2.61733e-05
6.01152e-06
2.81821e-05
8.10322e-06
3.16819e-05
9.49906e-06
3.64114e-05
1.09837e-05
4.22965e-05
1.17787e-05
1.21212e-05
5.07557e-05
1.36572e-05
-5.8249e-05
1.94795e-05
-2.9809e-05
2.31551e-05
-1.89096e-05
2.53881e-05
-1.54413e-05
2.61413e-05
-1.395e-05
2.634e-05
-1.30634e-05
2.65316e-05
-1.21443e-05
2.68175e-05
-1.09016e-05
2.69651e-05
-9.16898e-06
2.63717e-05
-6.70995e-06
2.31958e-05
-2.10389e-06
2.19867e-05
-2.20491e-06
2.16332e-05
-1.20072e-06
2.11621e-05
5.32197e-07
2.11651e-05
1.35279e-06
2.18096e-05
1.57963e-06
2.28188e-05
2.37671e-06
2.36577e-05
5.1726e-06
2.58806e-05
5.88033e-06
2.97533e-05
5.62636e-06
3.41647e-05
6.5723e-06
3.931e-05
6.6334e-06
5.82545e-06
4.56058e-05
-9.82728e-06
-4.84216e-05
-3.0532e-06
-3.6583e-05
5.00211e-06
-2.69649e-05
1.15396e-05
-2.19787e-05
1.67142e-05
-1.91247e-05
2.06439e-05
-1.69931e-05
2.34784e-05
-1.49788e-05
2.5289e-05
-1.27122e-05
2.59395e-05
-9.81961e-06
2.50857e-05
-5.8561e-06
2.38831e-05
-9.01233e-07
2.21169e-05
-4.38633e-07
2.07515e-05
1.64783e-07
2.02544e-05
1.02925e-06
1.90298e-05
2.57739e-06
1.78867e-05
2.72271e-06
1.87139e-05
1.54955e-06
2.12845e-05
2.60199e-06
2.51942e-05
1.97059e-06
2.91921e-05
1.62851e-06
3.30835e-05
2.68093e-06
3.7862e-05
1.85489e-06
4.8848e-07
4.31989e-05
-7.25107e-06
-4.11705e-05
-4.86112e-06
-3.89728e-05
9.28441e-07
-3.27543e-05
6.78905e-06
-2.78393e-05
1.18641e-05
-2.41997e-05
1.60427e-05
-2.11718e-05
1.93699e-05
-1.83061e-05
2.19375e-05
-1.52798e-05
2.39355e-05
-1.18176e-05
2.58596e-05
-7.78013e-06
2.85739e-05
-3.61539e-06
2.94969e-05
-1.36149e-06
2.90635e-05
5.98143e-07
2.73324e-05
2.76041e-06
2.42192e-05
5.69062e-06
2.106e-05
5.88184e-06
1.9187e-05
3.42258e-06
2.04456e-05
1.34336e-06
2.38031e-05
-1.3869e-06
2.80867e-05
-2.65505e-06
3.32921e-05
-2.52444e-06
3.86775e-05
-3.53055e-06
-4.42401e-06
4.359e-05
-2.38151e-06
-3.87889e-05
-1.8586e-06
-3.94956e-05
1.229e-06
-3.58418e-05
5.22833e-06
-3.18386e-05
9.20416e-06
-2.81755e-05
1.28246e-05
-2.47923e-05
1.60176e-05
-2.14992e-05
1.88452e-05
-1.81074e-05
2.14988e-05
-1.44712e-05
2.42981e-05
-1.05794e-05
2.74256e-05
-6.74273e-06
2.975e-05
-3.6858e-06
3.13065e-05
-9.58394e-07
3.22738e-05
1.79312e-06
3.34408e-05
4.52362e-06
3.37497e-05
5.57295e-06
3.25105e-05
4.66184e-06
3.13302e-05
2.52365e-06
2.94695e-05
4.73903e-07
2.99187e-05
-3.1042e-06
3.34425e-05
-6.04823e-06
3.74495e-05
-7.5376e-06
-8.71057e-06
4.17361e-05
-1.06504e-06
-3.77238e-05
-2.91351e-07
-4.02691e-05
1.77371e-06
-3.79068e-05
4.53055e-06
-3.45954e-05
7.51204e-06
-3.1157e-05
1.04751e-05
-2.77554e-05
1.33336e-05
-2.43578e-05
1.61109e-05
-2.08847e-05
1.89164e-05
-1.72765e-05
2.18959e-05
-1.35588e-05
2.5066e-05
-9.91278e-06
2.80069e-05
-6.62673e-06
3.06422e-05
-3.59368e-06
3.31514e-05
-7.16079e-07
3.58591e-05
1.81588e-06
3.82269e-05
3.20524e-06
3.98359e-05
3.05299e-06
4.0432e-05
1.92761e-06
4.09678e-05
-6.17641e-08
4.14906e-05
-3.62692e-06
4.23857e-05
-6.94328e-06
4.16858e-05
-6.83761e-06
-8.13825e-06
4.11135e-05
-1.21575e-07
-3.76021e-05
5.47244e-07
-4.09378e-05
1.94341e-06
-3.93029e-05
3.86811e-06
-3.652e-05
6.10366e-06
-3.33926e-05
8.50134e-06
-3.01531e-05
1.09922e-05
-2.68487e-05
1.35753e-05
-2.34678e-05
1.62996e-05
-2.00008e-05
1.92241e-05
-1.64832e-05
2.23349e-05
-1.30236e-05
2.54714e-05
-9.76323e-06
2.85912e-05
-6.71349e-06
3.17857e-05
-3.91059e-06
3.51542e-05
-1.55263e-06
3.84324e-05
-7.28413e-08
4.11901e-05
2.95406e-07
4.33576e-05
-2.39837e-07
4.49955e-05
-1.69952e-06
4.55341e-05
-4.16543e-06
4.49814e-05
-6.39045e-06
4.53435e-05
-7.1997e-06
-8.57946e-06
4.57848e-05
2.11316e-07
-3.78133e-05
6.87494e-07
-4.14138e-05
1.62214e-06
-4.02374e-05
2.98545e-06
-3.78833e-05
4.6822e-06
-3.50893e-05
6.62862e-06
-3.20996e-05
8.77689e-06
-2.8997e-05
1.11166e-05
-2.58076e-05
1.36647e-05
-2.2549e-05
1.64415e-05
-1.926e-05
1.94323e-05
-1.60145e-05
2.25711e-05
-1.2902e-05
2.58351e-05
-9.97757e-06
2.9248e-05
-7.32347e-06
3.28019e-05
-5.10646e-06
3.63081e-05
-3.57896e-06
3.94907e-05
-2.88713e-06
4.22319e-05
-2.98093e-06
4.43715e-05
-3.83907e-06
4.55569e-05
-5.35083e-06
4.60336e-05
-6.867e-06
4.68051e-05
-7.97112e-06
-9.18005e-06
4.74058e-05
1.35102e-07
-3.79483e-05
3.64489e-07
-4.1643e-05
9.48143e-07
-4.0821e-05
1.90465e-06
-3.88398e-05
3.19505e-06
-3.63798e-05
4.77417e-06
-3.36787e-05
6.61121e-06
-3.0834e-05
8.69434e-06
-2.78907e-05
1.10261e-05
-2.48807e-05
1.36102e-05
-2.18441e-05
1.64345e-05
-1.88389e-05
1.94663e-05
-1.59338e-05
2.26838e-05
-1.31951e-05
2.60712e-05
-1.07109e-05
2.95756e-05
-8.61081e-06
3.30498e-05
-7.05309e-06
3.62998e-05
-6.13706e-06
3.918e-05
-5.86111e-06
4.15286e-05
-6.18769e-06
4.31673e-05
-6.98947e-06
4.42235e-05
-7.92307e-06
4.49892e-05
-8.73678e-06
-9.39717e-06
4.52064e-05
-1.33389e-07
-3.78148e-05
-1.68271e-07
-4.1608e-05
1.1921e-07
-4.11084e-05
7.49004e-07
-3.94696e-05
1.70669e-06
-3.73375e-05
2.96817e-06
-3.49403e-05
4.51423e-06
-3.23802e-05
6.33479e-06
-2.97113e-05
8.42679e-06
-2.69728e-05
1.07873e-05
-2.42047e-05
1.34047e-05
-2.14564e-05
1.62565e-05
-1.87856e-05
1.93172e-05
-1.62558e-05
2.25515e-05
-1.39451e-05
2.58924e-05
-1.19517e-05
2.92194e-05
-1.03801e-05
3.23817e-05
-9.29933e-06
3.52393e-05
-8.71881e-06
3.76543e-05
-8.60265e-06
3.95101e-05
-8.84528e-06
4.08234e-05
-9.2363e-06
4.16643e-05
-9.57762e-06
-9.71124e-06
4.19784e-05
-4.47615e-07
-3.73671e-05
-7.2719e-07
-4.13283e-05
-7.03251e-07
-4.11323e-05
-3.54883e-07
-3.9818e-05
3.11503e-07
-3.8004e-05
1.28324e-06
-3.59121e-05
2.549e-06
-3.3646e-05
4.10143e-06
-3.12638e-05
5.93604e-06
-2.88074e-05
8.04723e-06
-2.63159e-05
1.04235e-05
-2.38327e-05
1.30446e-05
-2.14068e-05
1.5882e-05
-1.90933e-05
1.88932e-05
-1.69563e-05
2.20102e-05
-1.50687e-05
2.51321e-05
-1.35019e-05
2.81361e-05
-1.23034e-05
3.08992e-05
-1.1482e-05
3.33025e-05
-1.1006e-05
3.5248e-05
-1.07908e-05
3.66996e-05
-1.06879e-05
3.76529e-05
-1.05309e-05
-1.01411e-05
3.80828e-05
-7.16105e-07
-3.66509e-05
-1.21097e-06
-4.08334e-05
-1.41382e-06
-4.09295e-05
-1.31308e-06
-3.99188e-05
-9.09543e-07
-3.84076e-05
-2.08247e-07
-3.66135e-05
7.85318e-07
-3.46396e-05
2.06675e-06
-3.25453e-05
3.63199e-06
-3.03727e-05
5.47492e-06
-2.81589e-05
7.58409e-06
-2.59419e-05
9.94012e-06
-2.37628e-05
1.25137e-05
-2.16669e-05
1.52616e-05
-1.97041e-05
1.81204e-05
-1.79276e-05
2.10048e-05
-1.63863e-05
2.38133e-05
-1.51121e-05
2.64408e-05
-1.41096e-05
2.8785e-05
-1.33503e-05
3.07575e-05
-1.27634e-05
3.23008e-05
-1.22312e-05
3.33754e-05
-1.16054e-05
-1.07068e-05
3.39411e-05
-9.05519e-07
-3.57454e-05
-1.56696e-06
-4.01719e-05
-1.95828e-06
-4.05382e-05
-2.07227e-06
-3.98049e-05
-1.90485e-06
-3.85752e-05
-1.45469e-06
-3.70637e-05
-7.22122e-07
-3.53722e-05
2.91609e-07
-3.35591e-05
1.58378e-06
-3.16649e-05
3.14883e-06
-2.9724e-05
4.97599e-06
-2.77691e-05
7.047e-06
-2.58338e-05
9.3339e-06
-2.39537e-05
1.17961e-05
-2.21663e-05
1.43774e-05
-2.0509e-05
1.70058e-05
-1.90147e-05
1.95973e-05
-1.77037e-05
2.20636e-05
-1.6576e-05
2.43175e-05
-1.56043e-05
2.62803e-05
-1.47262e-05
2.7888e-05
-1.38389e-05
2.90854e-05
-1.28028e-05
-1.14369e-05
2.98156e-05
-1.00998e-06
-3.47354e-05
-1.78432e-06
-3.93976e-05
-2.32243e-06
-4.00002e-05
-2.61598e-06
-3.95115e-05
-2.65508e-06
-3.85362e-05
-2.43239e-06
-3.72865e-05
-1.94342e-06
-3.58613e-05
-1.18611e-06
-3.43164e-05
-1.6115e-07
-3.26899e-05
1.12712e-06
-3.10123e-05
2.66916e-06
-2.93111e-05
4.44854e-06
-2.76132e-05
6.44001e-06
-2.59452e-05
8.60757e-06
-2.43338e-05
1.0903e-05
-2.28044e-05
1.32664e-05
-2.13781e-05
1.5629e-05
-2.00663e-05
1.79177e-05
-1.88648e-05
2.00601e-05
-1.77467e-05
2.19881e-05
-1.66542e-05
2.36402e-05
-1.54911e-05
2.49575e-05
-1.41201e-05
-1.2354e-05
2.58747e-05
-1.04003e-06
-3.36954e-05
-1.87637e-06
-3.85614e-05
-2.51936e-06
-3.93573e-05
-2.95549e-06
-3.90755e-05
-3.16826e-06
-3.83235e-05
-3.14453e-06
-3.73103e-05
-2.87523e-06
-3.61307e-05
-2.35503e-06
-3.48367e-05
-1.58231e-06
-3.34627e-05
-5.59656e-07
-3.2035e-05
7.0519e-07
-3.05759e-05
2.19809e-06
-2.9106e-05
3.89731e-06
-2.76443e-05
5.77224e-06
-2.62087e-05
7.78284e-06
-2.4815e-05
9.88031e-06
-2.34756e-05
1.20093e-05
-2.21954e-05
1.41114e-05
-2.0967e-05
1.61279e-05
-1.97634e-05
1.80028e-05
-1.8529e-05
1.96821e-05
-1.71704e-05
2.11108e-05
-1.55486e-05
-1.34673e-05
2.22243e-05
-1.01336e-06
-3.2682e-05
-1.86885e-06
-3.7706e-05
-2.57812e-06
-3.86482e-05
-3.12035e-06
-3.85334e-05
-3.47237e-06
-3.79716e-05
-3.6157e-06
-3.71671e-05
-3.53718e-06
-3.62093e-05
-3.22848e-06
-3.51455e-05
-2.68563e-06
-3.40056e-05
-1.9092e-06
-3.28114e-05
-9.04827e-07
-3.15803e-05
3.16108e-07
-3.03269e-05
1.73563e-06
-2.90638e-05
3.32877e-06
-2.78018e-05
5.06335e-06
-2.65496e-05
6.90082e-06
-2.53131e-05
8.79813e-06
-2.40927e-05
1.07101e-05
-2.2879e-05
1.25918e-05
-2.16451e-05
1.43993e-05
-2.03366e-05
1.60892e-05
-1.88602e-05
1.76143e-05
-1.70737e-05
-1.477e-05
1.8917e-05
-9.48987e-07
-3.17331e-05
-1.79184e-06
-3.68633e-05
-2.53484e-06
-3.79053e-05
-3.14965e-06
-3.79187e-05
-3.60723e-06
-3.75141e-05
-3.88468e-06
-3.68898e-05
-3.96553e-06
-3.61286e-05
-3.83888e-06
-3.52722e-05
-3.49869e-06
-3.43459e-05
-2.94356e-06
-3.33665e-05
-2.17684e-06
-3.2347e-05
-1.20704e-06
-3.12967e-05
-4.81296e-08
-3.02227e-05
1.2803e-06
-2.91302e-05
2.75341e-06
-2.80227e-05
4.34206e-06
-2.69017e-05
6.01426e-06
-2.5765e-05
7.73718e-06
-2.4602e-05
9.4785e-06
-2.33865e-05
1.12068e-05
-2.20649e-05
1.28896e-05
-2.05431e-05
1.44897e-05
-1.86737e-05
-1.62389e-05
1.59586e-05
-8.6434e-07
-3.08689e-05
-1.67437e-06
-3.60533e-05
-2.4262e-06
-3.71536e-05
-3.0849e-06
-3.72601e-05
-3.61718e-06
-3.6982e-05
-3.99706e-06
-3.651e-05
-4.20579e-06
-3.592e-05
-4.23061e-06
-3.52475e-05
-4.06383e-06
-3.45127e-05
-3.7023e-06
-3.37281e-05
-3.14721e-06
-3.29021e-05
-2.40421e-06
-3.20396e-05
-1.4834e-06
-3.11435e-05
-3.99199e-07
-3.02144e-05
8.3025e-07
-2.92521e-05
2.18416e-06
-2.82556e-05
3.64054e-06
-2.72214e-05
5.17766e-06
-2.61392e-05
6.77498e-06
-2.49839e-05
8.41272e-06
-2.37027e-05
1.00693e-05
-2.21997e-05
1.17169e-05
-2.03213e-05
-1.78378e-05
1.33157e-05
-7.73711e-07
-3.00952e-05
-1.54136e-06
-3.52857e-05
-2.28495e-06
-3.641e-05
-2.96474e-06
-3.65804e-05
-3.54514e-06
-3.64017e-05
-3.9988e-06
-3.60565e-05
-4.30591e-06
-3.5613e-05
-4.45272e-06
-3.51008e-05
-4.43046e-06
-3.45351e-05
-4.23459e-06
-3.3924e-05
-3.86445e-06
-3.32722e-05
-3.32306e-06
-3.2581e-05
-2.61694e-06
-3.18496e-05
-1.75573e-06
-3.10756e-05
-7.51479e-07
-3.02564e-05
3.82416e-07
-2.93896e-05
1.63269e-06
-2.84717e-05
2.98751e-06
-2.74941e-05
4.43692e-06
-2.64334e-05
5.97171e-06
-2.52375e-05
7.5801e-06
-2.38082e-05
9.24264e-06
-2.19839e-05
-1.95215e-05
1.09263e-05
-6.87743e-07
-2.94075e-05
-1.41181e-06
-3.45616e-05
-2.13722e-06
-3.56846e-05
-2.8213e-06
-3.58963e-05
-3.4283e-06
-3.57947e-05
-3.93125e-06
-3.55536e-05
-4.31061e-06
-3.52337e-05
-4.55263e-06
-3.48589e-05
-4.64815e-06
-3.44396e-05
-4.59171e-06
-3.39805e-05
-4.38117e-06
-3.34828e-05
-4.01731e-06
-3.2945e-05
-3.5035e-06
-3.23635e-05
-2.84521e-06
-3.1734e-05
-2.0491e-06
-3.10526e-05
-1.12201e-06
-3.03167e-05
-6.96036e-08
-2.95242e-05
1.1048e-06
-2.86685e-05
2.40042e-06
-2.7729e-05
3.81739e-06
-2.66545e-05
5.35249e-06
-2.53433e-05
6.99312e-06
-2.36245e-05
-2.12395e-05
8.71105e-06
-6.13209e-07
-2.87943e-05
-1.29821e-06
-3.38765e-05
-2.00123e-06
-3.49815e-05
-2.67837e-06
-3.52192e-05
-3.29561e-06
-3.51775e-05
-3.82799e-06
-3.50213e-05
-4.25756e-06
-3.48043e-05
-4.57162e-06
-3.4545e-05
-4.76133e-06
-3.425e-05
-4.82093e-06
-3.3921e-05
-4.74723e-06
-3.35566e-05
-4.53923e-06
-3.3153e-05
-4.1977e-06
-3.27051e-05
-3.72456e-06
-3.22072e-05
-3.122e-06
-3.16552e-05
-2.39128e-06
-3.10475e-05
-1.53147e-06
-3.03841e-05
-5.38529e-07
-2.96616e-05
5.94559e-07
-2.88622e-05
1.87575e-06
-2.79357e-05
3.30911e-06
-2.67766e-05
4.88767e-06
-2.52031e-05
-2.29381e-05
6.5863e-06
-5.52567e-07
-2.82416e-05
-1.20653e-06
-3.32225e-05
-1.88732e-06
-3.43007e-05
-2.55102e-06
-3.45555e-05
-3.16684e-06
-3.45617e-05
-3.71331e-06
-3.44749e-05
-4.17531e-06
-3.43423e-05
-4.54212e-06
-3.41783e-05
-4.80603e-06
-3.39862e-05
-4.96154e-06
-3.37656e-05
-5.00498e-06
-3.35132e-05
-4.9341e-06
-3.32239e-05
-4.74764e-06
-3.28916e-05
-4.44473e-06
-3.25101e-05
-4.02393e-06
-3.2076e-05
-3.48202e-06
-3.15894e-05
-2.81272e-06
-3.10534e-05
-2.00577e-06
-3.04686e-05
-1.04734e-06
-2.98206e-05
7.72205e-08
-2.90603e-05
1.37794e-06
-2.80773e-05
2.85246e-06
-2.66775e-05
-2.45638e-05
4.47822e-06
-5.04839e-07
-2.77367e-05
-1.13729e-06
-3.259e-05
-1.79899e-06
-3.3639e-05
-2.44635e-06
-3.39081e-05
-3.05307e-06
-3.39551e-05
-3.60229e-06
-3.39258e-05
-4.08282e-06
-3.38619e-05
-4.48679e-06
-3.37744e-05
-4.80831e-06
-3.36648e-05
-5.04282e-06
-3.35311e-05
-5.1867e-06
-3.33693e-05
-5.23699e-06
-3.31737e-05
-5.19107e-06
-3.29375e-05
-5.04603e-06
-3.26551e-05
-4.79772e-06
-3.23243e-05
-4.43952e-06
-3.19477e-05
-3.961e-06
-3.1532e-05
-3.34701e-06
-3.10826e-05
-2.57816e-06
-3.05895e-05
-1.63363e-06
-3.00047e-05
-4.97587e-07
-2.92133e-05
8.32066e-07
-2.80071e-05
-2.60657e-05
2.33405e-06
-4.66523e-07
-2.72702e-05
-1.08741e-06
-3.19691e-05
-1.73471e-06
-3.29917e-05
-2.3652e-06
-3.32776e-05
-2.95798e-06
-3.33624e-05
-3.50181e-06
-3.3382e-05
-3.99023e-06
-3.33736e-05
-4.41893e-06
-3.33458e-05
-4.78449e-06
-3.32993e-05
-5.0838e-06
-3.32318e-05
-5.31386e-06
-3.31392e-05
-5.47161e-06
-3.30159e-05
-5.5537e-06
-3.28553e-05
-5.55592e-06
-3.26529e-05
-5.47235e-06
-3.24079e-05
-5.29408e-06
-3.2126e-05
-5.00776e-06
-3.18184e-05
-4.59463e-06
-3.14957e-05
-4.03084e-06
-3.11532e-05
-3.29035e-06
-3.07452e-05
-2.35141e-06
-3.01522e-05
-1.20632e-06
-2.91521e-05
-2.74001e-05
1.28154e-07
-4.34003e-07
-2.68362e-05
-1.05234e-06
-3.13508e-05
-1.68991e-06
-3.23542e-05
-2.30393e-06
-3.26637e-05
-2.87968e-06
-3.27867e-05
-3.41224e-06
-3.28495e-05
-3.90044e-06
-3.28854e-05
-4.34397e-06
-3.29023e-05
-4.74231e-06
-3.29009e-05
-5.09429e-06
-3.28798e-05
-5.39802e-06
-3.28354e-05
-5.65089e-06
-3.27629e-05
-5.84942e-06
-3.26568e-05
-5.98888e-06
-3.25134e-05
-6.06248e-06
-3.23343e-05
-6.0601e-06
-3.21283e-05
-5.96676e-06
-3.19117e-05
-5.76139e-06
-3.17011e-05
-5.4168e-06
-3.14978e-05
-4.90226e-06
-3.12597e-05
-4.18994e-06
-3.08644e-05
-3.26487e-06
-3.00771e-05
-2.85292e-05
-2.13573e-06
-4.05811e-07
-2.64304e-05
-1.02796e-06
-3.07286e-05
-1.65871e-06
-3.17234e-05
-2.25621e-06
-3.20662e-05
-2.81252e-06
-3.22305e-05
-3.3294e-06
-3.23327e-05
-3.81106e-06
-3.24038e-05
-4.26137e-06
-3.2452e-05
-4.68291e-06
-3.24793e-05
-5.07679e-06
-3.24858e-05
-5.44262e-06
-3.24695e-05
-5.77869e-06
-3.24268e-05
-6.08198e-06
-3.23535e-05
-6.34794e-06
-3.22474e-05
-6.56978e-06
-3.21124e-05
-6.73728e-06
-3.19608e-05
-6.8351e-06
-3.18139e-05
-6.84122e-06
-3.16949e-05
-6.72634e-06
-3.16127e-05
-6.45568e-06
-3.15303e-05
-5.99464e-06
-3.13255e-05
-5.31877e-06
-3.0753e-05
-2.94225e-05
-4.42549e-06
-3.8336e-07
-2.6047e-05
-1.01104e-06
-3.01009e-05
-1.63464e-06
-3.10998e-05
-2.21417e-06
-3.14867e-05
-2.74868e-06
-3.1696e-05
-3.24635e-06
-3.18351e-05
-3.71644e-06
-3.19337e-05
-4.1668e-06
-3.20016e-05
-4.60311e-06
-3.20429e-05
-5.02885e-06
-3.20599e-05
-5.44541e-06
-3.20529e-05
-5.85235e-06
-3.20199e-05
-6.24759e-06
-3.19583e-05
-6.6274e-06
-3.18676e-05
-6.9858e-06
-3.17539e-05
-7.31351e-06
-3.16331e-05
-7.59612e-06
-3.15312e-05
-7.81218e-06
-3.14789e-05
-7.93171e-06
-3.14931e-05
-7.91678e-06
-3.15453e-05
-7.72581e-06
-3.15165e-05
-7.32273e-06
-3.11561e-05
-3.0056e-05
-6.68922e-06
-3.67844e-07
-2.56792e-05
-9.97972e-07
-2.94707e-05
-1.61064e-06
-3.04871e-05
-2.16932e-06
-3.09281e-05
-2.67956e-06
-3.11857e-05
-3.15511e-06
-3.13595e-05
-3.60956e-06
-3.14792e-05
-4.05421e-06
-3.15568e-05
-4.49757e-06
-3.15994e-05
-4.94541e-06
-3.1612e-05
-5.40101e-06
-3.15972e-05
-5.86545e-06
-3.15555e-05
-6.33798e-06
-3.14857e-05
-6.81618e-06
-3.13894e-05
-7.29559e-06
-3.12745e-05
-7.76879e-06
-3.11598e-05
-8.22361e-06
-3.10764e-05
-8.64077e-06
-3.10618e-05
-8.99145e-06
-3.11425e-05
-9.2361e-06
-3.13007e-05
-9.32668e-06
-3.14259e-05
-9.21406e-06
-3.12687e-05
-3.04098e-05
-8.86028e-06
-3.58182e-07
-2.53209e-05
-9.8347e-07
-2.88453e-05
-1.57923e-06
-2.98913e-05
-2.11345e-06
-3.03939e-05
-2.5971e-06
-3.0702e-05
-3.04819e-06
-3.09083e-05
-3.48368e-06
-3.10437e-05
-3.91756e-06
-3.11229e-05
-4.3607e-06
-3.11562e-05
-4.82091e-06
-3.11517e-05
-5.30328e-06
-3.11149e-05
-5.81054e-06
-3.10482e-05
-6.34349e-06
-3.09528e-05
-6.90135e-06
-3.08316e-05
-7.4817e-06
-3.06941e-05
-8.07976e-06
-3.05618e-05
-8.68676e-06
-3.04694e-05
-9.2873e-06
-3.04612e-05
-9.8559e-06
-3.05739e-05
-1.03538e-05
-3.08029e-05
-1.07281e-05
-3.10516e-05
-1.09169e-05
-3.108e-05
-3.04669e-05
-1.08599e-05
-3.49083e-07
-2.49718e-05
-9.6114e-07
-2.82331e-05
-1.53388e-06
-2.93185e-05
-2.04019e-06
-2.98875e-05
-2.49522e-06
-3.02469e-05
-2.91996e-06
-3.04835e-05
-3.33363e-06
-3.06299e-05
-3.75215e-06
-3.07043e-05
-4.1881e-06
-3.07203e-05
-4.65092e-06
-3.06889e-05
-5.14725e-06
-3.06186e-05
-5.68141e-06
-3.05141e-05
-6.2558e-06
-3.03784e-05
-6.87143e-06
-3.02159e-05
-7.52817e-06
-3.00374e-05
-8.22437e-06
-2.98656e-05
-8.95558e-06
-2.97382e-05
-9.71187e-06
-2.97049e-05
-1.04735e-05
-2.98123e-05
-1.12056e-05
-3.00708e-05
-1.18539e-05
-3.04033e-05
-1.23458e-05
-3.05881e-05
-3.0214e-05
-1.25987e-05
-3.35008e-07
-2.46367e-05
-9.26953e-07
-2.7641e-05
-1.47172e-06
-2.87737e-05
-1.94698e-06
-2.94121e-05
-2.37127e-06
-2.98225e-05
-2.76765e-06
-3.00871e-05
-3.15669e-06
-3.02409e-05
-3.55541e-06
-3.03056e-05
-3.97739e-06
-3.02983e-05
-4.4331e-06
-3.02332e-05
-4.93034e-06
-3.01213e-05
-5.47471e-06
-2.99697e-05
-6.07005e-06
-2.97831e-05
-6.71909e-06
-2.95669e-05
-7.42393e-06
-2.93326e-05
-8.18619e-06
-2.91033e-05
-9.00623e-06
-2.89182e-05
-9.88074e-06
-2.88304e-05
-1.0798e-05
-2.8895e-05
-1.17305e-05
-2.91382e-05
-1.26277e-05
-2.95062e-05
-1.3411e-05
-2.98048e-05
-2.9646e-05
-1.3979e-05
-3.17016e-07
-2.43196e-05
-8.84434e-07
-2.70734e-05
-1.39665e-06
-2.82614e-05
-1.83677e-06
-2.89719e-05
-2.22694e-06
-2.94323e-05
-2.59185e-06
-2.97222e-05
-2.95278e-06
-2.988e-05
-3.32706e-06
-2.99313e-05
-3.72841e-06
-2.98969e-05
-4.16757e-06
-2.9794e-05
-4.6529e-06
-2.96359e-05
-5.19077e-06
-2.94318e-05
-5.78607e-06
-2.91878e-05
-6.44289e-06
-2.89101e-05
-7.1653e-06
-2.86102e-05
-7.95791e-06
-2.83107e-05
-8.82575e-06
-2.80503e-05
-9.77246e-06
-2.78837e-05
-1.07958e-05
-2.78717e-05
-1.18793e-05
-2.80548e-05
-1.29814e-05
-2.84041e-05
-1.40253e-05
-2.87608e-05
-2.87728e-05
-1.48985e-05
-3.08239e-07
-2.40112e-05
-8.48007e-07
-2.65334e-05
-1.32076e-06
-2.77886e-05
-1.71841e-06
-2.85743e-05
-2.06803e-06
-2.90827e-05
-2.3961e-06
-2.93941e-05
-2.72408e-06
-2.95519e-05
-3.0687e-06
-2.95867e-05
-3.44284e-06
-2.95228e-05
-3.8566e-06
-2.93802e-05
-4.318e-06
-2.91745e-05
-4.83351e-06
-2.89164e-05
-5.40851e-06
-2.86129e-05
-6.04797e-06
-2.82707e-05
-6.75733e-06
-2.79007e-05
-7.54353e-06
-2.75244e-05
-8.4154e-06
-2.71783e-05
-9.38294e-06
-2.69161e-05
-1.04536e-05
-2.68011e-05
-1.16239e-05
-2.68844e-05
-1.28669e-05
-2.71612e-05
-1.41166e-05
-2.75112e-05
-2.76291e-05
-1.52602e-05
-3.34996e-07
-2.36761e-05
-8.42531e-07
-2.60258e-05
-1.26289e-06
-2.73681e-05
-1.60488e-06
-2.82323e-05
-1.90283e-06
-2.87848e-05
-2.18552e-06
-2.91114e-05
-2.47392e-06
-2.92635e-05
-2.78297e-06
-2.92776e-05
-3.12351e-06
-2.91822e-05
-3.50381e-06
-2.89999e-05
-3.93062e-06
-2.87477e-05
-4.40969e-06
-2.84373e-05
-4.94622e-06
-2.80763e-05
-5.54543e-06
-2.76714e-05
-6.21344e-06
-2.72326e-05
-6.95846e-06
-2.67793e-05
-7.7918e-06
-2.6345e-05
-8.72809e-06
-2.59798e-05
-9.78303e-06
-2.57462e-05
-1.09664e-05
-2.5701e-05
-1.22687e-05
-2.58588e-05
-1.3643e-05
-2.6137e-05
-2.62827e-05
-1.49896e-05
-4.31802e-07
-2.32442e-05
-8.97143e-07
-2.55604e-05
-1.24431e-06
-2.70209e-05
-1.50962e-06
-2.79669e-05
-1.73914e-06
-2.85552e-05
-1.96462e-06
-2.88858e-05
-2.20526e-06
-2.90228e-05
-2.47246e-06
-2.90103e-05
-2.77341e-06
-2.88812e-05
-3.11332e-06
-2.86599e-05
-3.49667e-06
-2.83643e-05
-3.92773e-06
-2.80062e-05
-4.41083e-06
-2.75932e-05
-4.95079e-06
-2.71313e-05
-5.55363e-06
-2.66297e-05
-6.22771e-06
-2.61052e-05
-6.98522e-06
-2.55875e-05
-7.84312e-06
-2.51219e-05
-8.82249e-06
-2.47668e-05
-9.94355e-06
-2.458e-05
-1.1214e-05
-2.45884e-05
-1.26104e-05
-2.47408e-05
-2.48356e-05
-1.40575e-05
-6.36049e-07
-2.26081e-05
-1.04168e-06
-2.51546e-05
-1.28271e-06
-2.67799e-05
-1.44076e-06
-2.78089e-05
-1.58003e-06
-2.8416e-05
-1.73468e-06
-2.87311e-05
-1.91921e-06
-2.88381e-05
-2.13882e-06
-2.87906e-05
-2.39516e-06
-2.86247e-05
-2.68917e-06
-2.83658e-05
-3.02225e-06
-2.80312e-05
-3.39658e-06
-2.76319e-05
-3.81515e-06
-2.71746e-05
-4.28176e-06
-2.66647e-05
-4.80163e-06
-2.61099e-05
-5.38233e-06
-2.55245e-05
-6.03541e-06
-2.49344e-05
-6.7778e-06
-2.43795e-05
-7.63229e-06
-2.39123e-05
-8.62479e-06
-2.35875e-05
-9.77576e-06
-2.34376e-05
-1.10837e-05
-2.34329e-05
-2.34155e-05
-1.25039e-05
-9.97187e-07
-2.16108e-05
-1.30093e-06
-2.48509e-05
-1.38166e-06
-2.66992e-05
-1.39285e-06
-2.77977e-05
-1.41904e-06
-2.83897e-05
-1.49141e-06
-2.86586e-05
-1.61417e-06
-2.87152e-05
-1.78266e-06
-2.8622e-05
-1.9911e-06
-2.84162e-05
-2.23532e-06
-2.81215e-05
-2.51331e-06
-2.77532e-05
-2.82501e-06
-2.73202e-05
-3.17175e-06
-2.68279e-05
-3.55605e-06
-2.62805e-05
-3.9818e-06
-2.56841e-05
-4.45515e-06
-2.50511e-05
-4.98583e-06
-2.44036e-05
-5.58879e-06
-2.37765e-05
-6.2852e-06
-2.32159e-05
-7.10137e-06
-2.27714e-05
-8.06329e-06
-2.24757e-05
-9.18456e-06
-2.23116e-05
-2.21523e-05
-1.04477e-05
-1.598e-06
-2.00128e-05
-1.68076e-06
-2.47682e-05
-1.51611e-06
-2.68639e-05
-1.33784e-06
-2.7976e-05
-1.23638e-06
-2.8491e-05
-1.22442e-06
-2.86704e-05
-1.28658e-06
-2.86529e-05
-1.40453e-06
-2.8504e-05
-1.56414e-06
-2.82565e-05
-1.75628e-06
-2.79293e-05
-1.97603e-06
-2.75334e-05
-2.22142e-06
-2.70748e-05
-2.49234e-06
-2.6557e-05
-2.78998e-06
-2.59828e-05
-3.11677e-06
-2.53573e-05
-3.47702e-06
-2.46908e-05
-3.87801e-06
-2.40026e-05
-4.33146e-06
-2.33231e-05
-4.85463e-06
-2.26928e-05
-5.46999e-06
-2.21561e-05
-6.20196e-06
-2.17438e-05
-7.06882e-06
-2.14447e-05
-2.11507e-05
-8.07045e-06
-2.49266e-06
-1.75201e-05
-2.13727e-06
-2.51236e-05
-1.61424e-06
-2.73868e-05
-1.21764e-06
-2.83724e-05
-9.9932e-07
-2.87092e-05
-9.2e-07
-2.87496e-05
-9.33563e-07
-2.86393e-05
-1.00692e-06
-2.84305e-05
-1.11919e-06
-2.81442e-05
-1.25821e-06
-2.77902e-05
-1.41764e-06
-2.73739e-05
-1.59457e-06
-2.68979e-05
-1.78805e-06
-2.63636e-05
-1.99826e-06
-2.57726e-05
-2.22633e-06
-2.51291e-05
-2.47465e-06
-2.44424e-05
-2.74785e-06
-2.37294e-05
-3.05391e-06
-2.3017e-05
-3.40514e-06
-2.23416e-05
-3.81796e-06
-2.17433e-05
-4.31058e-06
-2.12512e-05
-4.89712e-06
-2.08582e-05
-2.04696e-05
-5.57814e-06
-3.4565e-06
-1.40637e-05
-2.51421e-06
-2.60658e-05
-1.50401e-06
-2.8397e-05
-9.36872e-07
-2.89396e-05
-6.71866e-07
-2.89742e-05
-5.7072e-07
-2.88507e-05
-5.59226e-07
-2.86508e-05
-5.97918e-07
-2.83917e-05
-6.65385e-07
-2.80766e-05
-7.50445e-07
-2.77051e-05
-8.47633e-07
-2.72768e-05
-9.54488e-07
-2.67911e-05
-1.07003e-06
-2.62481e-05
-1.19399e-06
-2.56486e-05
-1.32659e-06
-2.49965e-05
-1.46866e-06
-2.43004e-05
-1.62241e-06
-2.35757e-05
-1.79222e-06
-2.28473e-05
-1.98543e-06
-2.21485e-05
-2.21203e-06
-2.15168e-05
-2.48293e-06
-2.09803e-05
-2.80689e-06
-2.05341e-05
-2.00915e-05
-3.18491e-06
-4.12319e-06
-1.89249e-06
-8.04714e-07
-4.07154e-07
-2.48975e-07
-1.91859e-07
-1.81786e-07
-1.94028e-07
-2.17274e-07
-2.46472e-07
-2.79428e-07
-3.15235e-07
-3.53514e-07
-3.9406e-07
-4.36693e-07
-4.81302e-07
-5.2811e-07
-5.78085e-07
-6.33336e-07
-6.97211e-07
-7.73689e-07
-8.66339e-07
-9.74302e-07
4.85063e-05
7.43735e-06
4.41154e-05
4.39089e-06
4.31296e-05
9.85849e-07
-3.9517e-06
4.70813e-05
5.35401e-05
4.65292e-06
5.47774e-05
3.15364e-06
5.46763e-05
1.08694e-06
-1.47694e-06
5.22015e-05
4.80899e-05
2.16887e-06
4.95375e-05
1.70598e-06
4.95852e-05
1.03933e-06
1.91404e-07
4.79168e-05
4.50255e-05
3.42301e-07
4.62447e-05
4.86779e-07
4.67358e-05
5.48251e-07
4.80693e-07
4.64465e-05
4.52304e-05
-1.29813e-06
4.64268e-05
-7.09621e-07
4.72687e-05
-2.93628e-07
-1.07784e-07
4.78572e-05
4.37203e-05
-3.28233e-06
4.57009e-05
-2.69018e-06
4.76158e-05
-2.20854e-06
-2.17635e-06
4.96844e-05
4.20136e-05
-4.1824e-06
4.35258e-05
-4.20241e-06
4.50849e-05
-3.76755e-06
-2.81705e-06
4.57256e-05
4.64e-05
-4.79745e-06
4.71556e-05
-4.95804e-06
4.80659e-05
-4.67789e-06
-4.00383e-06
4.92527e-05
4.71569e-05
-4.54851e-06
4.67487e-05
-4.54978e-06
4.64486e-05
-4.37788e-06
-4.07721e-06
4.6522e-05
4.51479e-05
-4.49003e-06
4.50212e-05
-4.423e-06
4.49132e-05
-4.27e-06
-4.03327e-06
4.48693e-05
4.19773e-05
-4.48895e-06
4.18931e-05
-4.33879e-06
4.17539e-05
-4.13075e-06
-3.85287e-06
4.15735e-05
3.81122e-05
-4.51837e-06
3.80297e-05
-4.25623e-06
3.78236e-05
-3.92467e-06
-3.5068e-06
3.74776e-05
3.40183e-05
-4.59547e-06
3.39582e-05
-4.19619e-06
3.37331e-05
-3.69949e-06
-3.0875e-06
3.33138e-05
2.99708e-05
-4.75061e-06
2.99813e-05
-4.20674e-06
2.98138e-05
-3.5319e-06
-2.70797e-06
2.94343e-05
2.61359e-05
-5.01179e-06
2.62613e-05
-4.33208e-06
2.62167e-05
-3.48732e-06
-2.45894e-06
2.59677e-05
2.26079e-05
-5.3954e-06
2.28753e-05
-4.59946e-06
2.29943e-05
-3.60632e-06
-2.39673e-06
2.29321e-05
1.94251e-05
-5.90347e-06
1.98418e-05
-5.01625e-06
2.01383e-05
-3.90279e-06
-2.54321e-06
2.02847e-05
1.65803e-05
-6.52531e-06
1.71366e-05
-5.57257e-06
1.7602e-05
-4.36819e-06
-2.89176e-06
1.79505e-05
1.40311e-05
-7.24072e-06
1.47045e-05
-6.24606e-06
1.53144e-05
-4.97804e-06
-3.41589e-06
1.58384e-05
1.17088e-05
-8.0232e-06
1.24692e-05
-7.00648e-06
1.31893e-05
-5.69821e-06
-4.0774e-06
1.38508e-05
9.53039e-06
-8.84255e-06
1.03434e-05
-7.81947e-06
1.11349e-05
-6.48981e-06
-4.83266e-06
1.18902e-05
7.41135e-06
-9.66758e-06
8.2418e-06
-8.64994e-06
9.06543e-06
-7.31346e-06
-5.63761e-06
9.87037e-06
5.27917e-06
-1.04685e-05
6.09417e-06
-9.46496e-06
6.91335e-06
-8.13267e-06
-6.45179e-06
7.72756e-06
3.08443e-06
-1.12188e-05
3.8555e-06
-1.02361e-05
4.63942e-06
-8.91658e-06
-7.24153e-06
5.42918e-06
8.06401e-07
-1.1897e-05
1.51114e-06
-1.09408e-05
2.23631e-06
-9.64171e-06
-7.98193e-06
2.97672e-06
-1.5465e-06
-1.24863e-05
-9.24359e-07
-1.15629e-05
-2.7361e-07
-1.02924e-05
-8.65789e-06
4.02349e-07
-3.93855e-06
-1.29732e-05
-3.41071e-06
-1.20908e-05
-2.84424e-06
-1.08589e-05
-9.26155e-06
-2.24061e-06
-6.31431e-06
-1.33482e-05
-5.88879e-06
-1.25164e-05
-5.41229e-06
-1.13354e-05
-9.79002e-06
-4.88383e-06
-8.60558e-06
-1.36029e-05
-8.28894e-06
-1.28331e-05
-7.90653e-06
-1.17178e-05
-1.02425e-05
-7.45413e-06
-1.07337e-05
-1.37291e-05
-1.05336e-05
-1.30332e-05
-1.02513e-05
-1.20002e-05
-1.06155e-05
-9.87828e-06
-1.26101e-05
-1.37178e-05
-1.25366e-05
-1.31067e-05
-1.23649e-05
-1.2172e-05
-1.08994e-05
-1.2081e-05
-1.41364e-05
-1.35604e-05
-1.42019e-05
-1.30413e-05
-1.4156e-05
-1.22179e-05
-1.10763e-05
-1.3979e-05
-1.52065e-05
-1.32525e-05
-1.54217e-05
-1.28261e-05
-1.55192e-05
-1.21204e-05
-1.11224e-05
-1.54732e-05
-1.57135e-05
-1.27993e-05
-1.60817e-05
-1.24579e-05
-1.63356e-05
-1.18665e-05
-1.10137e-05
-1.64442e-05
-1.55664e-05
-1.22226e-05
-1.60751e-05
-1.19493e-05
-1.6484e-05
-1.14576e-05
-1.07382e-05
-1.67594e-05
-1.47157e-05
-1.15644e-05
-1.53293e-05
-1.13356e-05
-1.58679e-05
-1.0919e-05
-1.03081e-05
-1.6298e-05
-1.31816e-05
-1.08867e-05
-1.38404e-05
-1.06769e-05
-1.44542e-05
-1.03052e-05
-9.76868e-06
-1.49936e-05
-1.10735e-05
-1.02608e-05
-1.17013e-05
-1.00491e-05
-1.23119e-05
-9.69462e-06
-9.19745e-06
-1.28831e-05
-8.58124e-06
-9.75e-06
-9.1046e-06
-9.52573e-06
-9.62893e-06
-9.17029e-06
-8.68574e-06
-1.01406e-05
-5.93626e-06
-9.39186e-06
-6.3066e-06
-9.15542e-06
-6.68302e-06
-8.79388e-06
-8.3102e-06
-7.05857e-06
-3.37102e-06
-9.20578e-06
-3.56262e-06
-8.96384e-06
-3.75533e-06
-8.60117e-06
-8.12022e-06
-3.9453e-06
-1.02044e-06
-1.06621e-06
-1.10895e-06
-1.14701e-06
1.08856e-05
-3.25821e-05
-9.24805e-06
-3.83287e-05
1.23913e-05
6.63164e-05
4.54201e-05
0.000155258
5.71932e-05
0.000205705
6.7456e-05
0.000219228
8.53607e-05
0.000212572
0.000110536
0.000183023
0.000133115
0.000125988
0.00014229
4.589e-05
0.000138641
-4.03811e-05
0.000123226
-8.77333e-05
0.000101693
-6.83555e-05
0.00010309
-9.28596e-05
9.49965e-05
-0.00012347
8.0837e-05
-0.000151805
5.81731e-05
-0.000172454
2.86341e-05
-0.000182464
-0.000176465
3.28288e-05
-1.32094e-05
4.71233e-06
-1.02122e-05
4.39893e-05
2.70395e-05
9.78242e-05
0.000101424
0.000132238
0.000171292
0.000155825
0.00019564
0.00017169
0.000196707
0.000188389
0.000166324
0.000202304
0.000112073
0.00020474
4.3454e-05
0.00018767
-2.3311e-05
0.000142955
-4.30175e-05
0.000130391
-5.57921e-05
0.000121291
-8.376e-05
0.000109907
-0.000112086
9.22069e-05
-0.000134106
6.70801e-05
-0.000147328
3.60621e-05
-0.000151446
-0.000140403
3.73669e-05
-2.65948e-06
2.31527e-05
4.00191e-06
2.897e-05
2.12222e-05
8.23958e-05
4.7998e-05
0.00015243
0.000101258
0.000208119
0.000139952
0.000229745
0.000175081
0.000242747
0.000153322
0.000245175
0.000109645
0.000226613
6.20151e-05
0.000179673
2.36291e-05
0.000150045
-1.33884e-05
0.000138648
-4.43951e-05
0.000129187
-7.42997e-05
0.000115332
-9.82307e-05
9.57281e-05
-0.000114502
7.01201e-05
-0.00012172
3.87536e-05
-0.000120079
-0.000101649
4.27607e-05
1.02629e-06
3.91028e-05
7.65979e-06
3.8081e-05
2.22441e-05
4.48745e-05
4.12045e-05
8.29793e-05
6.31525e-05
0.000135237
8.76941e-05
0.000185361
0.000124956
0.000214031
0.000124653
0.000212047
0.000111629
0.000175933
9.81292e-05
0.00015907
4.04918e-05
0.000147095
-1.4143e-06
0.00013868
-3.59797e-05
0.000127474
-6.30936e-05
0.000112669
-8.34255e-05
9.33725e-05
-9.52054e-05
6.92287e-05
-9.75757e-05
3.93425e-05
-9.01929e-05
-6.23068e-05
4.86129e-05
2.7059e-07
4.9378e-05
6.89465e-06
5.16583e-05
1.99639e-05
5.72065e-05
3.56563e-05
6.69609e-05
5.33982e-05
8.07548e-05
7.39001e-05
0.000108782
9.69293e-05
0.000125532
0.000107902
0.000134257
0.000102904
0.000153084
7.93031e-05
0.000152238
4.13375e-05
0.000143949
6.87494e-06
0.000131577
-2.36085e-05
0.000117827
-4.93435e-05
0.000103074
-6.86719e-05
8.60077e-05
-7.81393e-05
6.51058e-05
-7.66739e-05
3.81823e-05
-6.32693e-05
-2.41245e-05
5.39605e-05
-4.00549e-06
5.70589e-05
3.79623e-06
6.09067e-05
1.61161e-05
6.69923e-05
2.95706e-05
7.54897e-05
4.49008e-05
8.74566e-05
6.19331e-05
0.00010604
7.83463e-05
0.000125726
8.82161e-05
0.000141888
8.67415e-05
0.000149546
7.16451e-05
0.000144662
4.6221e-05
0.000131561
1.99765e-05
0.000113488
-5.53571e-06
9.78061e-05
-3.36616e-05
8.51147e-05
-5.59805e-05
7.21577e-05
-6.51824e-05
5.65191e-05
-6.10352e-05
3.45862e-05
-4.13364e-05
1.04617e-05
4.95263e-05
-7.80621e-06
5.57152e-05
-2.39267e-06
6.43509e-05
7.48032e-06
7.34773e-05
2.04442e-05
8.30618e-05
3.53163e-05
9.45733e-05
5.04216e-05
0.00010935
6.35694e-05
0.000125094
7.24722e-05
0.00013696
7.48758e-05
0.000139846
6.87591e-05
0.000128101
5.79659e-05
0.000101317
4.676e-05
7.3648e-05
2.21338e-05
5.86278e-05
-1.86414e-05
5.15944e-05
-4.8947e-05
4.7841e-05
-6.1429e-05
4.08789e-05
-5.40732e-05
2.69246e-05
-2.73821e-05
3.73863e-05
4.77244e-05
-6.27793e-06
4.94676e-05
-4.13582e-06
5.66809e-05
2.67029e-07
6.7976e-05
9.14915e-06
8.08835e-05
2.24088e-05
9.53148e-05
3.59902e-05
0.000110342
4.85421e-05
0.000124049
5.87649e-05
0.000131334
6.75909e-05
0.000121303
7.87906e-05
8.09851e-05
9.82836e-05
1.92119e-05
0.000108533
-1.82932e-05
5.96388e-05
-1.68091e-05
-2.01255e-05
-2.0009e-06
-6.37553e-05
1.26697e-05
-7.60996e-05
1.71572e-05
-5.85607e-05
1.39898e-05
-2.42147e-05
5.13761e-05
4.82027e-05
-7.95868e-06
5.13581e-05
-7.29119e-06
5.81617e-05
-6.53659e-06
6.41926e-05
3.11832e-06
7.31882e-05
1.34132e-05
8.77492e-05
2.14293e-05
0.000104102
3.21896e-05
0.000117562
4.53047e-05
0.000118093
6.70602e-05
6.47501e-05
0.000132133
-5.10555e-05
0.000214089
-0.000118686
0.000176163
-0.000104025
4.49778e-05
-7.8058e-05
-4.60922e-05
-5.07901e-05
-9.10231e-05
-2.59922e-05
-0.000100898
-1.27097e-05
-7.18432e-05
-2.20614e-06
-3.47183e-05
4.91699e-05
4.53303e-05
-8.4198e-06
4.51932e-05
-7.15395e-06
4.30679e-05
-4.41128e-06
4.48314e-05
1.355e-06
5.08534e-05
7.39124e-06
5.90064e-05
1.32764e-05
6.65892e-05
2.46068e-05
5.53898e-05
5.65041e-05
-2.30406e-06
0.000124754
-0.000104797
0.000234626
-0.000161088
0.00027038
-0.000142459
0.000157535
-0.000122838
2.53567e-05
-0.000107243
-6.16876e-05
-9.10318e-05
-0.000107234
-6.9252e-05
-0.000122677
-4.25674e-05
-9.85278e-05
-1.62589e-05
-6.10268e-05
3.2911e-05
4.08558e-05
-7.70211e-06
3.9015e-05
-5.31306e-06
3.61084e-05
-1.50462e-06
3.30066e-05
4.45677e-06
2.87486e-05
1.16492e-05
2.05524e-05
2.14725e-05
5.0049e-06
4.01543e-05
-2.15886e-05
8.30976e-05
-6.69356e-05
0.000170101
-0.000112386
0.000280076
-0.000117085
0.000275079
-0.000110817
0.000151267
-0.000100061
1.45998e-05
-0.000114705
-4.70427e-05
-0.000113279
-0.000108661
-0.000102065
-0.000133891
-7.06471e-05
-0.000129946
-2.66984e-05
-0.000104975
6.21263e-06
3.59673e-05
-6.19173e-06
3.30455e-05
-2.39131e-06
2.8539e-05
3.00196e-06
2.23525e-05
1.06433e-05
1.31798e-05
2.08219e-05
-8.76211e-07
3.55285e-05
-2.11325e-05
6.04104e-05
-4.58929e-05
0.000107858
-6.80219e-05
0.00019223
-7.41142e-05
0.000286169
-7.02557e-05
0.00027122
-5.07682e-05
0.00013178
-6.25941e-05
2.64257e-05
-0.000102333
-7.30355e-06
-0.000112384
-9.86097e-05
-9.80813e-05
-0.000148194
-7.91114e-05
-0.000148916
-4.85767e-05
-0.00013551
-4.23641e-05
3.1431e-05
-4.30893e-06
2.79209e-05
1.11895e-06
2.24659e-05
8.45696e-06
1.47287e-05
1.83805e-05
3.85901e-06
3.16917e-05
-1.10147e-05
5.04021e-05
-2.96762e-05
7.90719e-05
-4.78325e-05
0.000126014
-5.40747e-05
0.000198472
-3.87997e-05
0.000270894
-2.48429e-05
0.000257264
-4.67465e-05
0.000153684
-7.80794e-05
5.77587e-05
-8.79004e-05
2.51758e-06
-9.16421e-05
-9.48679e-05
-7.85407e-05
-0.000161295
-6.45561e-05
-0.0001629
-4.87534e-05
-0.000151313
-9.11175e-05
2.75771e-05
-2.45171e-06
2.40458e-05
4.65028e-06
1.85316e-05
1.39712e-05
1.0731e-05
2.61812e-05
2.52768e-07
4.217e-05
-1.29567e-05
6.36116e-05
-2.75171e-05
9.36322e-05
-3.83308e-05
0.000136828
-3.48547e-05
0.000194996
-1.20055e-05
0.000248045
3.64808e-06
0.00024161
-5.2025e-06
0.000162534
-2.58782e-05
7.84345e-05
-2.88434e-05
5.48293e-06
-3.81415e-05
-8.55699e-05
-5.79391e-05
-0.000141498
-4.10338e-05
-0.000179805
-2.77081e-05
-0.000164639
-0.000118826
2.44522e-05
-9.36173e-07
2.13748e-05
7.7277e-06
1.65016e-05
1.88444e-05
9.66109e-06
3.30217e-05
8.14111e-07
5.10169e-05
-9.56126e-06
7.39869e-05
-1.96072e-05
0.000103678
-2.46914e-05
0.000141912
-1.69988e-05
0.000187304
5.70969e-06
0.000225336
2.55379e-05
0.000221782
2.35472e-05
0.000164525
1.30904e-05
8.88914e-05
9.18317e-06
9.39026e-06
-2.2893e-06
-7.40974e-05
-3.65087e-06
-0.000140136
-2.17351e-05
-0.000161721
-9.52344e-06
-0.00017685
-0.000128349
2.19596e-05
3.6334e-08
1.96346e-05
1.00527e-05
1.58113e-05
2.26678e-05
1.04467e-05
3.83863e-05
3.71786e-06
5.77458e-05
-3.67334e-06
8.1378e-05
-9.94104e-06
0.000109946
-1.15295e-05
0.0001435
-3.51781e-06
0.000179292
1.50854e-05
0.000206733
3.23871e-05
0.00020448
3.46399e-05
0.000162272
2.78528e-05
9.56786e-05
2.0034e-05
1.72091e-05
1.08513e-05
-6.49147e-05
8.44932e-06
-0.000137734
1.37585e-05
-0.00016703
2.36575e-06
-0.000165458
-0.000125983
1.99431e-05
3.77991e-07
1.8497e-05
1.14987e-05
1.58724e-05
2.52925e-05
1.21092e-05
4.21495e-05
7.46691e-06
6.23882e-05
2.63254e-06
8.62125e-05
-9.73563e-07
0.000113552
-9.8666e-07
0.000143513
5.32417e-06
0.000172981
1.80268e-05
0.00019403
2.95772e-05
0.00019293
3.08765e-05
0.000160973
2.29291e-05
0.000103626
1.13837e-05
2.87544e-05
3.8021e-06
-5.73333e-05
8.31339e-06
-0.000142246
2.32095e-05
-0.000181927
1.27412e-05
-0.000154989
-0.000113242
1.82343e-05
9.42761e-08
1.76589e-05
1.20741e-05
1.61952e-05
2.67561e-05
1.39164e-05
4.44283e-05
1.1069e-05
6.52354e-05
8.19263e-06
8.9089e-05
6.25059e-06
0.000115494
6.62589e-06
0.000143138
1.05769e-05
0.00016903
1.74536e-05
0.000187154
2.2219e-05
0.000188164
1.84273e-05
0.000164765
4.59128e-06
0.000117462
-1.58703e-05
4.92159e-05
-3.37091e-05
-3.94946e-05
-3.14637e-05
-0.000144491
6.0631e-06
-0.000219453
1.87879e-05
-0.000167714
-9.44541e-05
1.66765e-05
-7.43844e-07
1.68734e-05
1.18772e-05
1.64207e-05
2.72088e-05
1.53882e-05
4.5461e-05
1.39596e-05
6.6664e-05
1.24843e-05
9.05644e-05
1.15091e-05
0.00011647
1.16848e-05
0.000142962
1.33319e-05
0.000167383
1.537e-05
0.000185116
1.40323e-05
0.000189502
4.17873e-06
0.000174618
-1.73366e-05
0.000138977
-4.94382e-05
8.13174e-05
-7.51297e-05
-1.38032e-05
-6.36939e-05
-0.000155927
-3.24887e-05
-0.000250659
1.80077e-05
-0.00021821
-7.64464e-05
1.51334e-05
-2.02648e-06
1.59558e-05
1.10548e-05
1.63132e-05
2.68514e-05
1.62533e-05
4.55211e-05
1.58832e-05
6.70341e-05
1.53783e-05
9.10693e-05
1.4965e-05
0.000116883
1.48153e-05
0.000143112
1.47343e-05
0.000167464
1.35227e-05
0.000186327
8.27583e-06
0.000194749
-4.99896e-06
0.000187893
-2.90541e-05
0.000163032
-6.11896e-05
0.000113453
-7.65307e-05
1.53785e-06
-6.37015e-05
-0.000168756
-4.55059e-05
-0.000268854
6.1961e-06
-0.000269912
-7.02503e-05
1.34925e-05
-3.62878e-06
1.47778e-05
9.76947e-06
1.57359e-05
2.58934e-05
1.63886e-05
4.48685e-05
1.67781e-05
6.66446e-05
1.69523e-05
9.08952e-05
1.69338e-05
0.000116901
1.66416e-05
0.000143404
1.57038e-05
0.000168402
1.31226e-05
0.000188909
7.00011e-06
0.000200871
-4.69629e-06
0.000199589
-2.13459e-05
0.000179682
-3.56389e-05
0.000127746
-2.60929e-05
-8.00826e-06
-2.28385e-05
-0.000172011
-2.45426e-05
-0.00026715
-5.89532e-06
-0.00028856
-7.61455e-05
1.16687e-05
-5.42718e-06
1.32598e-05
8.17836e-06
1.46256e-05
2.45277e-05
1.57671e-05
4.3727e-05
1.66844e-05
6.57273e-05
1.73533e-05
9.02264e-05
1.76991e-05
0.000116555
1.75567e-05
0.000143546
1.65931e-05
0.000169365
1.41929e-05
0.000191309
9.50993e-06
0.000205554
2.51087e-06
0.000206588
-3.01446e-06
0.000185207
2.22405e-06
0.000122507
3.19801e-05
-3.77643e-05
2.55647e-05
-0.000165595
4.74684e-06
-0.000246332
-2.26382e-06
-0.000281549
-7.84094e-05
9.61031e-06
-7.30993e-06
1.13694e-05
6.41932e-06
1.29792e-05
2.2918e-05
1.44283e-05
4.2278e-05
1.56973e-05
6.44583e-05
1.67374e-05
8.91862e-05
1.74539e-05
0.000115839
1.7695e-05
0.000143305
1.72459e-05
0.000169815
1.58428e-05
0.000192712
1.33538e-05
0.000208043
1.05469e-05
0.000209395
1.05554e-05
0.000185199
2.1644e-05
0.000111418
6.4506e-05
-8.06263e-05
5.65597e-05
-0.000157649
3.34027e-05
-0.000223175
9.80434e-06
-0.000257951
-6.8605e-05
7.30455e-06
-9.18524e-06
9.12236e-06
4.60158e-06
1.08508e-05
2.11897e-05
1.2472e-05
4.06568e-05
1.39639e-05
6.29664e-05
1.52847e-05
8.78654e-05
1.63658e-05
0.000114758
1.71123e-05
0.000142559
1.74312e-05
0.000169496
1.73101e-05
0.000192833
1.70587e-05
0.000208295
1.79318e-05
0.000208522
2.25493e-05
0.000180581
3.63437e-05
9.76238e-05
7.05892e-05
-0.000114872
6.95539e-05
-0.000156614
4.85413e-05
-0.000202163
1.15709e-05
-0.00022098
-5.70342e-05
4.77859e-06
-1.0987e-05
6.5818e-06
2.79841e-06
8.34967e-06
1.94219e-05
1.00609e-05
3.89456e-05
1.16985e-05
6.13289e-05
1.32434e-05
8.63204e-05
1.46758e-05
0.000113325
1.59719e-05
0.000141263
1.71383e-05
0.000168329
1.83246e-05
0.000191646
2.0124e-05
0.000206495
2.4222e-05
0.000204424
3.38914e-05
0.000170911
5.53532e-05
7.61619e-05
7.36311e-05
-0.00013315
7.23129e-05
-0.000155296
5.3079e-05
-0.000182929
1.24509e-05
-0.000180352
-4.45833e-05
2.0932e-06
-1.26778e-05
3.84912e-06
1.04252e-06
5.6306e-06
1.76404e-05
7.41377e-06
3.71625e-05
9.18756e-06
5.95551e-05
1.09585e-05
8.45496e-05
1.27652e-05
0.000111519
1.46576e-05
0.00013937
1.67145e-05
0.000166272
1.91549e-05
0.000189206
2.26353e-05
0.000203015
2.88623e-05
0.000198197
4.19345e-05
0.000157839
6.51563e-05
5.29401e-05
7.1519e-05
-0.000139513
6.81191e-05
-0.000151896
5.33126e-05
-0.000168123
2.74076e-05
-0.000154447
-1.71757e-05
-6.70389e-07
-1.4248e-05
1.04554e-06
-6.7337e-07
2.8696e-06
1.58165e-05
4.77709e-06
3.52551e-05
6.76196e-06
5.75702e-05
8.85015e-06
8.24614e-05
1.11447e-05
0.000109224
1.37743e-05
0.00013674
1.68871e-05
0.000163159
2.07319e-05
0.000185361
2.5886e-05
0.000197861
3.35333e-05
0.00019055
4.58622e-05
0.00014551
6.09811e-05
3.78211e-05
5.98759e-05
-0.000138407
5.74604e-05
-0.00014948
4.61945e-05
-0.000156857
2.96022e-05
-0.000137855
1.24265e-05
-3.42588e-06
-1.57059e-05
-1.71214e-06
-2.38707e-06
2.27749e-07
1.38766e-05
2.37336e-06
3.31095e-05
4.72742e-06
5.52161e-05
7.32814e-06
7.98606e-05
1.0333e-05
0.000106219
1.39548e-05
0.000133119
1.84161e-05
0.000158698
2.40501e-05
0.000179727
3.14048e-05
0.000190506
4.11182e-05
0.000180836
5.25965e-05
0.000134032
5.89142e-05
3.15034e-05
4.89613e-05
-0.000128455
4.56833e-05
-0.000146202
3.85368e-05
-0.00014971
2.65268e-05
-0.000125845
3.89532e-05
-6.09266e-06
-1.70673e-05
-4.33229e-06
-4.14743e-06
-2.18408e-06
1.17284e-05
3.42047e-07
3.05834e-05
3.25886e-06
5.22993e-05
6.61647e-06
7.65029e-05
1.05601e-05
0.000102276
1.54008e-05
0.000128278
2.14155e-05
0.000152683
2.90301e-05
0.000172112
3.86017e-05
0.000180934
4.98641e-05
0.000169574
6.01272e-05
0.000123769
6.27087e-05
2.89219e-05
4.72386e-05
-0.000112984
4.16406e-05
-0.000140604
3.45099e-05
-0.00014258
2.39392e-05
-0.000115274
6.28925e-05
-8.60656e-06
-1.83391e-05
-6.76006e-06
-5.99394e-06
-4.32014e-06
9.28854e-06
-1.28057e-06
2.75439e-05
2.37715e-06
4.86417e-05
6.7101e-06
7.217e-05
1.17962e-05
9.71894e-05
1.79739e-05
0.0001221
2.55842e-05
0.000145073
3.50273e-05
0.000162669
4.61556e-05
0.000169806
5.73552e-05
0.000158374
6.50753e-05
0.000116049
6.85074e-05
2.54899e-05
5.14413e-05
-9.59183e-05
4.43729e-05
-0.000133536
3.51054e-05
-0.000133312
2.24253e-05
-0.000102594
8.53178e-05
-1.09148e-05
-1.95053e-05
-8.97382e-06
-7.93493e-06
-6.19513e-06
6.50989e-06
-2.5448e-06
2.38936e-05
2.00423e-06
4.40927e-05
7.49965e-06
6.66746e-05
1.39658e-05
9.07232e-05
2.15529e-05
0.000114513
3.06762e-05
0.00013595
4.16636e-05
0.000151682
5.36004e-05
0.000157869
6.3471e-05
0.000148504
6.74225e-05
0.000112097
7.44196e-05
1.84928e-05
5.8595e-05
-8.00936e-05
4.96709e-05
-0.000124612
3.7995e-05
-0.000121636
2.15131e-05
-8.61122e-05
0.000106831
-1.29665e-05
-2.05178e-05
-1.09736e-05
-9.9278e-06
-7.8751e-06
3.4115e-06
-3.59049e-06
1.96091e-05
1.93006e-06
3.85721e-05
8.72127e-06
5.98834e-05
1.67793e-05
8.26652e-05
2.59913e-05
0.000105301
3.65745e-05
0.000125367
4.88621e-05
0.000139395
6.13674e-05
0.000145364
7.04561e-05
0.000139415
7.2357e-05
0.000110196
7.75248e-05
1.3325e-05
6.68859e-05
-6.94546e-05
5.60726e-05
-0.000113798
4.18053e-05
-0.000107369
2.12718e-05
-6.55787e-05
0.000128103
-1.46957e-05
-2.12953e-05
-1.2756e-05
-1.18674e-05
-9.44909e-06
1.04765e-07
-4.62528e-06
1.47853e-05
1.80999e-06
3.21369e-05
9.9045e-06
5.17889e-05
1.965e-05
7.29197e-05
3.08261e-05
9.41251e-05
4.30465e-05
0.000113146
5.63666e-05
0.000126074
6.9234e-05
0.000132496
7.93328e-05
0.000129317
8.28117e-05
0.000106718
7.55515e-05
2.05852e-05
7.19057e-05
-6.58088e-05
6.04359e-05
-0.000102329
4.43944e-05
-9.13274e-05
2.22799e-05
-4.34642e-05
0.000150383
-1.60023e-05
-2.17371e-05
-1.42771e-05
-1.35925e-05
-1.0972e-05
-3.20021e-06
-5.8489e-06
9.6623e-06
1.25169e-06
2.50363e-05
1.04176e-05
4.2623e-05
2.16425e-05
6.16948e-05
3.47394e-05
8.10282e-05
4.89095e-05
9.89761e-05
6.29877e-05
0.000111996
7.65811e-05
0.000118903
8.81898e-05
0.000117708
9.41234e-05
0.000100784
7.79317e-05
3.6777e-05
7.28499e-05
-6.0727e-05
6.1699e-05
-9.11776e-05
4.54335e-05
-7.50618e-05
2.40642e-05
-2.20949e-05
0.000174447
-1.67423e-05
-2.17542e-05
-1.54164e-05
-1.49183e-05
-1.23931e-05
-6.22352e-06
-7.33397e-06
4.60324e-06
3.04926e-09
1.76993e-05
9.7436e-06
3.28824e-05
2.1896e-05
4.95423e-05
3.62584e-05
6.66658e-05
5.22264e-05
8.30081e-05
6.79331e-05
9.62899e-05
8.30574e-05
0.000103779
9.65887e-05
0.000104176
0.00010468
9.26924e-05
8.96762e-05
5.17811e-05
7.24622e-05
-4.3513e-05
6.12213e-05
-7.99368e-05
4.57797e-05
-5.96202e-05
2.49655e-05
-1.28074e-06
0.000199412
-1.67421e-05
-2.131e-05
-1.59697e-05
-1.56907e-05
-1.3516e-05
-8.67717e-06
-8.9423e-06
2.95219e-08
-1.90865e-06
1.06656e-05
7.78898e-06
2.31847e-05
2.01742e-05
3.71571e-05
3.50696e-05
5.17705e-05
5.21248e-05
6.5953e-05
7.0164e-05
7.82507e-05
8.75601e-05
8.6383e-05
0.000103297
8.84399e-05
0.000114009
8.19797e-05
0.000108188
5.7602e-05
7.74686e-05
-1.27933e-05
6.13953e-05
-6.38635e-05
4.5976e-05
-4.42009e-05
2.5477e-05
1.92183e-05
0.000224889
-1.58443e-05
-2.04593e-05
-1.56866e-05
-1.58484e-05
-1.40192e-05
-1.03446e-05
-1.03195e-05
-3.67016e-06
-4.13095e-06
4.47701e-06
4.8595e-06
1.41943e-05
1.67694e-05
2.52472e-05
3.15015e-05
3.70384e-05
4.8771e-05
4.86835e-05
6.80278e-05
5.89938e-05
8.78207e-05
6.65901e-05
0.00010649
6.97707e-05
0.00012171
6.676e-05
0.000126535
5.2776e-05
9.7924e-05
1.5818e-05
6.16113e-05
-2.75508e-05
4.66259e-05
-2.92155e-05
2.66521e-05
3.91921e-05
0.000251541
-1.39787e-05
-1.93637e-05
-1.43551e-05
-1.54719e-05
-1.35384e-05
-1.11614e-05
-1.09752e-05
-6.23342e-06
-6.10967e-06
-3.88569e-07
1.51638e-06
6.56813e-06
1.21757e-05
1.45877e-05
2.59214e-05
2.32926e-05
4.25989e-05
3.2006e-05
6.17942e-05
3.97985e-05
8.27295e-05
4.56548e-05
0.000103868
4.86325e-05
0.000122508
4.81195e-05
0.000130895
4.43889e-05
0.00010804
3.86734e-05
7.01914e-05
1.02976e-05
5.289e-05
-1.19142e-05
2.86389e-05
6.34432e-05
0.00028018
-1.12354e-05
-1.82689e-05
-1.19131e-05
-1.47942e-05
-1.18019e-05
-1.12726e-05
-1.04074e-05
-7.62794e-06
-7.15613e-06
-3.63992e-06
-1.47577e-06
8.87661e-07
7.10063e-06
6.01129e-06
1.88419e-05
1.15513e-05
3.38005e-05
1.70474e-05
5.18114e-05
2.17878e-05
7.24588e-05
2.50074e-05
9.49934e-05
2.60978e-05
0.000117929
2.5184e-05
0.000138838
2.34798e-05
0.000152927
2.45842e-05
0.000144899
1.83258e-05
6.65152e-05
6.64694e-05
3.08574e-05
9.91011e-05
0.000311038
-7.89644e-06
-1.7431e-05
-8.55576e-06
-1.41349e-05
-8.8098e-06
-1.10186e-05
-8.31839e-06
-8.11946e-06
-6.62604e-06
-5.33237e-06
-3.19114e-06
-2.5473e-06
2.54972e-06
2.70393e-07
1.10691e-05
3.03193e-06
2.26914e-05
5.42507e-06
3.75784e-05
6.90077e-06
5.5684e-05
6.90174e-06
7.69182e-05
4.86358e-06
0.000101011
1.091e-06
0.000127679
-3.18773e-06
0.000153335
-1.07227e-06
0.00015454
1.7121e-05
6.1497e-05
0.000159512
2.85318e-05
0.000132066
0.000339569
-4.39861e-06
-1.69777e-05
-4.78216e-06
-1.37513e-05
-5.01295e-06
-1.07879e-05
-4.94085e-06
-8.19163e-06
-4.33565e-06
-5.93763e-06
-2.8889e-06
-3.99405e-06
-2.2105e-07
-2.39748e-06
4.09895e-06
-1.28808e-06
1.04805e-05
-9.56487e-07
1.92304e-05
-1.84906e-06
3.06861e-05
-4.554e-06
4.52398e-05
-9.69007e-06
6.37035e-05
-1.73727e-05
8.59728e-05
-2.54571e-05
0.000109752
-2.48513e-05
0.00011869
8.18252e-06
5.94937e-05
0.000218709
5.86873e-05
0.000132873
0.000398257
-1.23601e-06
-1.29938e-06
-1.33115e-06
-1.30647e-06
-1.18305e-06
-9.06262e-07
-4.15119e-07
3.51043e-07
1.4367e-06
2.88264e-06
4.80172e-06
7.57801e-06
1.24779e-05
2.33447e-05
5.15052e-05
0.000117295
0.000229988
0.000346737
)
;

boundaryField
{
    leftWall
    {
        type            calculated;
        value           uniform 0;
    }
    rightWall
    {
        type            calculated;
        value           uniform 0;
    }
    lowerWall
    {
        type            calculated;
        value           uniform 0;
    }
    atmosphere
    {
        type            calculated;
        value           nonuniform List<scalar> 
46
(
-9.94045e-06
-2.82966e-05
-2.94848e-05
-2.93371e-05
-2.91323e-05
-2.89078e-05
-2.86608e-05
-2.83795e-05
-2.80534e-05
-2.7676e-05
-2.72439e-05
-2.67554e-05
-2.62098e-05
-2.56081e-05
-2.49539e-05
-2.42558e-05
-2.3529e-05
-2.27974e-05
-2.20933e-05
-2.14529e-05
-2.09037e-05
-2.04415e-05
-1.99836e-05
-9.15964e-06
-8.91805e-06
-8.55842e-06
-8.08219e-06
-1.68887e-05
-1.3688e-05
-1.07561e-05
-8.21632e-06
-6.06107e-06
-4.27087e-06
-2.88862e-06
-2.05429e-06
-2.04213e-06
-3.29502e-06
-6.47302e-06
-1.24664e-05
-2.22727e-05
-3.63238e-05
-5.30117e-05
-5.76075e-05
0.000106016
1.61237e-05
0.000744993
)
;
    }
    defaultFaces
    {
        type            empty;
        value           nonuniform List<scalar> 0();
    }
}


// ************************************************************************* //
