/*--------------------------------*- C++ -*----------------------------------*\
| =========                 |                                                 |
| \\      /  F ield         | OpenFOAM: The Open Source CFD Toolbox           |
|  \\    /   O peration     | Version:  v2012                                 |
|   \\  /    A nd           | Website:  www.openfoam.com                      |
|    \\/     M anipulation  |                                                 |
\*---------------------------------------------------------------------------*/
FoamFile
{
    version     2.0;
    format      ascii;
    class       volVectorField;
    location    "0.55";
    object      U;
}
// * * * * * * * * * * * * * * * * * * * * * * * * * * * * * * * * * * * * * //

dimensions      [0 1 -1 0 0 0 0];


internalField   nonuniform List<vector> 
2268
(
(-0.0450057 0.0174344 0)
(-0.0773259 0.00646137 0)
(-0.0724821 -0.00677548 0)
(-0.0460624 -0.0113844 0)
(-0.0144326 -0.0119143 0)
(0.017202 -0.0110306 0)
(0.0460308 -0.0096747 0)
(0.0712331 -0.00830379 0)
(0.0928356 -0.00707278 0)
(0.111201 -0.00600176 0)
(0.126702 -0.00505724 0)
(0.139586 -0.0041916 0)
(0.149943 -0.00332613 0)
(0.157521 -0.00231406 0)
(0.161884 -0.000647064 0)
(0.160192 0.00206629 0)
(0.149331 0.0064174 0)
(0.125469 0.0122787 0)
(0.0850865 0.0186856 0)
(0.0258556 0.0236385 0)
(-0.0511794 0.0235701 0)
(-0.136315 -0.00179639 0)
(-0.0601015 -0.045195 0)
(-0.0455446 0.0382149 0)
(-0.0460801 0.0110238 0)
(-0.0336551 -0.0118046 0)
(-0.00986923 -0.0210506 0)
(0.0179846 -0.022939 0)
(0.0457225 -0.0217085 0)
(0.0711525 -0.0193126 0)
(0.0935314 -0.016718 0)
(0.112827 -0.0142964 0)
(0.129269 -0.0121291 0)
(0.143084 -0.0101582 0)
(0.154396 -0.0082898 0)
(0.163218 -0.00638129 0)
(0.169388 -0.00416106 0)
(0.17245 -0.000983381 0)
(0.171982 0.00396107 0)
(0.166262 0.0115017 0)
(0.152168 0.022013 0)
(0.125876 0.0347286 0)
(0.0813847 0.0468166 0)
(0.0259176 0.0507865 0)
(-0.0554131 0.0211236 0)
(-0.0146912 -0.0710759 0)
(-0.0293827 0.0527445 0)
(-0.017738 0.00762066 0)
(-0.00432615 -0.0208014 0)
(0.0178149 -0.0323021 0)
(0.0423393 -0.0346797 0)
(0.0664168 -0.0328108 0)
(0.0884614 -0.0292956 0)
(0.107931 -0.0254448 0)
(0.124791 -0.0217999 0)
(0.139187 -0.0184864 0)
(0.151233 -0.0154144 0)
(0.160948 -0.0124494 0)
(0.168292 -0.00941231 0)
(0.173145 -0.00595931 0)
(0.175224 -0.00142232 0)
(0.174184 0.00524962 0)
(0.169172 0.0152042 0)
(0.158668 0.0293347 0)
(0.141088 0.0471594 0)
(0.112945 0.0649605 0)
(0.0792612 0.0723437 0)
(0.0174349 0.0382557 0)
(0.0264408 -0.0734802 0)
(-0.010319 0.0596868 0)
(0.00685449 0.00191966 0)
(0.0221061 -0.0296388 0)
(0.0429747 -0.0428331 0)
(0.0644214 -0.0453986 0)
(0.0848631 -0.0428404 0)
(0.103463 -0.038287 0)
(0.119941 -0.0333124 0)
(0.134282 -0.028573 0)
(0.146569 -0.0242149 0)
(0.156812 -0.0201056 0)
(0.164923 -0.0160774 0)
(0.170817 -0.0119438 0)
(0.174428 -0.0073297 0)
(0.175652 -0.00151529 0)
(0.174341 0.00665356 0)
(0.170112 0.0184907 0)
(0.16227 0.0350423 0)
(0.150422 0.0558797 0)
(0.13306 0.0771019 0)
(0.11233 0.0878314 0)
(0.0682988 0.0553241 0)
(0.0565976 -0.0528055 0)
(0.00655785 0.0550284 0)
(0.0290704 -0.00505947 0)
(0.0473287 -0.0387063 0)
(0.0669327 -0.0524043 0)
(0.0851796 -0.054613 0)
(0.101863 -0.0512914 0)
(0.116935 -0.0458503 0)
(0.130361 -0.0399641 0)
(0.142135 -0.0343302 0)
(0.152272 -0.0290906 0)
(0.160688 -0.0240571 0)
(0.167184 -0.0190398 0)
(0.17163 -0.0138865 0)
(0.174028 -0.00824133 0)
(0.174461 -0.0013782 0)
(0.173024 0.0079041 0)
(0.169683 0.0210051 0)
(0.164203 0.0389981 0)
(0.156764 0.0613499 0)
(0.146932 0.0843702 0)
(0.13472 0.0983226 0)
(0.10373 0.0732517 0)
(0.0778514 -0.0198904 0)
(0.0183161 0.0413424 0)
(0.0490301 -0.014911 0)
(0.0717004 -0.0480348 0)
(0.0898659 -0.0607407 0)
(0.104478 -0.0619877 0)
(0.117202 -0.0578908 0)
(0.128719 -0.0517786 0)
(0.139124 -0.0452339 0)
(0.148352 -0.0389339 0)
(0.156349 -0.0330046 0)
(0.162944 -0.027186 0)
(0.167827 -0.0212746 0)
(0.170823 -0.0152023 0)
(0.172013 -0.00868607 0)
(0.171672 -0.00104048 0)
(0.170161 0.00895046 0)
(0.167736 0.0227424 0)
(0.16441 0.0414131 0)
(0.16064 0.0642703 0)
(0.156648 0.0880906 0)
(0.151015 0.105124 0)
(0.13071 0.0915905 0)
(0.0956358 0.0255953 0)
(0.0251377 0.0214741 0)
(0.0676583 -0.0284488 0)
(0.0954787 -0.057601 0)
(0.111379 -0.0675385 0)
(0.121676 -0.0673265 0)
(0.130326 -0.0626033 0)
(0.138426 -0.0561074 0)
(0.145975 -0.0491572 0)
(0.15277 -0.0423954 0)
(0.158689 -0.0359506 0)
(0.163498 -0.0294773 0)
(0.166785 -0.02276 0)
(0.168337 -0.0158709 0)
(0.168314 -0.00865395 0)
(0.16719 -0.000505077 0)
(0.1656 0.00979238 0)
(0.164064 0.0237633 0)
(0.1627 0.0425147 0)
(0.162111 0.0651286 0)
(0.163085 0.0889399 0)
(0.163616 0.108556 0)
(0.15453 0.109055 0)
(0.114862 0.0829492 0)
(0.0304991 -0.00351486 0)
(0.0874288 -0.0473003 0)
(0.118439 -0.068618 0)
(0.130218 -0.0735591 0)
(0.135667 -0.0713328 0)
(0.140523 -0.0660963 0)
(0.145658 -0.0594052 0)
(0.150721 -0.0521703 0)
(0.155321 -0.045005 0)
(0.159289 -0.0380775 0)
(0.162367 -0.0309717 0)
(0.164087 -0.0234699 0)
(0.164211 -0.0158337 0)
(0.162979 -0.00807799 0)
(0.161054 0.000274939 0)
(0.159355 0.0104572 0)
(0.158645 0.0240934 0)
(0.159025 0.0424313 0)
(0.161198 0.0641325 0)
(0.166592 0.0869813 0)
(0.173725 0.107797 0)
(0.176089 0.120743 0)
(0.149485 0.158775 0)
(0.100407 -0.0705556 0)
(0.313673 -0.0696215 0)
(0.417966 -0.00508134 0)
(0.283784 0.046262 0)
(-0.012127 0.0766588 0)
(-0.381222 0.0831858 0)
(-0.743652 0.0758531 0)
(-1.2065 0.142405 0)
(-1.98728 0.236591 0)
(-3.01951 0.146099 0)
(-3.63635 -0.0857582 0)
(-3.79693 -0.279286 0)
(-3.71795 -0.321214 0)
(-3.55234 -0.297264 0)
(-3.35735 -0.273032 0)
(-2.98724 -0.258376 0)
(-2.27022 -0.284242 0)
(-1.24016 -0.398129 0)
(-0.303336 -0.28373 0)
(0.0524624 -0.126401 0)
(0.198505 -0.108075 0)
(0.247777 0.0356099 0)
(0.0440923 0.159841 0)
(-0.409494 0.249494 0)
(-0.998731 0.291489 0)
(-1.73225 0.34015 0)
(-2.63449 0.462519 0)
(-3.39509 0.524051 0)
(-3.89801 0.440905 0)
(-3.90452 0.268476 0)
(-3.27988 0.140203 0)
(-2.58322 0.0937788 0)
(-2.48527 0.0136948 0)
(-2.46937 -0.111809 0)
(-2.33102 -0.207174 0)
(-1.7269 -0.417869 0)
(-0.911757 -0.712026 0)
(-0.28968 -0.553865 0)
(-0.000370732 -0.159591 0)
(0.116482 -0.142108 0)
(0.105693 0.0952659 0)
(-0.170577 0.309422 0)
(-0.633753 0.465997 0)
(-1.18824 0.57142 0)
(-1.91835 0.69319 0)
(-2.71552 0.776046 0)
(-3.25955 0.711899 0)
(-3.50483 0.431681 0)
(-3.11788 -0.0941941 0)
(-2.43499 -0.456047 0)
(-2.0515 -0.326532 0)
(-1.96813 -0.193881 0)
(-2.01991 -0.28314 0)
(-1.88197 -0.299918 0)
(-1.17428 -0.666509 0)
(-0.607855 -0.976586 0)
(-0.283807 -0.780114 0)
(-0.0378402 -0.165709 0)
(0.0808073 -0.16634 0)
(0.0455702 0.172319 0)
(-0.256485 0.466204 0)
(-0.660545 0.669245 0)
(-1.09035 0.825704 0)
(-1.61455 0.975805 0)
(-2.14808 0.993631 0)
(-2.48931 0.837642 0)
(-2.51742 0.375621 0)
(-2.15666 -0.254855 0)
(-1.83759 -0.5398 0)
(-1.65889 -0.373112 0)
(-1.56488 -0.223186 0)
(-1.47752 -0.328926 0)
(-1.0947 -0.34537 0)
(-0.617656 -0.888394 0)
(-0.327079 -1.1272 0)
(-0.197724 -0.959689 0)
(-0.0494413 -0.141474 0)
(0.112736 -0.182941 0)
(0.0687681 0.258915 0)
(-0.230287 0.609882 0)
(-0.55976 0.826442 0)
(-0.845343 0.992745 0)
(-1.12023 1.12991 0)
(-1.3707 1.1349 0)
(-1.49375 0.894824 0)
(-1.38652 0.344946 0)
(-1.23348 -0.289416 0)
(-1.16384 -0.578355 0)
(-1.14151 -0.439822 0)
(-1.16996 -0.328535 0)
(-1.09258 -0.464348 0)
(-0.331252 -0.408845 0)
(-0.122629 -0.987483 0)
(-0.129829 -1.17465 0)
(-0.0830754 -1.04708 0)
(-0.0231015 -0.151206 0)
(0.231335 -0.240466 0)
(0.154765 0.368865 0)
(-0.135059 0.738388 0)
(-0.393804 0.936051 0)
(-0.564365 1.07778 0)
(-0.6508 1.19171 0)
(-0.676955 1.1673 0)
(-0.620008 0.873862 0)
(-0.525166 0.314408 0)
(-0.506162 -0.278186 0)
(-0.545408 -0.56282 0)
(-0.599784 -0.453631 0)
(-0.693167 -0.381296 0)
(-0.626653 -0.573368 0)
(0.0226508 -0.704958 0)
(0.148704 -1.01227 0)
(0.0102709 -1.16044 0)
(0.00366013 -1.07326 0)
(0.0658341 -0.303243 0)
(0.237221 -0.305123 0)
(0.198416 0.342429 0)
(-0.026398 0.839844 0)
(-0.206897 1.0088 0)
(-0.296467 1.11217 0)
(-0.290694 1.17871 0)
(-0.200484 1.11452 0)
(-0.0613981 0.81347 0)
(0.0367842 0.291964 0)
(0.0142436 -0.249016 0)
(-0.0414426 -0.53666 0)
(-0.131607 -0.456112 0)
(-0.204977 -0.426418 0)
(0.0908804 -0.570741 0)
(0.244582 -0.808292 0)
(0.268996 -1.00646 0)
(0.108485 -1.11581 0)
(0.061641 -1.05972 0)
(0.180836 -0.304179 0)
(0.182438 -0.359427 0)
(0.0787468 0.428278 0)
(0.0640854 0.903252 0)
(-0.0178442 1.04982 0)
(-0.0467804 1.1184 0)
(-0.00250501 1.13943 0)
(0.1219 1.04251 0)
(0.281814 0.748677 0)
(0.380706 0.275922 0)
(0.373868 -0.220216 0)
(0.346475 -0.514697 0)
(0.229495 -0.453555 0)
(0.209882 -0.457344 0)
(0.366133 -0.61913 0)
(0.380319 -0.802211 0)
(0.330974 -0.970899 0)
(0.174055 -1.05999 0)
(0.0999667 -1.02202 0)
(0.0495348 -0.0532335 0)
(0.120567 -0.0901825 0)
(0.147358 -0.0905153 0)
(0.150661 -0.083797 0)
(0.149907 -0.0776733 0)
(0.150661 -0.0715754 0)
(0.152603 -0.0645653 0)
(0.154831 -0.0567991 0)
(0.156727 -0.0488117 0)
(0.158051 -0.0408642 0)
(0.15855 -0.0325169 0)
(0.157872 -0.0236106 0)
(0.155863 -0.014744 0)
(0.152812 -0.00625443 0)
(0.149646 0.00202332 0)
(0.147713 0.0113063 0)
(0.148161 0.0235322 0)
(0.150859 0.0406015 0)
(0.156583 0.0598743 0)
(0.167938 0.0794244 0)
(0.185952 0.0986612 0)
(0.210368 0.118069 0)
(0.255586 0.169721 0)
(0.102688 -0.156566 0)
(0.156536 -0.138716 0)
(0.155301 -0.0938038 0)
(0.147307 -0.0773641 0)
(0.144372 -0.0730655 0)
(0.1449 -0.0696218 0)
(0.146853 -0.0642784 0)
(0.149316 -0.0574451 0)
(0.151495 -0.0501299 0)
(0.15244 -0.0430278 0)
(0.150598 -0.0346645 0)
(0.14699 -0.0244554 0)
(0.142721 -0.0137593 0)
(0.137883 -0.00346745 0)
(0.133263 0.00497066 0)
(0.130724 0.0121142 0)
(0.132403 0.0205192 0)
(0.13684 0.0350409 0)
(0.144465 0.0491624 0)
(0.159137 0.0610053 0)
(0.181232 0.0726306 0)
(0.208155 0.0806042 0)
(0.248058 0.0847071 0)
(0.08587 -0.283933 0)
(0.0886043 -0.12218 0)
(0.11412 -0.078014 0)
(0.132916 -0.07022 0)
(0.139573 -0.069182 0)
(0.140959 -0.0668702 0)
(0.141642 -0.0619854 0)
(0.143054 -0.0550852 0)
(0.144736 -0.0471964 0)
(0.144223 -0.0392498 0)
(0.132042 -0.0294084 0)
(0.121434 -0.0188351 0)
(0.11748 -0.00850481 0)
(0.114611 0.00115493 0)
(0.113716 0.00608503 0)
(0.115725 0.0101635 0)
(0.11978 0.0174471 0)
(0.123762 0.0309569 0)
(0.131795 0.0382382 0)
(0.148048 0.0398522 0)
(0.170333 0.0455569 0)
(0.195821 0.0473541 0)
(0.22797 0.0437431 0)
(-0.0792701 -0.36625 0)
(-0.033453 -0.191931 0)
(0.00633983 -0.116209 0)
(0.0460668 -0.0900701 0)
(0.0776006 -0.0806134 0)
(0.101684 -0.0753384 0)
(0.119538 -0.0699482 0)
(0.131813 -0.0619577 0)
(0.138278 -0.0488792 0)
(0.13861 -0.0273698 0)
(0.136529 0.007683 0)
(0.122052 -0.00536166 0)
(0.112817 -0.00493471 0)
(0.109046 0.00330088 0)
(0.104242 0.00817408 0)
(0.0982144 0.00972484 0)
(0.0971848 0.0129105 0)
(0.106784 0.0252356 0)
(0.12615 0.0268309 0)
(0.146458 0.0248068 0)
(0.166159 0.0271328 0)
(0.18978 0.0225496 0)
(0.218172 0.0138682 0)
(-0.039377 -0.202723 0)
(-0.0388189 -0.20085 0)
(-0.0104696 -0.163444 0)
(0.021415 -0.136991 0)
(0.0510374 -0.118463 0)
(0.0759351 -0.103662 0)
(0.0959679 -0.089894 0)
(0.111584 -0.0751117 0)
(0.123561 -0.0574253 0)
(0.133954 -0.0352588 0)
(0.147073 -0.00972515 0)
(0.156616 0.0038 0)
(0.157885 0.00883135 0)
(0.152705 0.0134688 0)
(0.14532 0.0247424 0)
(0.122452 0.019579 0)
(0.0989194 0.00916653 0)
(0.0991417 0.0189475 0)
(0.120236 0.0119503 0)
(0.140295 0.0057427 0)
(0.165375 0.00919052 0)
(0.194713 0.00402977 0)
(0.222483 -0.00210595 0)
(-0.011497 -0.221751 0)
(-0.0156324 -0.212946 0)
(-0.00310067 -0.187177 0)
(0.0170638 -0.163169 0)
(0.0390147 -0.142902 0)
(0.0596111 -0.124971 0)
(0.0778816 -0.107807 0)
(0.0938764 -0.0900547 0)
(0.108328 -0.0706399 0)
(0.122832 -0.049275 0)
(0.139191 -0.0279166 0)
(0.154256 -0.0127863 0)
(0.164629 8.46553e-05 0)
(0.171157 0.0144812 0)
(0.177337 0.0310438 0)
(0.180584 0.0377341 0)
(0.178307 0.020905 0)
(0.181042 -0.00683607 0)
(0.159024 -0.0174635 0)
(0.1501 -0.0141972 0)
(0.165719 -0.00737025 0)
(0.192979 -0.0179427 0)
(0.214292 -0.0280611 0)
(-0.00559504 -0.205173 0)
(-0.00580286 -0.215505 0)
(0.00300692 -0.200031 0)
(0.0164491 -0.180482 0)
(0.0322173 -0.161152 0)
(0.048358 -0.142548 0)
(0.0640105 -0.124183 0)
(0.079049 -0.105393 0)
(0.0938867 -0.0856751 0)
(0.109359 -0.0651102 0)
(0.126115 -0.044969 0)
(0.142767 -0.0275772 0)
(0.157661 -0.0115539 0)
(0.171242 0.00414152 0)
(0.185403 0.0186917 0)
(0.199391 0.0261083 0)
(0.209952 0.0235231 0)
(0.216942 0.0162529 0)
(0.218109 -0.000870355 0)
(0.221047 -0.0402543 0)
(0.230031 -0.0750145 0)
(0.224218 -0.06142 0)
(0.220451 -0.0484555 0)
(-0.00111707 -0.202738 0)
(7.91304e-06 -0.219292 0)
(0.00597156 -0.208972 0)
(0.0150939 -0.192686 0)
(0.0264695 -0.174926 0)
(0.039036 -0.156864 0)
(0.0521963 -0.138606 0)
(0.0657816 -0.119955 0)
(0.0799616 -0.100753 0)
(0.0951084 -0.0811736 0)
(0.111421 -0.0619418 0)
(0.128298 -0.044092 0)
(0.145047 -0.0274346 0)
(0.16189 -0.0119586 0)
(0.179649 0.00122004 0)
(0.197856 0.00907254 0)
(0.214276 0.0102728 0)
(0.227715 0.00669869 0)
(0.237728 -0.00172623 0)
(0.243434 -0.0170177 0)
(0.243855 -0.032135 0)
(0.242045 -0.0446812 0)
(0.243829 -0.0653764 0)
(0.000858655 -0.203611 0)
(0.00166814 -0.22258 0)
(0.00561806 -0.215129 0)
(0.0118807 -0.201337 0)
(0.0202035 -0.185345 0)
(0.0300635 -0.168465 0)
(0.0410892 -0.151082 0)
(0.0531293 -0.133263 0)
(0.066225 -0.115048 0)
(0.0805169 -0.0966363 0)
(0.0960484 -0.0784906 0)
(0.112549 -0.0611918 0)
(0.129725 -0.0449694 0)
(0.147633 -0.0302069 0)
(0.166461 -0.0178987 0)
(0.185693 -0.00977363 0)
(0.203895 -0.006779 0)
(0.219995 -0.00834643 0)
(0.233257 -0.014252 0)
(0.242162 -0.0240916 0)
(0.246313 -0.0334115 0)
(0.249318 -0.0392647 0)
(0.253706 -0.0455847 0)
(0.000859047 -0.204748 0)
(0.000743451 -0.224497 0)
(0.00301959 -0.219131 0)
(0.0071975 -0.20746 0)
(0.0132812 -0.193281 0)
(0.0210304 -0.177894 0)
(0.0302258 -0.161798 0)
(0.0407524 -0.145202 0)
(0.0525971 -0.128248 0)
(0.0657968 -0.111151 0)
(0.0803403 -0.0942525 0)
(0.0960878 -0.0779688 0)
(0.112879 -0.0626493 0)
(0.130645 -0.0487763 0)
(0.149268 -0.0371424 0)
(0.168213 -0.0288004 0)
(0.186476 -0.024399 0)
(0.203125 -0.0238518 0)
(0.217352 -0.0269567 0)
(0.228088 -0.0329789 0)
(0.235101 -0.039434 0)
(0.239846 -0.0446081 0)
(0.242846 -0.049487 0)
(-7.69021e-05 -0.204917 0)
(-0.00137964 -0.224958 0)
(-0.000585757 -0.221404 0)
(0.001894 -0.211655 0)
(0.00617795 -0.199272 0)
(0.0121602 -0.185507 0)
(0.0197134 -0.170904 0)
(0.0287567 -0.155738 0)
(0.0392606 -0.140207 0)
(0.0512191 -0.124529 0)
(0.0645996 -0.108989 0)
(0.0793064 -0.0939263 0)
(0.0952099 -0.0796991 0)
(0.112167 -0.0667627 0)
(0.129933 -0.0557224 0)
(0.148002 -0.0472577 0)
(0.165602 -0.0418119 0)
(0.181934 -0.0394257 0)
(0.196248 -0.0399062 0)
(0.207777 -0.0426244 0)
(0.216234 -0.0461581 0)
(0.221985 -0.0492965 0)
(0.225272 -0.0514226 0)
(-0.00128022 -0.203244 0)
(-0.00375752 -0.224057 0)
(-0.00426927 -0.222185 0)
(-0.00325295 -0.214238 0)
(-0.00052336 -0.203606 0)
(0.00388582 -0.1915 0)
(0.00990196 -0.178476 0)
(0.0174723 -0.164842 0)
(0.0265681 -0.150819 0)
(0.0371681 -0.136623 0)
(0.0492307 -0.122503 0)
(0.0626722 -0.108748 0)
(0.0773654 -0.0956788 0)
(0.0931313 -0.0836809 0)
(0.109686 -0.0732078 0)
(0.126574 -0.0647174 0)
(0.143171 -0.0585161 0)
(0.158803 -0.0546572 0)
(0.172807 -0.0529633 0)
(0.184564 -0.0529338 0)
(0.193722 -0.0536469 0)
(0.20019 -0.054137 0)
(0.204092 -0.0534532 0)
(-0.00233157 -0.199974 0)
(-0.00579181 -0.221888 0)
(-0.00744498 -0.221641 0)
(-0.00770502 -0.215399 0)
(-0.00635645 -0.206454 0)
(-0.0033882 -0.195986 0)
(0.00116557 -0.184557 0)
(0.00727574 -0.172485 0)
(0.0149213 -0.160001 0)
(0.0240787 -0.14731 0)
(0.0347043 -0.134632 0)
(0.0467183 -0.122211 0)
(0.0599944 -0.110317 0)
(0.0743441 -0.0992568 0)
(0.0894868 -0.089364 0)
(0.10502 -0.0809534 0)
(0.120431 -0.0742341 0)
(0.135152 -0.0692423 0)
(0.148615 -0.065818 0)
(0.160292 -0.0635516 0)
(0.169805 -0.0617495 0)
(0.176876 -0.0595771 0)
(0.181525 -0.0560644 0)
(-0.00305459 -0.195467 0)
(-0.00723874 -0.218686 0)
(-0.00982508 -0.219976 0)
(-0.0111716 -0.215314 0)
(-0.0110415 -0.207954 0)
(-0.00938843 -0.199062 0)
(-0.00621459 -0.189193 0)
(-0.00152641 -0.178666 0)
(0.00466676 -0.167707 0)
(0.0123449 -0.156509 0)
(0.0214671 -0.145263 0)
(0.0319583 -0.134171 0)
(0.0436982 -0.123449 0)
(0.0565062 -0.113332 0)
(0.0701248 -0.104058 0)
(0.0842065 -0.0958416 0)
(0.0983252 -0.0888209 0)
(0.11201 -0.0830067 0)
(0.124782 -0.07825 0)
(0.136187 -0.0741978 0)
(0.145859 -0.0702674 0)
(0.153451 -0.0656919 0)
(0.158927 -0.0595065 0)
(-0.00342637 -0.190186 0)
(-0.00805485 -0.214737 0)
(-0.0113416 -0.217408 0)
(-0.0135701 -0.214163 0)
(-0.0144833 -0.208256 0)
(-0.0140018 -0.200841 0)
(-0.0120973 -0.19246 0)
(-0.00875428 -0.183423 0)
(-0.00396849 -0.173943 0)
(0.00224825 -0.164198 0)
(0.00986083 -0.154349 0)
(0.0188018 -0.144559 0)
(0.0289619 -0.134995 0)
(0.0401788 -0.125826 0)
(0.0522268 -0.117219 0)
(0.0648127 -0.109314 0)
(0.0775856 -0.102195 0)
(0.0901592 -0.0958482 0)
(0.102138 -0.0901285 0)
(0.11314 -0.0847151 0)
(0.122838 -0.0790782 0)
(0.130878 -0.0724764 0)
(0.137215 -0.0639215 0)
(-0.00349895 -0.18457 0)
(-0.00831135 -0.210328 0)
(-0.0120673 -0.214167 0)
(-0.0149675 -0.212144 0)
(-0.0167359 -0.207531 0)
(-0.0172604 -0.201464 0)
(-0.0164842 -0.194469 0)
(-0.0143706 -0.186838 0)
(-0.0109005 -0.178767 0)
(-0.00607554 -0.170411 0)
(7.78122e-05 -0.161904 0)
(0.00750265 -0.153373 0)
(0.0161042 -0.144941 0)
(0.025743 -0.136724 0)
(0.0362289 -0.12883 0)
(0.0473207 -0.121347 0)
(0.0587349 -0.114315 0)
(0.0701618 -0.107702 0)
(0.0812837 -0.101363 0)
(0.0917922 -0.0949936 0)
(0.101413 -0.088086 0)
(0.109821 -0.0798985 0)
(0.117007 -0.0693981 0)
(-0.00335148 -0.178974 0)
(-0.00813488 -0.205716 0)
(-0.0121528 -0.210472 0)
(-0.0155236 -0.209459 0)
(-0.0179558 -0.205961 0)
(-0.0193075 -0.201098 0)
(-0.019496 -0.195366 0)
(-0.0184652 -0.189036 0)
(-0.0161822 -0.182282 0)
(-0.0126374 -0.175234 0)
(-0.00784673 -0.167998 0)
(-0.00185497 -0.16067 0)
(0.00526021 -0.153332 0)
(0.0133837 -0.14606 0)
(0.0223609 -0.138918 0)
(0.0319997 -0.131951 0)
(0.0420776 -0.125172 0)
(0.0523547 -0.118534 0)
(0.0625869 -0.11189 0)
(0.0725368 -0.104945 0)
(0.0819927 -0.0971983 0)
(0.0906794 -0.087892 0)
(0.0986477 -0.075939 0)
(-0.00306345 -0.173647 0)
(-0.00766742 -0.201104 0)
(-0.0117798 -0.206519 0)
(-0.0154429 -0.206297 0)
(-0.0183572 -0.203735 0)
(-0.0203563 -0.19992 0)
(-0.0213358 -0.195318 0)
(-0.021224 -0.190171 0)
(-0.0199759 -0.184626 0)
(-0.0175715 -0.17879 0)
(-0.0140156 -0.172742 0)
(-0.00933973 -0.166548 0)
(-0.00360394 -0.160258 0)
(0.00310138 -0.153915 0)
(0.0106557 -0.147548 0)
(0.0189118 -0.141176 0)
(0.0277025 -0.13479 0)
(0.0368515 -0.128336 0)
(0.0461827 -0.121669 0)
(0.0555273 -0.114499 0)
(0.0647382 -0.106321 0)
(0.0735973 -0.0963553 0)
(0.0822243 -0.0834568 0)
(-0.002704 -0.168744 0)
(-0.00704216 -0.196629 0)
(-0.0111283 -0.202461 0)
(-0.0149379 -0.202829 0)
(-0.0181728 -0.201028 0)
(-0.0206497 -0.198108 0)
(-0.0222497 -0.194497 0)
(-0.0228896 -0.190406 0)
(-0.0225154 -0.185955 0)
(-0.0210983 -0.181225 0)
(-0.018633 -0.176272 0)
(-0.0151379 -0.171134 0)
(-0.0106555 -0.165837 0)
(-0.00525235 -0.160394 0)
(0.000982752 -0.154813 0)
(0.00794292 -0.149093 0)
(0.0155107 -0.143216 0)
(0.0235668 -0.137125 0)
(0.0319974 -0.13068 0)
(0.0406972 -0.123594 0)
(0.0495812 -0.115357 0)
(0.0584878 -0.105157 0)
(0.0676012 -0.0917876 0)
(-0.0023286 -0.164328 0)
(-0.00637016 -0.19237 0)
(-0.0103557 -0.198412 0)
(-0.0142021 -0.199194 0)
(-0.017623 -0.197996 0)
(-0.020428 -0.195825 0)
(-0.0224909 -0.19307 0)
(-0.0237235 -0.189906 0)
(-0.0240659 -0.186429 0)
(-0.0234832 -0.182693 0)
(-0.0219616 -0.178734 0)
(-0.0195078 -0.174567 0)
(-0.0161479 -0.170195 0)
(-0.0119264 -0.165614 0)
(-0.00690301 -0.160815 0)
(-0.00114823 -0.155785 0)
(0.00526368 -0.150505 0)
(0.0122639 -0.144922 0)
(0.0197943 -0.138905 0)
(0.0278072 -0.132171 0)
(0.0362735 -0.124197 0)
(0.0450834 -0.114135 0)
(0.0544733 -0.10071 0)
(-0.00197893 -0.1604 0)
(-0.00573396 -0.188351 0)
(-0.00958467 -0.194442 0)
(-0.0133931 -0.195498 0)
(-0.0168951 -0.194769 0)
(-0.0199028 -0.193216 0)
(-0.0222915 -0.191187 0)
(-0.0239735 -0.188825 0)
(-0.0248884 -0.186199 0)
(-0.0249973 -0.183342 0)
(-0.0242806 -0.180269 0)
(-0.0227349 -0.176979 0)
(-0.0203723 -0.173459 0)
(-0.0172176 -0.16969 0)
(-0.0133052 -0.165651 0)
(-0.00867351 -0.16133 0)
(-0.00335804 -0.156708 0)
(0.00261529 -0.151745 0)
(0.00923642 -0.146322 0)
(0.0165084 -0.140158 0)
(0.0244515 -0.132715 0)
(0.0330005 -0.1231 0)
(0.0424315 -0.109961 0)
(-0.00168125 -0.156911 0)
(-0.00518543 -0.184561 0)
(-0.00889762 -0.190588 0)
(-0.0126241 -0.191816 0)
(-0.0161312 -0.191449 0)
(-0.0192425 -0.190401 0)
(-0.0218432 -0.188979 0)
(-0.0238523 -0.187298 0)
(-0.0252132 -0.185401 0)
(-0.0258872 -0.183305 0)
(-0.0258509 -0.181008 0)
(-0.0250935 -0.178496 0)
(-0.0236154 -0.175743 0)
(-0.0214252 -0.172722 0)
(-0.0185357 -0.169409 0)
(-0.0149584 -0.165792 0)
(-0.0106963 -0.161864 0)
(-0.00573674 -0.157598 0)
(-4.88264e-05 -0.152889 0)
(0.00641221 -0.147464 0)
(0.013709 -0.140764 0)
(0.0218149 -0.131841 0)
(0.0310343 -0.119252 0)
(-0.00144222 -0.153787 0)
(-0.00474641 -0.180963 0)
(-0.00833786 -0.186859 0)
(-0.0119631 -0.188194 0)
(-0.0154249 -0.188112 0)
(-0.018566 -0.187474 0)
(-0.0212882 -0.186554 0)
(-0.0235239 -0.185439 0)
(-0.0252246 -0.184154 0)
(-0.0263553 -0.182701 0)
(-0.0268918 -0.181066 0)
(-0.026819 -0.179226 0)
(-0.0261282 -0.177147 0)
(-0.0248152 -0.174798 0)
(-0.0228757 -0.172156 0)
(-0.0202994 -0.169218 0)
(-0.0170628 -0.16599 0)
(-0.0131222 -0.162463 0)
(-0.0084113 -0.15855 0)
(-0.00284724 -0.153983 0)
(0.00366563 -0.148181 0)
(0.0111329 -0.140133 0)
(0.019881 -0.128288 0)
(-0.0012496 -0.150953 0)
(-0.00441382 -0.177508 0)
(-0.00791545 -0.183244 0)
(-0.0114382 -0.184657 0)
(-0.0148251 -0.184807 0)
(-0.0179434 -0.184507 0)
(-0.0207183 -0.183996 0)
(-0.0231003 -0.183342 0)
(-0.0250535 -0.182555 0)
(-0.0265503 -0.181628 0)
(-0.0275689 -0.18054 0)
(-0.0280922 -0.179262 0)
(-0.0281061 -0.177756 0)
(-0.0275971 -0.175991 0)
(-0.0265483 -0.17395 0)
(-0.0249329 -0.171641 0)
(-0.0227073 -0.169088 0)
(-0.0198034 -0.166307 0)
(-0.0161264 -0.163231 0)
(-0.0115624 -0.159597 0)
(-0.0059819 -0.154797 0)
(0.00065 -0.147748 0)
(0.00867312 -0.136786 0)
(-0.00107752 -0.148346 0)
(-0.00416927 -0.17414 0)
(-0.00761714 -0.17972 0)
(-0.0110467 -0.181211 0)
(-0.0143431 -0.181567 0)
(-0.0174029 -0.18155 0)
(-0.020179 -0.181371 0)
(-0.0226447 -0.181082 0)
(-0.0247799 -0.180686 0)
(-0.0265674 -0.180171 0)
(-0.027991 -0.179514 0)
(-0.0290347 -0.178683 0)
(-0.0296819 -0.177642 0)
(-0.0299139 -0.176362 0)
(-0.0297052 -0.174835 0)
(-0.0290184 -0.173083 0)
(-0.0277957 -0.171153 0)
(-0.0259519 -0.169087 0)
(-0.0233704 -0.166845 0)
(-0.0199111 -0.164172 0)
(-0.0154158 -0.160434 0)
(-0.00981266 -0.154471 0)
(-0.0027479 -0.144488 0)
(-0.000901415 -0.145925 0)
(-0.00399124 -0.170808 0)
(-0.00741764 -0.17626 0)
(-0.0107656 -0.177855 0)
(-0.0139635 -0.178412 0)
(-0.01694 -0.178641 0)
(-0.0196793 -0.178728 0)
(-0.0221796 -0.178718 0)
(-0.0244394 -0.178612 0)
(-0.0264543 -0.178399 0)
(-0.028216 -0.178058 0)
(-0.0297126 -0.177558 0)
(-0.0309283 -0.176869 0)
(-0.0318422 -0.175965 0)
(-0.0324252 -0.17485 0)
(-0.0326342 -0.173563 0)
(-0.0324043 -0.172176 0)
(-0.0316394 -0.170762 0)
(-0.0302087 -0.169311 0)
(-0.0279507 -0.167583 0)
(-0.0246794 -0.164923 0)
(-0.0202823 -0.160096 0)
(-0.0143851 -0.151175 0)
(-0.000718486 -0.143666 0)
(-0.00386428 -0.167467 0)
(-0.00728831 -0.172841 0)
(-0.0105604 -0.174587 0)
(-0.0136528 -0.175357 0)
(-0.0165275 -0.175806 0)
(-0.0192011 -0.176105 0)
(-0.0216973 -0.176297 0)
(-0.024034 -0.176388 0)
(-0.0262212 -0.176373 0)
(-0.0282605 -0.176236 0)
(-0.0301464 -0.175953 0)
(-0.0318663 -0.175498 0)
(-0.033401 -0.174856 0)
(-0.0347217 -0.174039 0)
(-0.0357851 -0.173106 0)
(-0.036525 -0.172157 0)
(-0.0368426 -0.1713 0)
(-0.0365996 -0.170559 0)
(-0.0356188 -0.169719 0)
(-0.0336875 -0.168115 0)
(-0.0306469 -0.164447 0)
(-0.0260889 -0.156663 0)
(-0.000552751 -0.141548 0)
(-0.00378017 -0.164096 0)
(-0.00719989 -0.169455 0)
(-0.0103906 -0.171409 0)
(-0.0133676 -0.172411 0)
(-0.0161253 -0.173065 0)
(-0.0187106 -0.173532 0)
(-0.0211712 -0.173859 0)
(-0.0235441 -0.174063 0)
(-0.0258537 -0.174148 0)
(-0.0281127 -0.17411 0)
(-0.0303236 -0.173932 0)
(-0.0324796 -0.173596 0)
(-0.0345659 -0.173095 0)
(-0.0365578 -0.172455 0)
(-0.0384168 -0.171753 0)
(-0.0400817 -0.171118 0)
(-0.0414586 -0.170693 0)
(-0.04241 -0.170547 0)
(-0.0427503 -0.170499 0)
(-0.0422425 -0.169892 0)
(-0.040677 -0.167382 0)
(-0.0375974 -0.160807 0)
(-0.000434548 -0.139538 0)
(-0.00372854 -0.160697 0)
(-0.00712009 -0.166114 0)
(-0.0102124 -0.168335 0)
(-0.0130608 -0.16959 0)
(-0.0156883 -0.170436 0)
(-0.0181672 -0.171033 0)
(-0.0205665 -0.171438 0)
(-0.0229395 -0.17168 0)
(-0.0253246 -0.171778 0)
(-0.0277455 -0.171741 0)
(-0.0302137 -0.171562 0)
(-0.03273 -0.171234 0)
(-0.0352863 -0.170757 0)
(-0.0378653 -0.17017 0)
(-0.0404371 -0.169568 0)
(-0.0429519 -0.169105 0)
(-0.0453284 -0.168966 0)
(-0.0474394 -0.169266 0)
(-0.0491006 -0.169876 0)
(-0.0500577 -0.17017 0)
(-0.0500494 -0.168789 0)
(-0.0485603 -0.163491 0)
(-0.000374409 -0.137591 0)
(-0.00368612 -0.157301 0)
(-0.00701206 -0.162846 0)
(-0.00998254 -0.165382 0)
(-0.0126883 -0.166906 0)
(-0.0151742 -0.167934 0)
(-0.0175329 -0.168628 0)
(-0.019849 -0.169061 0)
(-0.0221897 -0.169278 0)
(-0.0246047 -0.169315 0)
(-0.0271284 -0.169193 0)
(-0.0297814 -0.168921 0)
(-0.0325729 -0.168497 0)
(-0.0355032 -0.167934 0)
(-0.0385643 -0.167281 0)
(-0.0417386 -0.166646 0)
(-0.0449923 -0.166208 0)
(-0.0482644 -0.166189 0)
(-0.051449 -0.16676 0)
(-0.0543755 -0.167855 0)
(-0.0567845 -0.168909 0)
(-0.0583704 -0.16859 0)
(-0.058556 -0.164616 0)
(-0.000353632 -0.135677 0)
(-0.00361653 -0.153951 0)
(-0.00684102 -0.159686 0)
(-0.00966638 -0.16257 0)
(-0.0122163 -0.16437 0)
(-0.0145517 -0.165568 0)
(-0.0167785 -0.166334 0)
(-0.0189925 -0.166755 0)
(-0.0212704 -0.166898 0)
(-0.023671 -0.166812 0)
(-0.026237 -0.166536 0)
(-0.0289977 -0.166089 0)
(-0.0319707 -0.165483 0)
(-0.035165 -0.164737 0)
(-0.0385832 -0.163908 0)
(-0.0422215 -0.163114 0)
(-0.0460658 -0.162555 0)
(-0.0500818 -0.162484 0)
(-0.0541952 -0.163128 0)
(-0.0582647 -0.164501 0)
(-0.0620443 -0.166126 0)
(-0.065201 -0.166746 0)
(-0.0671071 -0.164099 0)
(-0.000340203 -0.133818 0)
(-0.00349112 -0.150691 0)
(-0.00659128 -0.156663 0)
(-0.00925012 -0.159916 0)
(-0.0116311 -0.161994 0)
(-0.0138059 -0.163349 0)
(-0.015889 -0.164164 0)
(-0.0179825 -0.164545 0)
(-0.0201685 -0.164574 0)
(-0.022511 -0.164322 0)
(-0.0250587 -0.163838 0)
(-0.0278475 -0.163157 0)
(-0.0309023 -0.162299 0)
(-0.0342404 -0.161292 0)
(-0.0378742 -0.160195 0)
(-0.0418142 -0.159134 0)
(-0.0460673 -0.158318 0)
(-0.0506294 -0.158028 0)
(-0.0554666 -0.15854 0)
(-0.0604824 -0.159953 0)
(-0.0654672 -0.16191 0)
(-0.0700897 -0.163278 0)
(-0.0736988 -0.161882 0)
(-0.000340284 -0.13208 0)
(-0.0033192 -0.147552 0)
(-0.00628672 -0.153802 0)
(-0.0087531 -0.157438 0)
(-0.0109449 -0.15979 0)
(-0.0129425 -0.16129 0)
(-0.0148652 -0.162135 0)
(-0.0168176 -0.162453 0)
(-0.0188824 -0.162344 0)
(-0.0211246 -0.161895 0)
(-0.0235952 -0.161171 0)
(-0.0263333 -0.160215 0)
(-0.029369 -0.159059 0)
(-0.032726 -0.157734 0)
(-0.0364253 -0.156303 0)
(-0.0404897 -0.15489 0)
(-0.0449456 -0.153706 0)
(-0.0498191 -0.153048 0)
(-0.0551208 -0.153231 0)
(-0.0608111 -0.154438 0)
(-0.0667415 -0.156445 0)
(-0.0726188 -0.158292 0)
(-0.0778138 -0.157966 0)
(-0.000455203 -0.13046 0)
(-0.0031639 -0.144553 0)
(-0.00600099 -0.15113 0)
(-0.00823172 -0.155164 0)
(-0.0101959 -0.157783 0)
(-0.0119851 -0.159411 0)
(-0.0137213 -0.160269 0)
(-0.0155068 -0.160506 0)
(-0.0174202 -0.160244 0)
(-0.019522 -0.159583 0)
(-0.0218603 -0.158601 0)
(-0.0244738 -0.157354 0)
(-0.0273941 -0.155877 0)
(-0.0306487 -0.154205 0)
(-0.0342646 -0.1524 0)
(-0.0382736 -0.150581 0)
(-0.0427173 -0.148954 0)
(-0.0476475 -0.147813 0)
(-0.0531167 -0.147499 0)
(-0.0591471 -0.148264 0)
(-0.0656699 -0.15002 0)
(-0.0724692 -0.152014 0)
(-0.0789938 -0.15246 0)
(-0.000894444 -0.128781 0)
(-0.00313914 -0.141704 0)
(-0.00585064 -0.148694 0)
(-0.00777041 -0.153145 0)
(-0.00943912 -0.156017 0)
(-0.0109678 -0.15775 0)
(-0.0124783 -0.158596 0)
(-0.0140651 -0.158734 0)
(-0.0157956 -0.158307 0)
(-0.0177196 -0.15743 0)
(-0.0198766 -0.156192 0)
(-0.0222999 -0.154654 0)
(-0.0250192 -0.152856 0)
(-0.028062 -0.150835 0)
(-0.0314579 -0.148648 0)
(-0.0352437 -0.146406 0)
(-0.0394697 -0.144299 0)
(-0.044205 -0.14261 0)
(-0.0495345 -0.141681 0)
(-0.0555364 -0.141812 0)
(-0.0622275 -0.143036 0)
(-0.0694978 -0.144811 0)
(-0.0769309 -0.14563 0)
(-0.0019189 -0.126769 0)
(-0.00340618 -0.139049 0)
(-0.00597375 -0.146579 0)
(-0.00745959 -0.151468 0)
(-0.00872798 -0.154566 0)
(-0.00992075 -0.15636 0)
(-0.0111545 -0.157156 0)
(-0.0125061 -0.15717 0)
(-0.0140227 -0.156568 0)
(-0.0157357 -0.155478 0)
(-0.0176701 -0.153995 0)
(-0.0198494 -0.152184 0)
(-0.0222971 -0.150087 0)
(-0.0250378 -0.147738 0)
(-0.0280998 -0.14519 0)
(-0.03152 -0.142541 0)
(-0.0353508 -0.139962 0)
(-0.0396682 -0.137711 0)
(-0.044575 -0.136118 0)
(-0.0501885 -0.135498 0)
(-0.0565997 -0.135973 0)
(-0.063811 -0.137192 0)
(-0.0715779 -0.137938 0)
(-0.00380243 -0.124072 0)
(-0.0041658 -0.136692 0)
(-0.00648971 -0.144936 0)
(-0.00736099 -0.150278 0)
(-0.00808736 -0.153538 0)
(-0.00885302 -0.155314 0)
(-0.00975519 -0.155996 0)
(-0.0108367 -0.155848 0)
(-0.0121125 -0.155056 0)
(-0.0135873 -0.153759 0)
(-0.0152669 -0.152053 0)
(-0.0171613 -0.15 0)
(-0.0192849 -0.14764 0)
(-0.0216565 -0.145006 0)
(-0.0242998 -0.142141 0)
(-0.0272477 -0.13913 0)
(-0.0305485 -0.136124 0)
(-0.0342753 -0.133352 0)
(-0.0385331 -0.131114 0)
(-0.0434553 -0.129718 0)
(-0.0491789 -0.129333 0)
(-0.0557979 -0.129754 0)
(-0.0632392 -0.130026 0)
(-0.00693418 -0.119863 0)
(-0.00565186 -0.134738 0)
(-0.0074313 -0.144002 0)
(-0.00745382 -0.149787 0)
(-0.00747957 -0.15308 0)
(-0.00773462 -0.154702 0)
(-0.0082653 -0.155172 0)
(-0.0090553 -0.154806 0)
(-0.0100732 -0.153808 0)
(-0.0112913 -0.152311 0)
(-0.0126931 -0.150407 0)
(-0.0142739 -0.148151 0)
(-0.0160384 -0.145576 0)
(-0.0179976 -0.142709 0)
(-0.0201688 -0.139587 0)
(-0.0225776 -0.136281 0)
(-0.025264 -0.132921 0)
(-0.0282909 -0.129707 0)
(-0.0317519 -0.126906 0)
(-0.035774 -0.124799 0)
(-0.0405065 -0.123569 0)
(-0.0460911 -0.123098 0)
(-0.0525831 -0.122634 0)
(-0.011914 -0.113154 0)
(-0.00815712 -0.133243 0)
(-0.00864629 -0.144054 0)
(-0.00757298 -0.150217 0)
(-0.00677541 -0.153312 0)
(-0.00648808 -0.154578 0)
(-0.00665114 -0.15471 0)
(-0.00715653 -0.154066 0)
(-0.0079158 -0.152842 0)
(-0.0088678 -0.151159 0)
(-0.0099765 -0.149087 0)
(-0.0112252 -0.146671 0)
(-0.0126098 -0.143933 0)
(-0.0141344 -0.140893 0)
(-0.0158089 -0.137581 0)
(-0.0176506 -0.134056 0)
(-0.0196883 -0.130431 0)
(-0.02197 -0.12688 0)
(-0.02457 -0.123636 0)
(-0.0275932 -0.120951 0)
(-0.031171 -0.118998 0)
(-0.0354441 -0.117707 0)
(-0.040524 -0.116452 0)
(-0.0190633 -0.104356 0)
(-0.0118251 -0.132786 0)
(-0.00963002 -0.145509 0)
(-0.00735837 -0.151616 0)
(-0.00575155 -0.154102 0)
(-0.00500337 -0.15477 0)
(-0.00487691 -0.154448 0)
(-0.0051443 -0.153485 0)
(-0.0056623 -0.152039 0)
(-0.00634716 -0.150193 0)
(-0.00715285 -0.147992 0)
(-0.00805703 -0.145461 0)
(-0.00905121 -0.142612 0)
(-0.0101345 -0.139456 0)
(-0.0113107 -0.136019 0)
(-0.0125888 -0.132352 0)
(-0.0139859 -0.128552 0)
(-0.0155334 -0.124772 0)
(-0.0172832 -0.121218 0)
(-0.0193103 -0.118116 0)
(-0.0217115 -0.115627 0)
(-0.0245895 -0.113705 0)
(-0.0280369 -0.111821 0)
(-0.0283302 -0.0910542 0)
(-0.015337 -0.136679 0)
(-0.00920855 -0.149657 0)
(-0.00616855 -0.153983 0)
(-0.00411954 -0.155105 0)
(-0.00319477 -0.154923 0)
(-0.00294775 -0.154088 0)
(-0.00305704 -0.152816 0)
(-0.00336083 -0.151183 0)
(-0.00377925 -0.149216 0)
(-0.00427231 -0.14693 0)
(-0.00482131 -0.144328 0)
(-0.00541859 -0.141414 0)
(-0.00606174 -0.138195 0)
(-0.00675094 -0.134692 0)
(-0.00748869 -0.130952 0)
(-0.00828213 -0.127062 0)
(-0.00914724 -0.123159 0)
(-0.0101136 -0.119428 0)
(-0.0112265 -0.116075 0)
(-0.0125454 -0.11325 0)
(-0.0141355 -0.110922 0)
(-0.0160674 -0.108616 0)
(-0.039127 -0.054469 0)
(-0.0117971 -0.151049 0)
(-0.00530467 -0.158545 0)
(-0.00301031 -0.158387 0)
(-0.00163789 -0.157401 0)
(-0.00110698 -0.156206 0)
(-0.000964715 -0.154874 0)
(-0.000989977 -0.153353 0)
(-0.00109374 -0.151589 0)
(-0.00123819 -0.14955 0)
(-0.0014065 -0.147217 0)
(-0.00159154 -0.144579 0)
(-0.00179053 -0.141634 0)
(-0.00200227 -0.138386 0)
(-0.00222584 -0.134854 0)
(-0.00246038 -0.131083 0)
(-0.0027058 -0.127157 0)
(-0.00296472 -0.123203 0)
(-0.00324471 -0.119397 0)
(-0.00356001 -0.115937 0)
(-0.00393156 -0.112973 0)
(-0.0043839 -0.110483 0)
(-0.00495155 -0.10802 0)
(0.286655 0.138753 0)
(0.260158 0.0895858 0)
(0.230889 0.0330573 0)
(0.229192 -0.0339704 0)
(0.282358 0.0621899 0)
(0.293584 0.0373589 0)
(0.295564 0.00473776 0)
(0.28847 -0.0349272 0)
(0.252202 0.0352664 0)
(0.263561 0.0268627 0)
(0.268066 0.0144757 0)
(0.263619 -0.00165046 0)
(0.237287 0.0115737 0)
(0.245939 0.0107202 0)
(0.250656 0.00884043 0)
(0.251022 0.00559049 0)
(0.238632 -5.00028e-05 0)
(0.246423 0.00276226 0)
(0.251928 0.00491511 0)
(0.255672 0.00522367 0)
(0.229394 -0.0221974 0)
(0.239735 -0.0152729 0)
(0.250537 -0.00854313 0)
(0.261742 -0.00372422 0)
(0.221602 -0.0336882 0)
(0.22783 -0.0252246 0)
(0.23677 -0.0186507 0)
(0.244916 -0.020067 0)
(0.24704 -0.078718 0)
(0.250762 -0.085048 0)
(0.256143 -0.0822732 0)
(0.263444 -0.0654809 0)
(0.253738 -0.0481111 0)
(0.252077 -0.0481825 0)
(0.249914 -0.0462272 0)
(0.249218 -0.0433212 0)
(0.242571 -0.0515789 0)
(0.241997 -0.051353 0)
(0.241283 -0.0495803 0)
(0.240767 -0.04643 0)
(0.225375 -0.0511728 0)
(0.225143 -0.0499732 0)
(0.224562 -0.0481095 0)
(0.223597 -0.0454624 0)
(0.20457 -0.0513443 0)
(0.204471 -0.0490811 0)
(0.203741 -0.04616 0)
(0.202176 -0.042391 0)
(0.182487 -0.0518578 0)
(0.182606 -0.0481266 0)
(0.18189 -0.0434681 0)
(0.180094 -0.0376807 0)
(0.160551 -0.053082 0)
(0.161089 -0.047691 0)
(0.160715 -0.0410027 0)
(0.159188 -0.0328118 0)
(0.13966 -0.0553895 0)
(0.140803 -0.0483599 0)
(0.141066 -0.039638 0)
(0.140222 -0.0290153 0)
(0.120359 -0.059046 0)
(0.122219 -0.0505558 0)
(0.123299 -0.0399906 0)
(0.123396 -0.0271356 0)
(0.102898 -0.064153 0)
(0.105497 -0.0544711 0)
(0.107451 -0.0423634 0)
(0.108585 -0.0276069 0)
(0.0872809 -0.0706488 0)
(0.0905613 -0.0600752 0)
(0.0933384 -0.0467649 0)
(0.0954686 -0.0304882 0)
(0.0733083 -0.0783491 0)
(0.0771546 -0.0671711 0)
(0.0806281 -0.0529879 0)
(0.0836178 -0.0355647 0)
(0.0606317 -0.0869824 0)
(0.0648908 -0.0754505 0)
(0.0688883 -0.0606861 0)
(0.072543 -0.0424512 0)
(0.0488149 -0.0962172 0)
(0.0533137 -0.0845348 0)
(0.0576403 -0.0694311 0)
(0.0617396 -0.0506671 0)
(0.0374064 -0.105693 0)
(0.041967 -0.0940158 0)
(0.046424 -0.0787627 0)
(0.0507455 -0.059697 0)
(0.0260129 -0.115054 0)
(0.0304663 -0.103496 0)
(0.0348685 -0.0882369 0)
(0.0392073 -0.0690455 0)
(0.0143594 -0.123976 0)
(0.0185572 -0.112621 0)
(0.0227458 -0.0974631 0)
(0.0269296 -0.078282 0)
(0.00232123 -0.13218 0)
(0.00614325 -0.121096 0)
(0.00999544 -0.106128 0)
(0.0138946 -0.0870689 0)
(-0.0100733 -0.139455 0)
(-0.00671541 -0.128706 0)
(-0.00328501 -0.114012 0)
(0.000245888 -0.0951778 0)
(-0.0226415 -0.145628 0)
(-0.0198165 -0.135296 0)
(-0.0168662 -0.12098 0)
(-0.0137529 -0.102494 0)
(-0.0350961 -0.15057 0)
(-0.0328531 -0.140755 0)
(-0.0304203 -0.126943 0)
(-0.0277494 -0.108956 0)
(-0.0470751 -0.154185 0)
(-0.0454556 -0.145008 0)
(-0.04357 -0.131855 0)
(-0.0413571 -0.114555 0)
(-0.0581547 -0.156382 0)
(-0.0572035 -0.147981 0)
(-0.0559029 -0.135669 0)
(-0.0541759 -0.11928 0)
(-0.0678555 -0.157062 0)
(-0.0676258 -0.149574 0)
(-0.066967 -0.138297 0)
(-0.0657824 -0.123066 0)
(-0.0756478 -0.15612 0)
(-0.0761966 -0.149655 0)
(-0.0762545 -0.139588 0)
(-0.0757034 -0.125757 0)
(-0.0809692 -0.153466 0)
(-0.0823379 -0.148078 0)
(-0.0831889 -0.139342 0)
(-0.083384 -0.127103 0)
(-0.0832712 -0.149088 0)
(-0.0854528 -0.14474 0)
(-0.0871394 -0.13736 0)
(-0.0881783 -0.126805 0)
(-0.0821101 -0.143121 0)
(-0.0850096 -0.139671 0)
(-0.0874921 -0.133546 0)
(-0.0894011 -0.124621 0)
(-0.0772792 -0.135923 0)
(-0.0806836 -0.13313 0)
(-0.0837956 -0.128026 0)
(-0.086469 -0.120518 0)
(-0.068948 -0.128101 0)
(-0.0725268 -0.125667 0)
(-0.0759581 -0.121255 0)
(-0.0791211 -0.114807 0)
(-0.0577387 -0.120457 0)
(-0.0610926 -0.118097 0)
(-0.0644257 -0.114022 0)
(-0.0676539 -0.108215 0)
(-0.0446547 -0.113838 0)
(-0.0474176 -0.111358 0)
(-0.0502338 -0.10734 0)
(-0.0530548 -0.101802 0)
(-0.0308721 -0.108845 0)
(-0.032814 -0.106212 0)
(-0.0348211 -0.102121 0)
(-0.0368618 -0.0966038 0)
(-0.0175765 -0.105348 0)
(-0.0185859 -0.102607 0)
(-0.0196191 -0.0984482 0)
(-0.0206611 -0.0929055 0)
(-0.00535138 -0.104737 0)
(-0.00559886 -0.101971 0)
(-0.00583777 -0.0978635 0)
(-0.00605675 -0.0924351 0)
(0.236894 -0.18465 0)
(0.0426084 -0.221216 0)
(-0.199017 0.652629 0)
(0.222249 0.913002 0)
(0.282731 1.05504 0)
(0.324712 1.10313 0)
(0.395412 1.07964 0)
(0.509343 0.944022 0)
(0.643755 0.657812 0)
(0.736411 0.240456 0)
(0.774456 -0.209788 0)
(0.731746 -0.488465 0)
(0.568204 -0.405052 0)
(0.558518 -0.450989 0)
(0.538222 -0.604649 0)
(0.488077 -0.765671 0)
(0.390026 -0.894899 0)
(0.236779 -0.958323 0)
(0.133743 -0.923436 0)
(0.250579 -0.100106 0)
(0.163986 -0.084938 0)
(0.0252753 0.082044 0)
(0.306709 0.754946 0)
(0.631678 0.98451 0)
(0.784951 1.03157 0)
(0.875837 0.993492 0)
(0.959174 0.837618 0)
(1.04473 0.562734 0)
(1.10007 0.192502 0)
(1.11676 -0.200022 0)
(0.87886 -0.343306 0)
(0.706308 -0.282178 0)
(0.673644 -0.408935 0)
(0.632978 -0.555014 0)
(0.554006 -0.689977 0)
(0.436065 -0.777146 0)
(0.284802 -0.810726 0)
(0.156881 -0.767 0)
(0.236257 -0.0278201 0)
(0.186568 0.00673709 0)
(0.141159 0.0789918 0)
(0.19623 0.228048 0)
(0.624583 0.735659 0)
(0.993771 0.969656 0)
(1.1932 0.96906 0)
(1.27818 0.799683 0)
(1.31781 0.544208 0)
(1.31098 0.262205 0)
(1.18746 0.0435581 0)
(0.781653 -0.107854 0)
(0.765724 -0.22197 0)
(0.729474 -0.365306 0)
(0.664034 -0.506929 0)
(0.573151 -0.605354 0)
(0.450827 -0.653387 0)
(0.303275 -0.657958 0)
(0.166007 -0.585069 0)
(0.241978 0.000917208 0)
(0.218921 0.0373348 0)
(0.212031 0.11245 0)
(0.223923 0.189212 0)
(0.310539 0.28619 0)
(0.521971 0.432504 0)
(0.920702 0.808635 0)
(1.1067 0.800842 0)
(1.17764 0.653439 0)
(1.14382 0.501358 0)
(0.814182 0.148627 0)
(0.801481 -0.0252508 0)
(0.778862 -0.188927 0)
(0.721885 -0.336626 0)
(0.648063 -0.445173 0)
(0.557001 -0.509395 0)
(0.440603 -0.53021 0)
(0.303024 -0.507841 0)
(0.172418 -0.396731 0)
(0.259585 0.00527668 0)
(0.261717 0.0369126 0)
(0.267922 0.106163 0)
(0.290008 0.185482 0)
(0.332442 0.26244 0)
(0.400117 0.356852 0)
(0.495275 0.454021 0)
(0.643379 0.489513 0)
(0.705294 0.466355 0)
(0.771345 0.362545 0)
(0.82411 0.194362 0)
(0.807093 0.01885 0)
(0.748982 -0.145308 0)
(0.670997 -0.276899 0)
(0.592541 -0.368477 0)
(0.508355 -0.416633 0)
(0.408189 -0.418199 0)
(0.28908 -0.368298 0)
(0.174147 -0.209145 0)
(0.279323 0.00367719 0)
(0.297726 0.0351993 0)
(0.314363 0.0903727 0)
(0.339894 0.159897 0)
(0.379223 0.237943 0)
(0.434518 0.317978 0)
(0.513525 0.388968 0)
(0.622322 0.435361 0)
(0.723858 0.429806 0)
(0.792466 0.358425 0)
(0.804203 0.226455 0)
(0.757395 0.0698641 0)
(0.661741 -0.0746715 0)
(0.564392 -0.195846 0)
(0.485356 -0.289029 0)
(0.417859 -0.335556 0)
(0.346448 -0.324848 0)
(0.255514 -0.247314 0)
(0.168799 -0.0328716 0)
(0.255548 -0.0227738 0)
(0.280841 0.0140862 0)
(0.321907 0.0710721 0)
(0.369209 0.130387 0)
(0.418835 0.197612 0)
(0.473711 0.270925 0)
(0.544408 0.338246 0)
(0.629341 0.380761 0)
(0.709373 0.384499 0)
(0.756465 0.338173 0)
(0.7417 0.245605 0)
(0.633954 0.141519 0)
(0.472565 0.0350599 0)
(0.344418 -0.0892616 0)
(0.272535 -0.228426 0)
(0.257782 -0.292395 0)
(0.242261 -0.269955 0)
(0.188184 -0.160384 0)
(0.150471 0.119742 0)
(0.26068 -0.0475004 0)
(0.248471 -0.00844898 0)
(0.276247 0.0506702 0)
(0.333723 0.107335 0)
(0.399597 0.169445 0)
(0.472531 0.232734 0)
(0.551487 0.288065 0)
(0.631491 0.325507 0)
(0.695841 0.337865 0)
(0.704308 0.315031 0)
(0.573627 0.295917 0)
(0.287065 0.327981 0)
(-0.0208599 0.253018 0)
(-0.164561 -0.0752258 0)
(-0.0641572 -0.271202 0)
(0.0284006 -0.322073 0)
(0.0938049 -0.265394 0)
(0.0754425 -0.122337 0)
(0.116228 0.205835 0)
(0.252444 -0.0430327 0)
(0.265425 -0.0597954 0)
(0.30031 -0.0697286 0)
(0.321692 0.0148367 0)
(0.35892 0.117435 0)
(0.425844 0.200865 0)
(0.514326 0.26352 0)
(0.601999 0.302548 0)
(0.655181 0.331799 0)
(0.548098 0.372087 0)
(0.0639039 0.522968 0)
(-0.527676 0.62525 0)
(-0.610926 0.216706 0)
(-0.490182 -0.168984 0)
(-0.344808 -0.369152 0)
(-0.218111 -0.422346 0)
(-0.0828535 -0.298261 0)
(-0.0767507 -0.116562 0)
(0.0731968 0.289477 0)
(0.24177 -0.0401938 0)
(0.242409 -0.0350281 0)
(0.237307 -0.0282236 0)
(0.234292 -0.0185663 0)
(0.253972 -0.0246702 0)
(0.289307 -0.0214505 0)
(0.316928 0.0294277 0)
(0.358664 0.164475 0)
(0.272074 0.367073 0)
(-0.36012 0.907072 0)
(-0.797287 1.28968 0)
(-0.816186 0.815042 0)
(-0.67673 0.126568 0)
(-0.583426 -0.299168 0)
(-0.534775 -0.502003 0)
(-0.455836 -0.54801 0)
(-0.31609 -0.385002 0)
(-0.168403 -0.18682 0)
(0.0442557 0.242666 0)
(0.222179 -0.0396267 0)
(0.215828 -0.030249 0)
(0.202825 -0.0139425 0)
(0.185939 0.0165909 0)
(0.167462 0.0493714 0)
(0.136547 0.0842958 0)
(0.0734695 0.145748 0)
(-0.0230905 0.316209 0)
(-0.167622 0.754055 0)
(-0.498253 1.37234 0)
(-0.687455 1.51376 0)
(-0.71618 0.93521 0)
(-0.478721 0.145584 0)
(-0.578546 -0.331046 0)
(-0.620918 -0.562248 0)
(-0.574849 -0.634817 0)
(-0.492298 -0.582138 0)
(-0.285938 -0.43356 0)
(-0.0231249 0.120603 0)
(0.198719 -0.0343668 0)
(0.18725 -0.0196308 0)
(0.167509 0.00234058 0)
(0.139185 0.0352758 0)
(0.0995338 0.0787102 0)
(0.0397388 0.140402 0)
(-0.0519193 0.249158 0)
(-0.175554 0.476298 0)
(-0.296496 0.914283 0)
(-0.382661 1.43001 0)
(-0.443966 1.37764 0)
(-0.408239 0.787928 0)
(-0.147253 0.0880315 0)
(-0.521581 -0.208163 0)
(-0.609165 -0.536772 0)
(-0.537529 -0.689997 0)
(-0.469455 -0.691152 0)
(-0.350671 -0.596567 0)
(-0.20696 -0.076706 0)
(0.175707 -0.0256964 0)
(0.161625 -0.00348893 0)
(0.137975 0.0271986 0)
(0.10315 0.069547 0)
(0.0543155 0.126791 0)
(-0.0136977 0.209276 0)
(-0.10527 0.342955 0)
(-0.213023 0.578882 0)
(-0.288105 0.966046 0)
(-0.255399 1.36321 0)
(-0.211319 1.27634 0)
(-0.108759 0.608509 0)
(-0.323304 0.134373 0)
(-0.546598 0.10317 0)
(-0.485742 -0.477664 0)
(-0.424166 -0.748605 0)
(-0.367909 -0.756411 0)
(-0.280235 -0.697399 0)
(-0.200193 -0.378862 0)
(0.155055 -0.0161563 0)
(0.140932 0.014311 0)
(0.117072 0.0548546 0)
(0.0817428 0.10877 0)
(0.0331239 0.180446 0)
(-0.0306586 0.279211 0)
(-0.108113 0.423964 0)
(-0.185522 0.6453 0)
(-0.215519 0.962267 0)
(-0.141188 1.26104 0)
(-0.0214192 1.21158 0)
(0.0427701 0.736203 0)
(-0.0836674 0.332183 0)
(-0.160148 0.0114743 0)
(-0.208799 -0.397298 0)
(-0.283637 -0.775958 0)
(-0.245346 -0.815804 0)
(-0.150266 -0.782074 0)
(-0.115996 -0.530688 0)
(0.137289 -0.0076606 0)
(0.125201 0.0308221 0)
(0.104181 0.0807496 0)
(0.0728998 0.145279 0)
(0.0306935 0.228545 0)
(-0.0218897 0.337512 0)
(-0.0800511 0.483718 0)
(-0.128387 0.681451 0)
(-0.130229 0.929394 0)
(-0.0453464 1.14762 0)
(0.0925459 1.1271 0)
(0.158778 0.812407 0)
(0.105841 0.427402 0)
(0.0570201 0.0436049 0)
(0.0164673 -0.354203 0)
(-0.0309233 -0.664198 0)
(-0.102748 -0.857546 0)
(-0.0191368 -0.823142 0)
(-0.05517 -0.604704 0)
(0.122259 -0.00146515 0)
(0.11353 0.0441672 0)
(0.0972251 0.102161 0)
(0.0725245 0.175244 0)
(0.0396508 0.266589 0)
(0.000483167 0.38046 0)
(-0.0391994 0.522305 0)
(-0.0660489 0.695599 0)
(-0.0552607 0.888965 0)
(0.0196497 1.04299 0)
(0.13586 1.03024 0)
(0.199332 0.799603 0)
(0.1781 0.455296 0)
(0.130462 0.0676037 0)
(0.0817072 -0.331312 0)
(0.00597275 -0.659417 0)
(0.0835807 -0.780742 0)
(0.0559745 -0.847015 0)
(-0.00154679 -0.61805 0)
(0.109496 0.00175525 0)
(0.104707 0.0533665 0)
(0.0938819 0.117846 0)
(0.0765876 0.197357 0)
(0.0535211 0.293938 0)
(0.0268972 0.409467 0)
(0.00191815 0.544998 0)
(-0.0115964 0.697771 0)
(0.00155551 0.852836 0)
(0.0555898 0.965832 0)
(0.134514 0.956113 0)
(0.177665 0.779225 0)
(0.155977 0.480542 0)
(0.0961991 0.110119 0)
(0.0349873 -0.294787 0)
(-0.0211969 -0.680463 0)
(0.120938 -0.830273 0)
(0.102552 -0.795902 0)
(0.0682909 -0.607008 0)
(0.098392 0.00183479 0)
(0.0975272 0.0581891 0)
(0.0920985 0.127633 0)
(0.0818782 0.211783 0)
(0.0676696 0.311694 0)
(0.0513911 0.427486 0)
(0.0368979 0.557482 0)
(0.0305176 0.695861 0)
(0.0404703 0.827426 0)
(0.0722067 0.918883 0)
(0.112603 0.916626 0)
(0.122551 0.782548 0)
(0.0751519 0.528849 0)
(-0.0220568 0.182625 0)
(-0.133671 -0.233276 0)
(-0.242499 -0.667946 0)
(-0.0796506 -0.941235 0)
(0.114118 -0.737143 0)
(0.121864 -0.507514 0)
(0.0883131 -0.00100511 0)
(0.0909386 0.0589494 0)
(0.0902745 0.13206 0)
(0.0861435 0.2195 0)
(0.0792177 0.321625 0)
(0.0708357 0.437468 0)
(0.0633723 0.563931 0)
(0.0602309 0.694112 0)
(0.0648772 0.814136 0)
(0.0773412 0.898625 0)
(0.0856483 0.910025 0)
(0.0621439 0.816473 0)
(-0.0194932 0.614009 0)
(-0.165477 0.309403 0)
(-0.345891 -0.116346 0)
(-0.493627 -0.684083 0)
(-0.286456 -1.1538 0)
(0.0399049 -0.823026 0)
(0.15531 -0.400642 0)
(0.0786427 -0.00629809 0)
(0.0840912 0.0562845 0)
(0.0872803 0.13204 0)
(0.0879899 0.221829 0)
(0.0866602 0.325598 0)
(0.0840206 0.441856 0)
(0.0811905 0.56698 0)
(0.0794558 0.694091 0)
(0.0793688 0.811153 0)
(0.0783126 0.898539 0)
(0.0658789 0.928852 0)
(0.0219404 0.876202 0)
(-0.0766128 0.729765 0)
(-0.239181 0.470108 0)
(-0.409117 -0.027596 0)
(-0.440729 -0.837522 0)
(-0.256908 -1.35324 0)
(-0.16591 -1.27651 0)
(0.193594 -0.349106 0)
(0.068818 -0.0134554 0)
(0.0763363 0.050973 0)
(0.0823881 0.128604 0)
(0.0866789 0.220104 0)
(0.0894219 0.325242 0)
(0.0908629 0.442392 0)
(0.091252 0.567939 0)
(0.0906041 0.695483 0)
(0.0880853 0.814686 0)
(0.080611 0.909876 0)
(0.0607158 0.959854 0)
(0.0164159 0.942126 0)
(-0.0638031 0.837092 0)
(-0.172337 0.590195 0)
(-0.186458 -0.00925265 0)
(-0.170848 -0.887422 0)
(-0.0394417 -1.30831 0)
(-0.234408 -1.4392 0)
(0.209568 -0.351241 0)
(0.0583741 -0.0218568 0)
(0.0672237 0.043811 0)
(0.0751978 0.122751 0)
(0.0819359 0.215512 0)
(0.0874865 0.321839 0)
(0.0917992 0.440187 0)
(0.0946588 0.567172 0)
(0.0955209 0.696927 0)
(0.0932274 0.820267 0)
(0.0854568 0.923708 0)
(0.0681849 0.988744 0)
(0.0371786 0.99137 0)
(-0.006195 0.896759 0)
(-0.0573335 0.624854 0)
(0.148014 -0.0483102 0)
(0.116185 -0.835828 0)
(0.140166 -1.22583 0)
(-0.141975 -1.39332 0)
(0.189503 -0.373375 0)
(0.0469937 -0.0309163 0)
(0.0565168 0.0355313 0)
(0.0656003 0.115359 0)
(0.0738406 0.209043 0)
(0.0811963 0.316365 0)
(0.0874962 0.435937 0)
(0.0923847 0.564638 0)
(0.095234 0.696979 0)
(0.0950926 0.824325 0)
(0.0906546 0.933923 0)
(0.0804417 1.00735 0)
(0.0649911 1.01608 0)
(0.0516714 0.90955 0)
(0.025163 0.584442 0)
(0.311004 -0.273199 0)
(0.284806 -0.761127 0)
(0.293755 -1.1215 0)
(0.0251742 -1.28101 0)
(0.130109 -0.360612 0)
(0.0345456 -0.0401297 0)
(0.0442112 0.026746 0)
(0.0537711 0.107143 0)
(0.0627985 0.201473 0)
(0.0712177 0.309558 0)
(0.0788596 0.430142 0)
(0.0854415 0.560297 0)
(0.0905195 0.69473 0)
(0.0935352 0.824914 0)
(0.0940491 0.937924 0)
(0.0923379 1.01406 0)
(0.0918966 1.02004 0)
(0.0990961 0.89562 0)
(0.103175 0.517676 0)
(0.341082 -0.495729 0)
(0.383149 -0.746465 0)
(0.367939 -1.01433 0)
(0.133721 -1.12899 0)
(0.0286042 -0.26432 0)
(0.0210945 -0.0491091 0)
(0.0305344 0.017905 0)
(0.0401611 0.0986091 0)
(0.0495354 0.193344 0)
(0.0585734 0.301933 0)
(0.067168 0.423181 0)
(0.0752211 0.55423 0)
(0.0826022 0.68985 0)
(0.089173 0.821388 0)
(0.0951132 0.935277 0)
(0.101798 1.00982 0)
(0.115431 1.00684 0)
(0.137711 0.860201 0)
(0.214829 0.439716 0)
(0.372382 -0.62673 0)
(0.425557 -0.759783 0)
(0.375926 -0.931443 0)
(0.19964 -0.958524 0)
(-0.0423247 -0.305445 0)
(0.0068754 -0.0576052 0)
(0.0159039 0.00926574 0)
(0.0254417 0.0900149 0)
(0.0350441 0.184906 0)
(0.0446231 0.293721 0)
(0.0541385 0.415223 0)
(0.0637216 0.546486 0)
(0.0736062 0.682253 0)
(0.0840596 0.813693 0)
(0.0955863 0.926473 0)
(0.109881 0.996568 0)
(0.134602 0.980258 0)
(0.164649 0.801062 0)
(0.301944 0.312355 0)
(0.368116 -0.66974 0)
(0.409457 -0.735665 0)
(0.360706 -0.846976 0)
(0.214021 -0.805324 0)
(0.0945091 -0.180344 0)
(-0.00776415 -0.0655107 0)
(0.000843929 0.000880438 0)
(0.0103906 0.0813438 0)
(0.0204403 0.176071 0)
(0.0309036 0.284762 0)
(0.0417824 0.406054 0)
(0.0534515 0.536767 0)
(0.0665248 0.671562 0)
(0.0817315 0.801475 0)
(0.0997958 0.911571 0)
(0.122328 0.975801 0)
(0.15648 0.945883 0)
(0.196284 0.734737 0)
(0.292836 0.193606 0)
(0.317496 -0.688011 0)
(0.347464 -0.727748 0)
(0.313724 -0.786372 0)
(0.178348 -0.702811 0)
(0.148669 0.0234039 0)
(-0.0224187 -0.072836 0)
(-0.0141137 -0.00737838 0)
(-0.00426727 0.0723234 0)
(0.0067311 0.166404 0)
(0.0188066 0.274455 0)
(0.031986 0.394911 0)
(0.0469048 0.524118 0)
(0.0644607 0.656621 0)
(0.0858664 0.783363 0)
(0.112245 0.888897 0)
(0.1455 0.945767 0)
(0.191243 0.90379 0)
(0.247088 0.677019 0)
(0.316987 0.165445 0)
(0.267478 -0.657494 0)
(0.273152 -0.727765 0)
(0.265924 -0.74481 0)
(0.136521 -0.643059 0)
(0.167623 0.126241 0)
(-0.0366813 -0.0796576 0)
(-0.0285174 -0.0157464 0)
(-0.0180016 0.0625193 0)
(-0.00543065 0.155244 0)
(0.00916456 0.261907 0)
(0.0258945 0.3808 0)
(0.0452794 0.507592 0)
(0.0686367 0.636307 0)
(0.0972698 0.758029 0)
(0.133179 0.856566 0)
(0.178179 0.904098 0)
(0.234629 0.851575 0)
(0.296265 0.623296 0)
(0.367973 0.147166 0)
(0.259625 -0.582599 0)
(0.250695 -0.702152 0)
(0.246574 -0.711029 0)
(0.107295 -0.585461 0)
(0.174122 0.25212 0)
(-0.0501762 -0.0860473 0)
(-0.0420458 -0.0244636 0)
(-0.0305444 0.0514704 0)
(-0.0158256 0.141881 0)
(0.00214187 0.246152 0)
(0.0235554 0.362374 0)
(0.0485632 0.485966 0)
(0.0786229 0.609732 0)
(0.114903 0.72502 0)
(0.160329 0.814909 0)
(0.215643 0.852773 0)
(0.277663 0.794994 0)
(0.331518 0.578339 0)
(0.405552 0.132241 0)
(0.281026 -0.516069 0)
(0.273109 -0.668038 0)
(0.252201 -0.672024 0)
(0.100964 -0.531133 0)
(0.170169 0.3667 0)
(-0.0625442 -0.0919989 0)
(-0.0544887 -0.0336717 0)
(-0.0418719 0.0388267 0)
(-0.0246275 0.12572 0)
(-0.00262252 0.226363 0)
(0.0243459 0.338666 0)
(0.0563809 0.458134 0)
(0.093829 0.576435 0)
(0.138017 0.684249 0)
(0.19217 0.765238 0)
(0.255326 0.796612 0)
(0.317361 0.743599 0)
(0.35513 0.550688 0)
(0.424196 0.115179 0)
(0.319328 -0.436976 0)
(0.310483 -0.627882 0)
(0.269006 -0.621447 0)
(0.111315 -0.458061 0)
(0.153861 0.479365 0)
(-0.0733991 -0.0973652 0)
(-0.0656854 -0.043309 0)
(-0.0521441 0.0244829 0)
(-0.0323824 0.106416 0)
(-0.00607798 0.201932 0)
(0.026995 0.308922 0)
(0.0670484 0.422998 0)
(0.113036 0.535835 0)
(0.165945 0.636064 0)
(0.22822 0.707969 0)
(0.297077 0.736809 0)
(0.358895 0.699292 0)
(0.388373 0.538539 0)
(0.427494 0.068412 0)
(0.366988 -0.334847 0)
(0.348543 -0.575827 0)
(0.290505 -0.5575 0)
(0.138276 -0.365162 0)
(0.127483 0.584798 0)
(-0.0822612 -0.101825 0)
(-0.0754087 -0.0530223 0)
(-0.0615528 0.00873206 0)
(-0.0398574 0.0840944 0)
(-0.00968625 0.172716 0)
(0.0293483 0.272642 0)
(0.0774428 0.379669 0)
(0.133512 0.48649 0)
(0.19666 0.580883 0)
(0.267155 0.64469 0)
(0.338806 0.674634 0)
(0.40285 0.653579 0)
(0.445389 0.528213 0)
(0.423192 0.0580052 0)
(0.399125 -0.323634 0)
(0.370127 -0.521065 0)
(0.307294 -0.482936 0)
(0.171157 -0.263602 0)
(0.101041 0.651393 0)
(-0.0885006 -0.104909 0)
(-0.0832181 -0.0621408 0)
(-0.0700688 -0.00762988 0)
(-0.0476764 0.059566 0)
(-0.0149821 0.139425 0)
(0.0286836 0.23029 0)
(0.083581 0.328355 0)
(0.148822 0.427205 0)
(0.223957 0.51766 0)
(0.301422 0.57962 0)
(0.375496 0.611405 0)
(0.445151 0.601841 0)
(0.503804 0.507551 0)
(0.467082 0.142849 0)
(0.397123 -0.308916 0)
(0.371287 -0.467422 0)
(0.314573 -0.40605 0)
(0.186143 -0.165443 0)
(0.0933926 0.777039 0)
(-0.0913402 -0.106112 0)
(-0.0883495 -0.0697706 0)
(-0.0771658 -0.0233563 0)
(-0.0558279 0.034354 0)
(-0.022777 0.103776 0)
(0.0230128 0.183706 0)
(0.08194 0.270861 0)
(0.153221 0.359845 0)
(0.236947 0.443797 0)
(0.323006 0.509306 0)
(0.406414 0.543595 0)
(0.483179 0.541277 0)
(0.554074 0.472774 0)
(0.570439 0.230504 0)
(0.397094 -0.297203 0)
(0.35798 -0.41489 0)
(0.316056 -0.329358 0)
(0.193508 -0.0620102 0)
(0.0970761 0.912955 0)
(-0.0899738 -0.105078 0)
(-0.0897483 -0.0750165 0)
(-0.0817073 -0.0369844 0)
(-0.0633466 0.0104549 0)
(-0.0325208 0.0682277 0)
(0.0122566 0.135745 0)
(0.0716567 0.21045 0)
(0.145201 0.287902 0)
(0.232109 0.362538 0)
(0.327835 0.426125 0)
(0.424749 0.465596 0)
(0.513299 0.471359 0)
(0.592887 0.428275 0)
(0.652666 0.272888 0)
(0.481863 -0.145091 0)
(0.34881 -0.345832 0)
(0.311863 -0.250563 0)
(0.197113 0.0521301 0)
(0.104685 1.03015 0)
(-0.0838139 -0.101812 0)
(-0.0863096 -0.0772846 0)
(-0.082112 -0.047191 0)
(-0.0683549 -0.0100584 0)
(-0.0423073 0.0354878 0)
(-0.00183786 0.0895873 0)
(0.0542758 0.150606 0)
(0.126091 0.215087 0)
(0.212703 0.278298 0)
(0.311886 0.333609 0)
(0.418474 0.373787 0)
(0.52264 0.388707 0)
(0.617191 0.366869 0)
(0.695788 0.275536 0)
(0.700637 0.0349838 0)
(0.334288 -0.253617 0)
(0.29972 -0.172626 0)
(0.202099 0.139415 0)
(0.113966 1.14209 0)
(-0.072822 -0.0968537 0)
(-0.0773098 -0.0765938 0)
(-0.076826 -0.0532211 0)
(-0.068494 -0.0255066 0)
(-0.0492265 0.0081119 0)
(-0.0161842 0.0484459 0)
(0.0327062 0.0948413 0)
(0.0983777 0.144916 0)
(0.180518 0.194839 0)
(0.277575 0.239459 0)
(0.386631 0.27278 0)
(0.500923 0.289493 0)
(0.610658 0.283509 0)
(0.695472 0.245673 0)
(0.753845 0.146394 0)
(0.414767 -0.0319043 0)
(0.303697 -0.0818357 0)
(0.226444 0.224519 0)
(0.116862 1.28822 0)
(-0.0577919 -0.0912762 0)
(-0.0629141 -0.0737465 0)
(-0.0650155 -0.055245 0)
(-0.0616781 -0.0350765 0)
(-0.0499728 -0.0118903 0)
(-0.0266986 0.0154057 0)
(0.0110935 0.0469819 0)
(0.0655087 0.0815641 0)
(0.13741 0.116401 0)
(0.226361 0.147539 0)
(0.33088 0.170641 0)
(0.448011 0.182005 0)
(0.571938 0.181837 0)
(0.691719 0.174904 0)
(0.793088 0.173721 0)
(1.07692 0.102239 0)
(0.387726 0.0259058 0)
(0.233767 0.381418 0)
(0.119483 1.4426 0)
(-0.0403473 -0.086265 0)
(-0.0445375 -0.0700275 0)
(-0.0473561 -0.0543121 0)
(-0.0472317 -0.0390592 0)
(-0.0420215 -0.0234821 0)
(-0.0289943 -0.00678137 0)
(-0.00507042 0.0113923 0)
(0.032723 0.0305582 0)
(0.0866659 0.049141 0)
(0.157949 0.0643678 0)
(0.246795 0.0728841 0)
(0.353008 0.072147 0)
(0.475108 0.0631853 0)
(0.611853 0.0532374 0)
(0.723898 0.0595347 0)
(1.1866 0.0745568 0)
(0.379217 0.474724 0)
(0.17759 0.596872 0)
(0.125343 1.6554 0)
(-0.0224746 -0.0826092 0)
(-0.0247745 -0.0668013 0)
(-0.0265843 -0.0521759 0)
(-0.027254 -0.0391438 0)
(-0.0257824 -0.0274713 0)
(-0.0207222 -0.0168853 0)
(-0.0101968 -0.00745729 0)
(0.00805306 0.000225057 0)
(0.0363829 0.0048927 0)
(0.0767621 0.00442886 0)
(0.130859 -0.00392116 0)
(0.200467 -0.0223633 0)
(0.287642 -0.04962 0)
(0.394997 -0.0731794 0)
(0.501956 -0.0472486 0)
(0.759505 0.171667 0)
(0.461731 1.24369 0)
(0.305238 0.791403 0)
(0.135644 1.60567 0)
(-0.00642014 -0.0822251 0)
(-0.00683452 -0.0667079 0)
(-0.0071191 -0.0525279 0)
(-0.00718498 -0.0402871 0)
(-0.00685346 -0.0299583 0)
(-0.00585895 -0.0214637 0)
(-0.0038784 -0.0150353 0)
(-0.000566918 -0.0113854 0)
(0.00437628 -0.0118789 0)
(0.0111623 -0.01867 0)
(0.0200679 -0.0349348 0)
(0.0322188 -0.064896 0)
(0.0512429 -0.112945 0)
(0.0890074 -0.179119 0)
(0.172097 -0.245046 0)
(0.338244 -0.209323 0)
(1.38503 0.601861 0)
(1.90632 0.229792 0)
(0.58684 3.1384 0)
)
;

boundaryField
{
    leftWall
    {
        type            noSlip;
    }
    rightWall
    {
        type            noSlip;
    }
    lowerWall
    {
        type            noSlip;
    }
    atmosphere
    {
        type            pressureInletOutletVelocity;
        value           nonuniform List<vector> 
46
(
(0 -0.054469 0)
(0 -0.151049 0)
(0 -0.158545 0)
(0 -0.158387 0)
(0 -0.157401 0)
(0 -0.156206 0)
(0 -0.154874 0)
(0 -0.153353 0)
(0 -0.151589 0)
(0 -0.14955 0)
(0 -0.147217 0)
(0 -0.144579 0)
(0 -0.141634 0)
(0 -0.138386 0)
(0 -0.134854 0)
(0 -0.131083 0)
(0 -0.127157 0)
(0 -0.123203 0)
(0 -0.119397 0)
(0 -0.115937 0)
(0 -0.112973 0)
(0 -0.110483 0)
(0 -0.10802 0)
(0 -0.104737 0)
(0 -0.101971 0)
(0 -0.0978635 0)
(0 -0.0924351 0)
(0 -0.0822251 0)
(0 -0.0667079 0)
(0 -0.0525279 0)
(0 -0.0402871 0)
(0 -0.0299583 0)
(0 -0.0214637 0)
(0 -0.0150353 0)
(0 -0.0113854 0)
(0 -0.0118789 0)
(0 -0.01867 0)
(0 -0.0349348 0)
(0 -0.064896 0)
(0 -0.112945 0)
(0 -0.179119 0)
(0 -0.245046 0)
(0 -0.209323 0)
(1.38503 0.601861 0)
(1.90632 0.229792 0)
(0.58684 3.1384 0)
)
;
    }
    defaultFaces
    {
        type            empty;
    }
}


// ************************************************************************* //
