/*--------------------------------*- C++ -*----------------------------------*\
| =========                 |                                                 |
| \\      /  F ield         | OpenFOAM: The Open Source CFD Toolbox           |
|  \\    /   O peration     | Version:  v2012                                 |
|   \\  /    A nd           | Website:  www.openfoam.com                      |
|    \\/     M anipulation  |                                                 |
\*---------------------------------------------------------------------------*/
FoamFile
{
    version     2.0;
    format      ascii;
    class       surfaceScalarField;
    location    "0.3";
    object      phi;
}
// * * * * * * * * * * * * * * * * * * * * * * * * * * * * * * * * * * * * * //

dimensions      [0 3 -1 0 0 0 0];
oriented        oriented;


internalField   nonuniform List<scalar> 
4432
(
-4.63318e-06
4.63318e-06
-3.47701e-06
-1.15618e-06
7.92358e-07
-4.26936e-06
6.00242e-06
-5.21006e-06
1.13648e-05
-5.36235e-06
1.65598e-05
-5.19502e-06
2.15368e-05
-4.97701e-06
2.63273e-05
-4.79055e-06
3.09702e-05
-4.64285e-06
3.54823e-05
-4.51215e-06
3.98451e-05
-4.36274e-06
4.3993e-05
-4.14796e-06
4.77988e-05
-3.8058e-06
5.10409e-05
-3.24205e-06
5.33519e-05
-2.311e-06
5.39954e-05
-6.43455e-07
5.16862e-05
2.30918e-06
4.51554e-05
6.53081e-06
3.35669e-05
1.15885e-05
1.73059e-05
1.6261e-05
-1.45378e-06
1.87597e-05
-1.36804e-05
1.22266e-05
-1.36804e-05
-1.86466e-06
6.49785e-06
4.94717e-07
-3.51556e-06
4.69528e-06
-8.46992e-06
9.71452e-06
-1.02293e-05
1.48872e-05
-1.0535e-05
1.99799e-05
-1.02877e-05
2.4923e-05
-9.92012e-06
2.97194e-05
-9.58695e-06
3.43857e-05
-9.30917e-06
3.89228e-05
-9.04926e-06
4.33015e-05
-8.74146e-06
4.74518e-05
-8.29825e-06
5.12488e-05
-7.60275e-06
5.44942e-05
-6.48744e-06
5.68911e-05
-4.70789e-06
5.81224e-05
-1.8748e-06
5.78061e-05
2.62544e-06
5.49878e-05
9.34917e-06
4.8111e-05
1.84653e-05
3.57071e-05
2.86648e-05
1.84224e-05
3.60444e-05
2.7532e-06
2.78958e-05
-1.09272e-05
3.48275e-07
6.14958e-06
3.13845e-06
-6.30574e-06
7.38437e-06
-1.27158e-05
1.22255e-05
-1.50705e-05
1.7206e-05
-1.55155e-05
2.21387e-05
-1.52204e-05
2.69635e-05
-1.47449e-05
3.16735e-05
-1.4297e-05
3.62721e-05
-1.39077e-05
4.07491e-05
-1.35263e-05
4.5069e-05
-1.30613e-05
4.91601e-05
-1.23893e-05
5.29033e-05
-1.1346e-05
5.61186e-05
-9.70272e-06
5.85462e-05
-7.13552e-06
5.98642e-05
-3.1928e-06
5.9731e-05
2.75872e-06
5.76693e-05
1.14109e-05
5.2933e-05
2.32015e-05
4.43965e-05
3.72013e-05
3.10601e-05
4.93808e-05
1.45169e-05
4.4439e-05
3.58973e-06
1.77014e-06
4.37944e-06
5.10215e-06
-9.63776e-06
9.46036e-06
-1.70741e-05
1.42162e-05
-1.98263e-05
1.90484e-05
-2.03478e-05
2.38341e-05
-2.00061e-05
2.85358e-05
-1.94466e-05
3.31472e-05
-1.89085e-05
3.76649e-05
-1.84253e-05
4.20718e-05
-1.79332e-05
4.6328e-05
-1.73175e-05
5.03623e-05
-1.64237e-05
5.40631e-05
-1.50468e-05
5.72671e-05
-1.29067e-05
5.97487e-05
-9.61716e-06
6.12241e-05
-4.66815e-06
6.13836e-05
2.59921e-06
5.98883e-05
1.29061e-05
5.63104e-05
2.67795e-05
4.98925e-05
4.36192e-05
3.9238e-05
6.00353e-05
2.27985e-05
6.08785e-05
2.63882e-05
2.56549e-06
1.81395e-06
6.49389e-06
-1.35662e-05
1.10566e-05
-2.16368e-05
1.57989e-05
-2.45685e-05
2.05286e-05
-2.50774e-05
2.51927e-05
-2.46702e-05
2.97835e-05
-2.40374e-05
3.43015e-05
-2.34265e-05
3.87406e-05
-2.28644e-05
4.30799e-05
-2.22725e-05
4.72775e-05
-2.15151e-05
5.12645e-05
-2.04106e-05
5.49379e-05
-1.87202e-05
5.81531e-05
-1.6122e-05
6.07168e-05
-1.21808e-05
6.23881e-05
-6.33947e-06
6.29057e-05
2.08159e-06
6.20022e-05
1.38096e-05
5.93598e-05
2.9422e-05
5.43477e-05
4.86313e-05
4.54632e-05
6.89198e-05
2.933e-05
7.70117e-05
5.57183e-05
3.03039e-06
-1.21644e-06
7.47075e-06
-1.80065e-05
1.22526e-05
-2.64187e-05
1.70135e-05
-2.93294e-05
2.16706e-05
-2.97345e-05
2.62365e-05
-2.92361e-05
3.07325e-05
-2.85334e-05
3.51675e-05
-2.78615e-05
3.95353e-05
-2.72322e-05
4.3813e-05
-2.65502e-05
4.79584e-05
-2.56605e-05
5.19061e-05
-2.43584e-05
5.55638e-05
-2.23778e-05
5.88066e-05
-1.93648e-05
6.14734e-05
-1.48476e-05
6.33673e-05
-8.23337e-06
6.42791e-05
1.16977e-06
6.40009e-05
1.40878e-05
6.22796e-05
3.11432e-05
5.85411e-05
5.23698e-05
5.12454e-05
7.62155e-05
3.56805e-05
9.25766e-05
9.13988e-05
3.35335e-06
-4.5698e-06
8.17163e-06
-2.28248e-05
1.31265e-05
-3.13736e-05
1.79007e-05
-3.41036e-05
2.24965e-05
-3.43303e-05
2.69797e-05
-3.37193e-05
3.13946e-05
-3.29483e-05
3.57569e-05
-3.22238e-05
4.00607e-05
-3.1536e-05
4.42821e-05
-3.07716e-05
4.83794e-05
-2.97579e-05
5.22919e-05
-2.82709e-05
5.59387e-05
-2.60245e-05
5.92163e-05
-2.26425e-05
6.19966e-05
-1.76279e-05
6.41275e-05
-1.03642e-05
6.54544e-05
-1.57119e-07
6.58351e-05
1.37071e-05
6.50995e-05
3.18788e-05
6.2784e-05
5.46852e-05
5.75211e-05
8.14784e-05
4.33885e-05
0.000106709
0.000134787
3.61317e-06
-8.18297e-06
8.69276e-06
-2.79044e-05
1.37479e-05
-3.64287e-05
1.85074e-05
-3.8863e-05
2.304e-05
-3.88629e-05
2.74489e-05
-3.81282e-05
3.17928e-05
-3.72922e-05
3.60909e-05
-3.65218e-05
4.03365e-05
-3.57816e-05
4.45052e-05
-3.49403e-05
4.85561e-05
-3.38088e-05
5.24332e-05
-3.21481e-05
5.60676e-05
-2.96589e-05
5.93781e-05
-2.5953e-05
6.22704e-05
-2.05202e-05
6.46374e-05
-1.27312e-05
6.63806e-05
-1.90036e-06
6.74359e-05
1.26519e-05
6.77572e-05
3.15574e-05
6.71283e-05
5.53142e-05
6.46487e-05
8.39581e-05
5.30365e-05
0.000118321
0.000187824
-2.27534e-06
2.27534e-06
-9.02915e-06
6.7538e-06
-1.3587e-05
4.55775e-06
-1.43629e-05
7.76167e-07
-1.27044e-05
-1.65837e-06
-9.67507e-06
-3.02949e-06
-6.14267e-06
-3.53251e-06
-2.565e-06
-3.57765e-06
6.63594e-07
-3.22849e-06
3.33028e-06
-2.6667e-06
5.2466e-06
-1.91656e-06
6.36912e-06
-1.12237e-06
6.72994e-06
-3.60641e-07
6.4071e-06
3.22712e-07
5.52042e-06
8.86667e-07
4.21111e-06
1.30942e-06
2.65764e-06
1.55353e-06
1.13222e-06
1.52542e-06
1.13223e-06
-6.69227e-06
8.96764e-06
-1.2808e-05
1.28698e-05
-1.57472e-05
7.49691e-06
-1.5492e-05
5.20993e-07
-1.34819e-05
-3.66834e-06
-1.04303e-05
-6.0812e-06
-6.92086e-06
-7.04199e-06
-3.37138e-06
-7.12709e-06
-1.07665e-07
-6.49237e-06
2.59941e-06
-5.37368e-06
4.62172e-06
-3.93885e-06
5.87818e-06
-2.37878e-06
6.38422e-06
-8.66639e-07
6.21667e-06
4.90207e-07
5.48237e-06
1.62106e-06
4.31309e-06
2.47875e-06
2.87046e-06
2.99604e-06
1.35422e-06
3.04175e-06
2.48647e-06
-9.80696e-06
1.87745e-05
-1.50551e-05
1.81181e-05
-1.67009e-05
9.1428e-06
-1.59263e-05
-2.53754e-07
-1.37115e-05
-5.88305e-06
-1.06191e-05
-9.17365e-06
-7.12977e-06
-1.05313e-05
-3.62764e-06
-1.06292e-05
-4.12706e-07
-9.7075e-06
2.28087e-06
-8.06724e-06
4.31628e-06
-5.97428e-06
5.61816e-06
-3.6807e-06
6.18804e-06
-1.43671e-06
6.0899e-06
5.88076e-07
5.43107e-06
2.27995e-06
4.34743e-06
3.56231e-06
2.98832e-06
4.35514e-06
1.50316e-06
4.52689e-06
3.98965e-06
-1.24462e-05
3.12207e-05
-1.71535e-05
2.28254e-05
-1.76244e-05
9.61394e-06
-1.62908e-05
-1.58749e-06
-1.38222e-05
-8.35165e-06
-1.06269e-05
-1.23688e-05
-7.10123e-06
-1.40569e-05
-3.60346e-06
-1.41271e-05
-4.11587e-07
-1.28996e-05
2.2605e-06
-1.07393e-05
4.28344e-06
-7.99743e-06
5.59041e-06
-4.98799e-06
6.18122e-06
-2.02749e-06
6.1135e-06
6.55779e-07
5.49131e-06
2.90229e-06
4.44617e-06
4.60746e-06
3.11691e-06
5.68427e-06
1.62079e-06
6.02295e-06
5.61035e-06
-1.51998e-05
4.64205e-05
-1.9378e-05
2.70037e-05
-1.85079e-05
8.74401e-06
-1.65675e-05
-3.5279e-06
-1.38261e-05
-1.10931e-05
-1.04905e-05
-1.57044e-05
-6.87935e-06
-1.7668e-05
-3.34103e-06
-1.76655e-05
-1.42928e-07
-1.6098e-05
2.51355e-06
-1.33958e-05
4.50953e-06
-9.99329e-06
5.79185e-06
-6.27039e-06
6.36538e-06
-2.60083e-06
6.28778e-06
7.3343e-07
5.66009e-06
3.5297e-06
4.60841e-06
5.65907e-06
3.2618e-06
7.03088e-06
1.71878e-06
7.56597e-06
7.32892e-06
-1.8257e-05
6.46776e-05
-2.16804e-05
3.0427e-05
-1.90837e-05
6.14746e-06
-1.65751e-05
-6.03644e-06
-1.36368e-05
-1.40313e-05
-1.01727e-05
-1.91685e-05
-6.45204e-06
-2.13888e-05
-2.83847e-06
-2.12792e-05
3.90517e-07
-1.93269e-05
3.04028e-06
-1.60455e-05
5.00018e-06
-1.19532e-05
6.23269e-06
-7.50298e-06
6.75328e-06
-3.12144e-06
6.62457e-06
8.62068e-07
5.94766e-06
4.20661e-06
4.8444e-06
6.76249e-06
3.43634e-06
8.43897e-06
1.81303e-06
9.18922e-06
9.142e-06
-2.11272e-05
8.5805e-05
-2.33315e-05
3.26313e-05
-1.86464e-05
1.46247e-06
-1.59607e-05
-8.7222e-06
-1.30946e-05
-1.68974e-05
-9.58651e-06
-2.26767e-05
-5.76789e-06
-2.52074e-05
-2.06549e-06
-2.49816e-05
1.20879e-06
-2.26012e-05
3.85563e-06
-1.86923e-05
5.771e-06
-1.38686e-05
6.93015e-06
-8.66208e-06
7.36284e-06
-3.55393e-06
7.14136e-06
1.08358e-06
6.37054e-06
4.97754e-06
5.16998e-06
7.96313e-06
3.65724e-06
9.95176e-06
1.91815e-06
1.09282e-05
1.10602e-05
-2.21076e-05
0.000107913
-2.06676e-05
3.11915e-05
-1.55032e-05
-3.70198e-06
-1.41805e-05
-1.00449e-05
-1.19635e-05
-1.91143e-05
-8.61202e-06
-2.60283e-05
-4.76181e-06
-2.90577e-05
-9.75519e-07
-2.87677e-05
2.35931e-06
-2.5936e-05
5.0072e-06
-2.13402e-05
6.86065e-06
-1.5722e-05
7.91372e-06
-9.7151e-06
8.21771e-06
-3.85796e-06
7.85905e-06
1.44215e-06
6.94831e-06
5.8883e-06
5.60452e-06
9.30672e-06
3.94324e-06
1.16129e-05
2.05003e-06
1.28214e-05
1.31103e-05
8.34376e-06
-1.65267e-05
1.97703e-05
-3.93309e-05
3.05908e-05
-4.72493e-05
4.05388e-05
-4.8811e-05
4.99598e-05
-4.82839e-05
5.91259e-05
-4.72944e-05
6.81748e-05
-4.63411e-05
7.71457e-05
-4.54927e-05
8.60194e-05
-4.46553e-05
9.47401e-05
-4.3661e-05
0.000103223
-4.22919e-05
0.000111364
-4.02887e-05
0.000119052
-3.73474e-05
0.000126191
-3.30912e-05
0.00013269
-2.70198e-05
0.000138467
-1.85082e-05
0.000143488
-6.92081e-06
0.000147883
8.25665e-06
0.000152063
2.73778e-05
0.000156768
5.06083e-05
0.00016297
7.77561e-05
0.000173728
0.000107563
0.000146011
0.000215541
9.40181e-06
-2.59285e-05
2.09873e-05
-5.09164e-05
3.14615e-05
-5.77234e-05
4.0962e-05
-5.83115e-05
5.00061e-05
-5.7328e-05
5.88945e-05
-5.61828e-05
6.77425e-05
-5.51891e-05
7.65607e-05
-5.43109e-05
8.53081e-05
-5.34028e-05
9.39159e-05
-5.22687e-05
0.000102293
-5.06688e-05
0.000110338
-4.83342e-05
0.000117978
-4.49873e-05
0.000125203
-4.03156e-05
0.000132061
-3.38787e-05
0.000138625
-2.50721e-05
0.000145021
-1.33164e-05
0.000151586
1.69167e-06
0.000159043
1.99205e-05
0.000168742
4.09096e-05
0.000182938
6.35598e-05
0.000204373
8.61285e-05
0.000112208
0.000238177
1.03598e-05
-3.62883e-05
2.19392e-05
-6.24958e-05
3.19185e-05
-6.77027e-05
4.0869e-05
-6.7262e-05
4.94742e-05
-6.59332e-05
5.80496e-05
-6.47582e-05
6.66746e-05
-6.38141e-05
7.53173e-05
-6.29537e-05
8.39063e-05
-6.19918e-05
9.2354e-05
-6.07164e-05
0.000100553
-5.8868e-05
0.000108388
-5.61689e-05
0.000115791
-5.23901e-05
0.00012282
-4.73444e-05
0.000129653
-4.07117e-05
0.000136476
-3.1895e-05
0.000143471
-2.03118e-05
0.000150989
-5.82592e-06
0.000159653
1.12561e-05
0.000170422
3.01403e-05
0.000184349
4.96333e-05
0.000202049
6.84286e-05
8.64084e-05
0.000227848
1.11555e-05
-4.74438e-05
2.32359e-05
-7.45762e-05
3.26437e-05
-7.71105e-05
4.08184e-05
-7.54367e-05
4.88215e-05
-7.39364e-05
5.69656e-05
-7.29023e-05
6.52572e-05
-7.21057e-05
7.35971e-05
-7.12936e-05
8.18738e-05
-7.02684e-05
8.9983e-05
-6.88257e-05
9.78059e-05
-6.66908e-05
0.000105202
-6.35655e-05
0.000112077
-5.92651e-05
0.000118508
-5.37745e-05
0.000124781
-4.69854e-05
0.00013119
-3.83036e-05
0.000137961
-2.70826e-05
0.000145456
-1.33211e-05
0.000154182
2.52975e-06
0.000164675
1.96477e-05
0.000177551
3.67574e-05
0.000193399
5.25802e-05
6.60834e-05
0.000213724
1.37405e-05
-6.11843e-05
2.65789e-05
-8.74146e-05
3.39945e-05
-8.45261e-05
4.07014e-05
-8.21435e-05
4.78884e-05
-8.11234e-05
5.54986e-05
-8.05125e-05
6.33478e-05
-7.99549e-05
7.123e-05
-7.91758e-05
7.90028e-05
-7.80412e-05
8.65534e-05
-7.63763e-05
9.37638e-05
-7.39012e-05
0.000100496
-7.02979e-05
0.000106639
-6.54083e-05
0.000112223
-5.93584e-05
0.000117532
-5.22944e-05
0.000122958
-4.3729e-05
0.000128909
-3.30341e-05
0.000135988
-2.04002e-05
0.000144439
-5.92092e-06
0.000154584
9.50302e-06
0.000166648
2.46937e-05
0.000181138
3.80903e-05
4.89796e-05
0.000198241
2.36369e-05
-8.48212e-05
3.35022e-05
-9.72799e-05
3.51089e-05
-8.61328e-05
3.98636e-05
-8.68982e-05
4.6394e-05
-8.76538e-05
5.35689e-05
-8.76874e-05
6.09705e-05
-8.73564e-05
6.83817e-05
-8.65871e-05
7.56443e-05
-8.53038e-05
8.25978e-05
-8.33297e-05
8.91193e-05
-8.04227e-05
9.5108e-05
-7.62866e-05
0.000100424
-7.07247e-05
0.000104898
-6.3832e-05
0.000108625
-5.60218e-05
0.000112209
-4.73122e-05
0.000116586
-3.74118e-05
0.000122793
-2.66066e-05
0.000131397
-1.45248e-05
0.000142443
-1.54355e-06
0.000156028
1.11091e-05
0.000171629
2.24891e-05
3.23366e-05
0.000188272
4.74547e-05
-0.000132276
4.19068e-05
-9.1732e-05
3.4741e-05
-7.89671e-05
3.87774e-05
-9.09346e-05
4.56247e-05
-9.45011e-05
5.28651e-05
-9.49278e-05
5.99804e-05
-9.44718e-05
6.70246e-05
-9.36313e-05
7.37633e-05
-9.20425e-05
7.99733e-05
-8.95397e-05
8.55686e-05
-8.6018e-05
9.07474e-05
-8.14654e-05
9.57562e-05
-7.57336e-05
0.000100341
-6.84171e-05
0.000103842
-5.95221e-05
0.000106339
-4.98094e-05
0.000108888
-3.99611e-05
0.000112589
-3.03072e-05
0.000119239
-2.11752e-05
0.000130091
-1.23953e-05
0.000145428
-4.22826e-06
0.000164046
3.87171e-06
1.515e-05
0.000181232
2.95106e-05
-0.000161787
3.04453e-05
-9.26667e-05
3.53647e-05
-8.38864e-05
4.09582e-05
-9.6528e-05
4.9016e-05
-0.000102559
5.82779e-05
-0.00010419
6.81434e-05
-0.000104337
7.81227e-05
-0.000103611
8.82791e-05
-0.000102199
9.84642e-05
-9.97248e-05
0.000108517
-9.60709e-05
0.000118186
-9.11343e-05
0.000127265
-8.48123e-05
0.000135796
-7.69477e-05
0.000143986
-6.77122e-05
0.000151958
-5.77818e-05
0.000159851
-4.78544e-05
0.000167889
-3.83444e-05
0.000176146
-2.94327e-05
0.000184621
-2.087e-05
0.000192433
-1.20402e-05
0.000196869
-5.64394e-07
2.12225e-05
0.000190796
-1.28012e-05
-0.000148985
8.96198e-06
-0.00011443
3.08661e-05
-0.00010579
4.50022e-05
-0.000110664
5.69443e-05
-0.000114501
6.81261e-05
-0.000115372
7.87629e-05
-0.000114974
8.90284e-05
-0.000113876
9.89572e-05
-0.000112128
0.000108731
-0.000109499
0.000118457
-0.000105797
0.000128182
-0.00010086
0.000137946
-9.45758e-05
0.000147926
-8.69278e-05
0.000158394
-7.81796e-05
0.000169418
-6.88064e-05
0.000180913
-5.9349e-05
0.000192726
-5.01572e-05
0.000204557
-4.12638e-05
0.000215907
-3.22206e-05
0.000225666
-2.17988e-05
0.000232669
-7.5679e-06
1.14423e-05
0.00024245
-8.32961e-06
-0.000140656
1.14933e-05
-0.000134253
3.18941e-05
-0.000126191
4.67787e-05
-0.000125549
5.84758e-05
-0.000126198
6.90834e-05
-0.000125979
7.91766e-05
-0.000125067
8.89213e-05
-0.000123621
9.83627e-05
-0.000121569
0.000107591
-0.000118727
0.000116709
-0.000114915
0.000125839
-0.000109989
0.000135156
-0.000103892
0.000144933
-9.67048e-05
0.000155455
-8.87019e-05
0.000166854
-8.02054e-05
0.000179123
-7.16184e-05
0.000192135
-6.31684e-05
0.000205704
-5.4833e-05
0.000219632
-4.61488e-05
0.000233979
-3.61453e-05
0.00024992
-2.35088e-05
-8.02665e-06
0.000269389
3.77864e-06
-0.000144434
1.6491e-05
-0.000146965
3.09916e-05
-0.000140692
4.34187e-05
-0.000137976
5.39617e-05
-0.000136741
6.35831e-05
-0.000135601
7.27231e-05
-0.000134207
8.15308e-05
-0.000132429
9.00599e-05
-0.000130098
9.83631e-05
-0.00012703
0.000106522
-0.000123073
0.000114672
-0.000118139
0.000123018
-0.000112239
0.000131835
-0.000105522
0.000141388
-9.8255e-05
0.000151907
-9.07247e-05
0.000163534
-8.32453e-05
0.000176348
-7.59823e-05
0.000190415
-6.88995e-05
0.000205921
-6.16552e-05
0.000223358
-5.35818e-05
0.00024361
-4.37609e-05
-3.15956e-05
0.000267179
6.6494e-06
-0.000151084
1.66822e-05
-0.000156998
2.71443e-05
-0.000151154
3.6962e-05
-0.000147793
4.59134e-05
-0.000145693
5.42646e-05
-0.000143952
6.22156e-05
-0.000142158
6.98518e-05
-0.000140065
7.72127e-05
-0.000137459
8.43432e-05
-0.000134161
9.13241e-05
-0.000130054
9.82942e-05
-0.000125109
0.00010546
-0.000119404
0.000113076
-0.000113138
0.000121412
-0.000106591
0.000130747
-0.00010006
0.000141322
-9.38199e-05
0.000153378
-8.8039e-05
0.000167197
-8.27185e-05
0.000183196
-7.76533e-05
0.000201983
-7.23696e-05
0.000224291
-6.60687e-05
-5.78404e-05
0.000250536
6.79998e-06
-0.000157884
1.39103e-05
-0.000164108
2.1578e-05
-0.000158822
2.91842e-05
-0.0001554
3.64454e-05
-0.000152954
4.33572e-05
-0.000150864
4.99647e-05
-0.000148766
5.62955e-05
-0.000146396
6.23738e-05
-0.000143537
6.82449e-05
-0.000140032
7.39957e-05
-0.000135805
7.97696e-05
-0.000130883
8.57694e-05
-0.000125404
9.22438e-05
-0.000119612
9.94678e-05
-0.000113815
0.000107736
-0.000108328
0.000117347
-0.00010343
0.000128619
-9.93113e-05
0.000141945
-9.60446e-05
0.000157836
-9.35441e-05
0.000176936
-9.14696e-05
0.000199936
-8.90689e-05
-8.51794e-05
0.000227275
5.77573e-06
-0.000163659
1.02317e-05
-0.000168564
1.56274e-05
-0.000164218
2.12852e-05
-0.000161057
2.68721e-05
-0.000158541
3.22827e-05
-0.000156274
3.74867e-05
-0.00015397
4.24774e-05
-0.000151386
4.72711e-05
-0.000148331
5.19183e-05
-0.000144679
5.65147e-05
-0.000140401
6.12092e-05
-0.000135577
6.6203e-05
-0.000130398
7.17394e-05
-0.000125149
7.80903e-05
-0.000120166
8.55461e-05
-0.000115784
9.44142e-05
-0.000112299
0.000105036
-0.000109933
0.00011782
-0.000108829
0.000133271
-0.000108994
0.00015199
-0.000110189
0.000174623
-0.000111702
-0.000112203
0.000201646
3.97968e-06
-0.000167639
6.46401e-06
-0.000171049
1.00154e-05
-0.000167769
1.39389e-05
-0.000164981
1.79341e-05
-0.000162536
2.18749e-05
-0.000160215
2.5704e-05
-0.000157799
2.94027e-05
-0.000155085
3.29881e-05
-0.000151916
3.65189e-05
-0.00014821
4.00996e-05
-0.000143982
4.38825e-05
-0.00013936
4.80646e-05
-0.00013458
5.28766e-05
-0.000129961
5.8572e-05
-0.000125861
6.54186e-05
-0.000122631
7.36985e-05
-0.000120578
8.37189e-05
-0.000119954
9.58311e-05
-0.000120941
0.000110449
-0.000123612
0.000128059
-0.000127799
0.000149215
-0.000132858
-0.000137389
0.000174401
1.98886e-06
-0.000169628
3.0649e-06
-0.000172125
5.08506e-06
-0.000169789
7.47228e-06
-0.000167368
1.00084e-05
-0.000165072
1.25806e-05
-0.000162787
1.51302e-05
-0.000160349
1.76411e-05
-0.000157596
2.01378e-05
-0.000154413
2.26878e-05
-0.00015076
2.54014e-05
-0.000146696
2.84295e-05
-0.000142388
3.19567e-05
-0.000138107
3.61908e-05
-0.000134195
4.13519e-05
-0.000131022
4.76643e-05
-0.000128943
5.53538e-05
-0.000128268
6.465e-05
-0.00012925
7.5795e-05
-0.000132086
8.90584e-05
-0.000136875
0.00010477
-0.00014351
0.000123357
-0.000151446
-0.000159331
0.0001453
1.09246e-07
-0.000169737
2.60192e-07
-0.000172276
9.54566e-07
-0.000170483
2.00183e-06
-0.000168415
3.2478e-06
-0.000166318
4.59798e-06
-0.000164138
6.00445e-06
-0.000161755
7.46122e-06
-0.000159053
9.00322e-06
-0.000155955
1.07052e-05
-0.000152462
1.26785e-05
-0.000148669
1.50648e-05
-0.000144775
1.80273e-05
-0.00014107
2.17407e-05
-0.000137908
2.63772e-05
-0.000135658
3.21008e-05
-0.000134667
3.90591e-05
-0.000135226
4.7379e-05
-0.00013757
5.71688e-05
-0.000141876
6.85373e-05
-0.000148244
8.16477e-05
-0.000156621
9.68089e-05
-0.000166607
-0.000177042
0.000114519
-1.11521e-06
-0.000168622
-2.00349e-06
-0.000171387
-2.3977e-06
-0.000170089
-2.47137e-06
-0.000168342
-2.32543e-06
-0.000166464
-2.02847e-06
-0.000164435
-1.61152e-06
-0.000162172
-1.06717e-06
-0.000159597
-3.50724e-07
-0.000156672
6.16407e-07
-0.000153429
1.94068e-06
-0.000149993
3.74791e-06
-0.000146582
6.1727e-06
-0.000143495
9.34361e-06
-0.000141079
1.33807e-05
-0.000139696
1.83777e-05
-0.000139664
2.43947e-05
-0.000141244
3.14501e-05
-0.000144625
3.95207e-05
-0.000149946
4.85591e-05
-0.000157282
5.85648e-05
-0.000166626
6.97085e-05
-0.000177751
-0.000189818
8.24848e-05
-2.01306e-06
-0.000166609
-3.70799e-06
-0.000169692
-5.0042e-06
-0.000168793
-5.99523e-06
-0.000167351
-6.75964e-06
-0.0001657
-7.34429e-06
-0.00016385
-7.76269e-06
-0.000161754
-7.99477e-06
-0.000159365
-7.98897e-06
-0.000156677
-7.66759e-06
-0.000153751
-6.93482e-06
-0.000150726
-5.68702e-06
-0.00014783
-3.82438e-06
-0.000145357
-1.26081e-06
-0.000143643
2.06231e-06
-0.000143019
6.16915e-06
-0.000143771
1.10381e-05
-0.000146113
1.65915e-05
-0.000150179
2.26871e-05
-0.000156042
2.91468e-05
-0.000163742
3.58034e-05
-0.000173283
4.26329e-05
-0.00018458
-0.000197119
4.99341e-05
-2.61441e-06
-0.000163995
-4.94313e-06
-0.000167364
-6.9347e-06
-0.000166802
-8.65211e-06
-0.000165633
-1.01487e-05
-0.000164203
-1.14517e-05
-0.000162547
-1.25594e-05
-0.000160646
-1.34425e-05
-0.000158482
-1.40468e-05
-0.000156073
-1.43004e-05
-0.000153497
-1.41228e-05
-0.000150904
-1.3436e-05
-0.000148517
-1.2176e-05
-0.000146617
-1.03036e-05
-0.000145515
-7.81364e-06
-0.000145509
-4.74342e-06
-0.000146841
-1.18165e-06
-0.000149674
2.71899e-06
-0.00015408
6.73596e-06
-0.000160059
1.05762e-05
-0.000167582
1.39363e-05
-0.000176643
1.66027e-05
-0.000187247
-0.000199151
1.8634e-05
-2.98244e-06
-0.000161012
-5.76688e-06
-0.000164579
-8.27567e-06
-0.000164293
-1.05477e-05
-0.000163361
-1.2615e-05
-0.000162136
-1.44878e-05
-0.000160674
-1.61531e-05
-0.000158981
-1.75759e-05
-0.000157059
-1.87041e-05
-0.000154945
-1.94753e-05
-0.000152726
-1.98272e-05
-0.000150552
-1.97085e-05
-0.000148635
-1.90902e-05
-0.000147236
-1.79744e-05
-0.000146631
-1.64026e-05
-0.00014708
-1.44607e-05
-0.000148783
-1.22867e-05
-0.000151848
-1.00817e-05
-0.000156285
-8.12091e-06
-0.000162019
-6.75308e-06
-0.00016895
-6.37521e-06
-0.000177021
-7.3382e-06
-0.000186284
-0.000196754
-9.73485e-06
-3.17134e-06
-0.000157841
-6.25031e-06
-0.0001615
-9.12092e-06
-0.000161422
-1.17976e-05
-0.000160685
-1.42934e-05
-0.00015964
-1.66051e-05
-0.000158363
-1.87117e-05
-0.000156874
-2.05769e-05
-0.000155194
-2.21537e-05
-0.000153368
-2.33921e-05
-0.000151487
-2.4249e-05
-0.000149695
-2.46988e-05
-0.000148186
-2.47433e-05
-0.000147191
-2.44197e-05
-0.000146955
-2.38058e-05
-0.000147694
-2.30223e-05
-0.000149567
-2.2238e-05
-0.000152633
-2.16777e-05
-0.000156845
-2.16349e-05
-0.000162062
-2.24803e-05
-0.000168105
-2.46461e-05
-0.000174855
-2.85555e-05
-0.000182374
-0.000190931
-3.43781e-05
-3.22521e-06
-0.000154616
-6.464e-06
-0.000158261
-9.56456e-06
-0.000158322
-1.25175e-05
-0.000157732
-1.53194e-05
-0.000156838
-1.79565e-05
-0.000155726
-2.04034e-05
-0.000154427
-2.26253e-05
-0.000152972
-2.45828e-05
-0.000151411
-2.62396e-05
-0.000149831
-2.75712e-05
-0.000148363
-2.8575e-05
-0.000147182
-2.92788e-05
-0.000146488
-2.9747e-05
-0.000146486
-3.00834e-05
-0.000147358
-3.04314e-05
-0.000149219
-3.09744e-05
-0.00015209
-3.19423e-05
-0.000155877
-3.3623e-05
-0.000160382
-3.63769e-05
-0.000165351
-4.06368e-05
-0.000170595
-4.68621e-05
-0.000176149
-0.000182465
-5.53282e-05
-3.18213e-06
-0.000151433
-6.47317e-06
-0.00015497
-9.69497e-06
-0.0001551
-1.28167e-05
-0.00015461
-1.58211e-05
-0.000153834
-1.86868e-05
-0.00015286
-2.13863e-05
-0.000151728
-2.38886e-05
-0.00015047
-2.61634e-05
-0.000149136
-2.81876e-05
-0.000147806
-2.9954e-05
-0.000146597
-3.14795e-05
-0.000145657
-3.28122e-05
-0.000145155
-3.40363e-05
-0.000145262
-3.52727e-05
-0.000146122
-3.66768e-05
-0.000147815
-3.8436e-05
-0.000150331
-4.07726e-05
-0.000153541
-4.39535e-05
-0.000157201
-4.83094e-05
-0.000160995
-5.42501e-05
-0.000164654
-6.22504e-05
-0.000168149
-0.000172018
-7.26972e-05
-3.07385e-06
-0.000148359
-6.33489e-06
-0.000151709
-9.5909e-06
-0.000151844
-1.27935e-05
-0.000151407
-1.59142e-05
-0.000150713
-1.89263e-05
-0.000149848
-2.18025e-05
-0.000148852
-2.45166e-05
-0.000147756
-2.70474e-05
-0.000146605
-2.93847e-05
-0.000145469
-3.15357e-05
-0.000144446
-3.35329e-05
-0.000143659
-3.54395e-05
-0.000143249
-3.73525e-05
-0.00014335
-3.94026e-05
-0.000144072
-4.17497e-05
-0.000145468
-4.45779e-05
-0.000147502
-4.80947e-05
-0.000150024
-5.25384e-05
-0.000152757
-5.81985e-05
-0.000155335
-6.5446e-05
-0.000157407
-7.47546e-05
-0.000158841
-0.000160146
-8.66269e-05
-2.92547e-06
-0.000145434
-6.09665e-06
-0.000148538
-9.31934e-06
-0.000148621
-1.25323e-05
-0.000148194
-1.56987e-05
-0.000147547
-1.87882e-05
-0.000146759
-2.1775e-05
-0.000145865
-2.46383e-05
-0.000144893
-2.73658e-05
-0.000143878
-2.99581e-05
-0.000142877
-3.24343e-05
-0.00014197
-3.48385e-05
-0.000141255
-3.72436e-05
-0.000140844
-3.97539e-05
-0.000140839
-4.25038e-05
-0.000141322
-4.56519e-05
-0.00014232
-4.93749e-05
-0.000143779
-5.38625e-05
-0.000145536
-5.93213e-05
-0.000147298
-6.5994e-05
-0.000148662
-7.41984e-05
-0.000149202
-8.43781e-05
-0.000148661
-0.000147418
-9.71063e-05
-2.7556e-06
-0.000142678
-5.79616e-06
-0.000145497
-8.93508e-06
-0.000145482
-1.21034e-05
-0.000145026
-1.52581e-05
-0.000144392
-1.83672e-05
-0.00014365
-2.14069e-05
-0.000142825
-2.4362e-05
-0.000141938
-2.72281e-05
-0.000141012
-3.00147e-05
-0.000140091
-3.27502e-05
-0.000139234
-3.54861e-05
-0.00013852
-3.83007e-05
-0.000138029
-4.13002e-05
-0.00013784
-4.46175e-05
-0.000138005
-4.84059e-05
-0.000138531
-5.28317e-05
-0.000139354
-5.80663e-05
-0.000140302
-6.4285e-05
-0.000141079
-7.16826e-05
-0.000141265
-8.05116e-05
-0.000140373
-9.11496e-05
-0.000138023
-0.000134407
-0.000104161
-2.57672e-06
-0.000140101
-5.46176e-06
-0.000142612
-8.48117e-06
-0.000142462
-1.15627e-05
-0.000141944
-1.46597e-05
-0.000141295
-1.77396e-05
-0.00014057
-2.07815e-05
-0.000139784
-2.37753e-05
-0.000138944
-2.67234e-05
-0.000138064
-2.96427e-05
-0.000137171
-3.25677e-05
-0.000136309
-3.55543e-05
-0.000135533
-3.8682e-05
-0.000134901
-4.20547e-05
-0.000134467
-4.57995e-05
-0.00013426
-5.00604e-05
-0.00013427
-5.49906e-05
-0.000134423
-6.07432e-05
-0.000134549
-6.74649e-05
-0.000134357
-7.53047e-05
-0.000133425
-8.44456e-05
-0.000131232
-9.51724e-05
-0.000127296
-0.000121616
-0.000107964
-2.39567e-06
-0.000137706
-5.11329e-06
-0.000139894
-7.98994e-06
-0.000139586
-1.09534e-05
-0.000138981
-1.39556e-05
-0.000138293
-1.6965e-05
-0.00013756
-1.99637e-05
-0.000136785
-2.29471e-05
-0.00013596
-2.59228e-05
-0.000135088
-2.89133e-05
-0.000134181
-3.19571e-05
-0.000133266
-3.51114e-05
-0.000132379
-3.8454e-05
-0.000131559
-4.20829e-05
-0.000130838
-4.61159e-05
-0.000130227
-5.06845e-05
-0.000129702
-5.59266e-05
-0.000129181
-6.19758e-05
-0.0001285
-6.89531e-05
-0.00012738
-7.69665e-05
-0.000125411
-8.61335e-05
-0.000122065
-9.6638e-05
-0.000116791
-0.000109425
-0.000108829
-2.21464e-06
-0.000135491
-4.7635e-06
-0.000137345
-7.48444e-06
-0.000136865
-1.03071e-05
-0.000136158
-1.31844e-05
-0.000135416
-1.60875e-05
-0.000134657
-1.90025e-05
-0.00013387
-2.19295e-05
-0.000133033
-2.48811e-05
-0.000132136
-2.78834e-05
-0.000131179
-3.09768e-05
-0.000130172
-3.42177e-05
-0.000129138
-3.76793e-05
-0.000128097
-4.14518e-05
-0.000127065
-4.5641e-05
-0.000126038
-5.03636e-05
-0.000124979
-5.57398e-05
-0.000123805
-6.18835e-05
-0.000122356
-6.88911e-05
-0.000120373
-7.68361e-05
-0.000117466
-8.57795e-05
-0.000113122
-9.58128e-05
-0.000106758
-9.80886e-05
-0.000107149
-2.03338e-06
-0.000133458
-4.42037e-06
-0.000134958
-6.98049e-06
-0.000134304
-9.64592e-06
-0.000133493
-1.23732e-05
-0.000132688
-1.5138e-05
-0.000131893
-1.79321e-05
-0.000131076
-2.07602e-05
-0.000130205
-2.36391e-05
-0.000129257
-2.65973e-05
-0.00012822
-2.96751e-05
-0.000127094
-3.29262e-05
-0.000125887
-3.64176e-05
-0.000124606
-4.02298e-05
-0.000123253
-4.44553e-05
-0.000121812
-4.91944e-05
-0.00012024
-5.4549e-05
-0.00011845
-6.06123e-05
-0.000116293
-6.74578e-05
-0.000113527
-7.51297e-05
-0.000109795
-8.36442e-05
-0.000104607
-9.30186e-05
-9.73835e-05
-8.77577e-05
-0.000103349
-1.85268e-06
-0.000131605
-4.09061e-06
-0.00013272
-6.48937e-06
-0.000131905
-8.98434e-06
-0.000130998
-1.15389e-05
-0.000130134
-1.41361e-05
-0.000129295
-1.67747e-05
-0.000128437
-1.94647e-05
-0.000127515
-2.22261e-05
-0.000126496
-2.50887e-05
-0.000125358
-2.80912e-05
-0.000124092
-3.12831e-05
-0.000122695
-3.4724e-05
-0.000121165
-3.84838e-05
-0.000119493
-4.26411e-05
-0.000117655
-4.72796e-05
-0.000115601
-5.24823e-05
-0.000113248
-5.83224e-05
-0.000110453
-6.48519e-05
-0.000106997
-7.20904e-05
-0.000102556
-8.0021e-05
-9.66765e-05
-8.8607e-05
-8.87973e-05
-7.85062e-05
-9.78585e-05
-1.67818e-06
-0.000129927
-3.78332e-06
-0.000130615
-6.02013e-06
-0.000129669
-8.33071e-06
-0.000128687
-1.06898e-05
-0.000127775
-1.30914e-05
-0.000126893
-1.55425e-05
-0.000125986
-1.80584e-05
-0.000124999
-2.0662e-05
-0.000123892
-2.33827e-05
-0.000122637
-2.62567e-05
-0.000121217
-2.9328e-05
-0.000119623
-3.26484e-05
-0.000117845
-3.62767e-05
-0.000115865
-4.02781e-05
-0.000113653
-4.47198e-05
-0.00011116
-4.9667e-05
-0.0001083
-5.5174e-05
-0.000104946
-6.12736e-05
-0.000100898
-6.7965e-05
-9.58646e-05
-7.52074e-05
-8.94341e-05
-8.29282e-05
-8.10765e-05
-7.03542e-05
-9.10801e-05
-1.51964e-06
-0.000128407
-3.50973e-06
-0.000128625
-5.57954e-06
-0.000127599
-7.68767e-06
-0.000126579
-9.82688e-06
-0.000125635
-1.20053e-05
-0.000124715
-1.42391e-05
-0.000123752
-1.6549e-05
-0.000122689
-1.89592e-05
-0.000121482
-2.14978e-05
-0.000120098
-2.4197e-05
-0.000118518
-2.70949e-05
-0.000116725
-3.02351e-05
-0.000114704
-3.3666e-05
-0.000112434
-3.74398e-05
-0.00010988
-4.16092e-05
-0.00010699
-4.62227e-05
-0.000103687
-5.13177e-05
-9.98505e-05
-5.69103e-05
-9.53053e-05
-6.2984e-05
-8.97909e-05
-6.94811e-05
-8.29369e-05
-7.63078e-05
-7.42498e-05
-6.32796e-05
-8.33824e-05
-1.37367e-06
-0.000127034
-3.27379e-06
-0.000126725
-5.16806e-06
-0.000125705
-7.05107e-06
-0.000124696
-8.94403e-06
-0.000123742
-1.08726e-05
-0.000122786
-1.28626e-05
-0.000121762
-1.49387e-05
-0.000120613
-1.71251e-05
-0.000119295
-1.9447e-05
-0.000117777
-2.1932e-05
-0.000116033
-2.46117e-05
-0.000114046
-2.75219e-05
-0.000111794
-3.07012e-05
-0.000109254
-3.41907e-05
-0.00010639
-3.80304e-05
-0.000103151
-4.22547e-05
-9.94624e-05
-4.68862e-05
-9.5219e-05
-5.19272e-05
-9.02643e-05
-5.73489e-05
-8.43693e-05
-6.3083e-05
-7.72027e-05
-6.90235e-05
-6.83091e-05
-5.72336e-05
-7.50694e-05
-1.20659e-06
-0.000125827
-3.06852e-06
-0.000124863
-4.77974e-06
-0.000123993
-6.41072e-06
-0.000123065
-8.02979e-06
-0.000122123
-9.68391e-06
-0.000121132
-1.14074e-05
-0.000120039
-1.32267e-05
-0.000118794
-1.51639e-05
-0.000117358
-1.72399e-05
-0.000115701
-1.9477e-05
-0.000113796
-2.19005e-05
-0.000111622
-2.45386e-05
-0.000109156
-2.7422e-05
-0.000106371
-3.05826e-05
-0.000103229
-3.40498e-05
-9.96833e-05
-3.78472e-05
-9.5665e-05
-4.1986e-05
-9.10801e-05
-4.64574e-05
-8.57927e-05
-5.12232e-05
-7.96032e-05
-5.62079e-05
-7.22179e-05
-6.12991e-05
-6.32179e-05
-5.21486e-05
-6.63841e-05
-1.0503e-06
-0.000124776
-2.92013e-06
-0.000122993
-4.41667e-06
-0.000122497
-5.75536e-06
-0.000121726
-7.0707e-06
-0.000120808
-8.42892e-06
-0.000119774
-9.86803e-06
-0.0001186
-1.14122e-05
-0.00011725
-1.30791e-05
-0.000115692
-1.48841e-05
-0.000113896
-1.68437e-05
-0.000111836
-1.89773e-05
-0.000109488
-2.13068e-05
-0.000106827
-2.38562e-05
-0.000103821
-2.66506e-05
-0.000100435
-2.97121e-05
-9.66216e-05
-3.3057e-05
-9.232e-05
-3.66891e-05
-8.74479e-05
-4.05927e-05
-8.18892e-05
-4.47233e-05
-7.54727e-05
-4.9e-05
-6.79413e-05
-5.33054e-05
-5.89125e-05
-4.79361e-05
-5.7518e-05
-1.21327e-06
-0.000123563
-2.93397e-06
-0.000121272
-4.09572e-06
-0.000121335
-5.07538e-06
-0.000120747
-6.05438e-06
-0.000119829
-7.09987e-06
-0.000118728
-8.24237e-06
-0.000117457
-9.49785e-06
-0.000115994
-1.08766e-05
-0.000114313
-1.23878e-05
-0.000112384
-1.40425e-05
-0.000110181
-1.58545e-05
-0.000107676
-1.78408e-05
-0.00010484
-2.00204e-05
-0.000101641
-2.24137e-05
-9.80416e-05
-2.50389e-05
-9.39963e-05
-2.7909e-05
-8.945e-05
-3.10256e-05
-8.43312e-05
-3.43722e-05
-7.85425e-05
-3.79038e-05
-7.1941e-05
-4.15379e-05
-6.43073e-05
-4.5151e-05
-5.52994e-05
-4.44793e-05
-4.86078e-05
-2.1565e-06
-0.000121406
-3.19808e-06
-0.00012023
-3.81596e-06
-0.000120717
-4.3562e-06
-0.000120206
-4.97e-06
-0.000119215
-5.69351e-06
-0.000118005
-6.53377e-06
-0.000116617
-7.49152e-06
-0.000115037
-8.56727e-06
-0.000113237
-9.76372e-06
-0.000111188
-1.10867e-05
-0.000108858
-1.25457e-05
-0.000106217
-1.41536e-05
-0.000103232
-1.5926e-05
-9.98689e-05
-1.78801e-05
-9.60874e-05
-2.00327e-05
-9.18436e-05
-2.23975e-05
-8.70852e-05
-2.498e-05
-8.17487e-05
-2.77711e-05
-7.57514e-05
-3.07362e-05
-6.89759e-05
-3.38026e-05
-6.12409e-05
-3.68482e-05
-5.22539e-05
-4.16116e-05
-3.97159e-05
-4.00505e-06
-0.000117401
-3.64476e-06
-0.00012059
-3.51771e-06
-0.000120844
-3.55732e-06
-0.000120167
-3.79725e-06
-0.000118975
-4.20534e-06
-0.000117597
-4.74854e-06
-0.000116074
-5.40639e-06
-0.000114379
-6.16849e-06
-0.000112475
-7.03141e-06
-0.000110325
-7.9969e-06
-0.000107893
-9.07112e-06
-0.000105143
-1.02636e-05
-0.00010204
-1.15868e-05
-9.85456e-05
-1.30555e-05
-9.46186e-05
-1.46859e-05
-9.02131e-05
-1.64943e-05
-8.52769e-05
-1.84942e-05
-7.97488e-05
-2.06923e-05
-7.35534e-05
-2.30791e-05
-6.65891e-05
-2.56144e-05
-5.87055e-05
-2.82075e-05
-4.96608e-05
-3.91009e-05
-3.07183e-05
-6.4666e-06
-0.000110935
-4.07071e-06
-0.000122986
-2.95571e-06
-0.000121959
-2.53165e-06
-0.000120591
-2.47028e-06
-0.000119036
-2.61379e-06
-0.000117453
-2.88932e-06
-0.000115798
-3.25957e-06
-0.000114009
-3.70685e-06
-0.000112028
-4.22427e-06
-0.000109808
-4.81097e-06
-0.000107306
-5.4703e-06
-0.000104484
-6.20861e-06
-0.000101302
-7.03476e-06
-9.77194e-05
-7.96016e-06
-9.36932e-05
-8.99869e-06
-8.91746e-05
-1.0167e-05
-8.41086e-05
-1.14848e-05
-7.84309e-05
-1.29746e-05
-7.20635e-05
-1.4659e-05
-6.49046e-05
-1.65539e-05
-5.68107e-05
-1.86495e-05
-4.75652e-05
-3.68715e-05
-2.08789e-05
-9.15076e-06
-3.00134e-06
-1.46801e-06
-1.02971e-06
-9.03528e-07
-9.08612e-07
-9.8189e-07
-1.09635e-06
-1.24075e-06
-1.41092e-06
-1.60604e-06
-1.82724e-06
-2.07694e-06
-2.35862e-06
-2.67708e-06
-3.03886e-06
-3.45311e-06
-3.93326e-06
-4.49972e-06
-5.18486e-06
-6.04115e-06
-7.15409e-06
-8.67866e-06
0.000148738
6.68025e-05
9.35389e-05
5.51994e-05
5.19274e-05
4.16115e-05
2.98863e-05
2.2041e-05
0.000243516
6.14635e-05
0.000236668
6.20468e-05
0.000219486
5.87941e-05
5.31235e-05
0.000196249
0.000242713
4.65983e-05
0.000254785
4.9975e-05
0.000261083
5.24961e-05
5.35119e-05
0.000260694
0.000224651
3.56709e-05
0.000236022
3.86048e-05
0.00024692
4.15977e-05
4.43042e-05
0.000256128
0.000206787
2.71254e-05
0.000215844
2.95476e-05
0.000225278
3.21639e-05
3.47684e-05
0.000234814
0.000195665
1.97326e-05
0.000202867
2.23451e-05
0.000210117
2.49144e-05
2.72051e-05
0.00021768
0.000188145
1.28194e-05
0.000194516
1.59749e-05
0.00020095
1.84801e-05
2.04396e-05
0.000207715
0.00019011
1.35062e-05
0.000191383
1.4701e-05
0.000194947
1.49165e-05
1.49744e-05
0.000200412
0.000245753
1.02028e-05
0.000248064
1.23895e-05
0.000249056
1.39243e-05
1.52986e-05
0.000248732
0.000277753
1.83791e-06
0.000284917
5.22603e-06
0.000290328
8.51353e-06
1.19248e-05
0.000293701
0.000278884
-9.86781e-06
0.000290397
-6.28664e-06
0.000301235
-2.32437e-06
2.24844e-06
0.000310911
0.000264006
-2.33385e-05
0.000277816
-2.0096e-05
0.000291575
-1.6084e-05
-1.10125e-05
0.000304836
0.000241559
-3.76225e-05
0.000256497
-3.50333e-05
0.000271774
-3.13613e-05
-2.6229e-05
0.00028699
0.000215915
-5.18907e-05
0.000231034
-5.01521e-05
0.000246819
-4.71465e-05
-4.24332e-05
0.000263023
0.000187772
-6.52616e-05
0.000202117
-6.44973e-05
0.000217428
-6.24575e-05
-5.86695e-05
0.000233665
0.000157001
-7.6963e-05
0.000169726
-7.72214e-05
0.000183616
-7.63479e-05
-7.38444e-05
0.000198791
0.000124065
-8.65086e-05
0.000134658
-8.78143e-05
0.000146574
-8.82643e-05
-8.73548e-05
0.000160084
8.94922e-05
-9.35158e-05
9.74956e-05
-9.58177e-05
0.000106888
-9.76568e-05
-9.85505e-05
0.000118084
5.3946e-05
-9.75278e-05
5.86552e-05
-0.000100527
6.44338e-05
-0.000103435
-0.000105734
7.16177e-05
1.9678e-05
-9.85717e-05
2.10173e-05
-0.000101866
2.2908e-05
-0.000105326
-0.000108355
2.55281e-05
-1.11312e-05
-9.71753e-05
-1.24453e-05
-0.000100552
-1.33835e-05
-0.000104388
-0.000108157
-1.35809e-05
-3.76148e-05
-9.39387e-05
-4.09091e-05
-9.72579e-05
-4.39451e-05
-0.000101352
-0.000105768
-4.6334e-05
-6.00202e-05
-8.92468e-05
-6.49513e-05
-9.23269e-05
-6.98605e-05
-9.64428e-05
-0.000101266
-7.43625e-05
-7.85016e-05
-8.34424e-05
-8.47219e-05
-8.61064e-05
-9.11447e-05
-9.002e-05
-9.49146e-05
-9.74961e-05
-9.32552e-05
-7.68143e-05
-0.000100482
-7.888e-05
-0.000108169
-8.23324e-05
-8.68676e-05
-0.000116216
-0.000104228
-6.96932e-05
-0.000112088
-7.10193e-05
-0.000120642
-7.37788e-05
-7.75922e-05
-0.000129917
-0.000111395
-6.24588e-05
-0.00011942
-6.29941e-05
-0.000128275
-6.49246e-05
-6.78215e-05
-0.000138045
-0.000114974
-5.54487e-05
-0.000122731
-5.52365e-05
-0.000131332
-5.63236e-05
-5.82801e-05
-0.000140874
-0.000115381
-4.88964e-05
-0.000122576
-4.80419e-05
-0.000130536
-4.83636e-05
-4.94701e-05
-0.000139346
-0.000113114
-4.29309e-05
-0.000119595
-4.15607e-05
-0.000126721
-4.12379e-05
-4.16307e-05
-0.000134561
-0.000108675
-3.76052e-05
-0.000114397
-3.58392e-05
-0.000120637
-3.49972e-05
-3.48122e-05
-0.000127456
-0.000102538
-3.29255e-05
-0.000107512
-3.08654e-05
-0.000112894
-2.96148e-05
-2.89667e-05
-0.00011874
-9.51311e-05
-2.88745e-05
-9.93948e-05
-2.66018e-05
-0.000103974
-2.50352e-05
-2.40165e-05
-0.000108925
-8.68376e-05
-2.54193e-05
-9.04407e-05
-2.29987e-05
-9.42828e-05
-2.11931e-05
-1.98818e-05
-9.84174e-05
-7.79739e-05
-2.25147e-05
-8.09744e-05
-1.99983e-05
-8.41505e-05
-1.8017e-05
-1.64797e-05
-8.75526e-05
-6.87891e-05
-2.01097e-05
-7.12491e-05
-1.75383e-05
-7.38335e-05
-1.54326e-05
-1.37249e-05
-7.65883e-05
-5.94759e-05
-1.81519e-05
-6.14562e-05
-1.5558e-05
-6.35188e-05
-1.337e-05
-1.15383e-05
-6.57054e-05
-5.01772e-05
-1.65825e-05
-5.17406e-05
-1.39947e-05
-5.33475e-05
-1.17631e-05
-9.85029e-06
-5.50355e-05
-4.09782e-05
-1.53202e-05
-4.22076e-05
-1.27652e-05
-4.3441e-05
-1.05298e-05
-8.58351e-06
-4.47078e-05
-3.18104e-05
-1.42281e-05
-3.28612e-05
-1.17145e-05
-3.38843e-05
-9.50668e-06
-7.57924e-06
-3.48886e-05
-2.2012e-05
-1.3095e-05
-2.31866e-05
-1.05399e-05
-2.43667e-05
-8.32662e-06
-6.47536e-06
-2.54705e-05
-9.59073e-06
-1.06714e-05
-1.1966e-05
-1.3484e-05
6.61496e-05
6.3804e-05
3.08971e-05
6.6444e-05
-4.2439e-06
3.14389e-05
-1.65407e-05
2.25174e-06
-1.67472e-05
-1.89077e-05
-1.23019e-05
-3.04734e-05
-5.1477e-06
-3.62119e-05
2.67309e-06
-3.65885e-05
9.78353e-06
-3.30463e-05
1.5361e-05
-2.69177e-05
1.90561e-05
-1.94172e-05
2.08784e-05
-1.15372e-05
2.10068e-05
-3.98642e-06
1.96844e-05
2.7646e-06
1.7171e-05
8.40167e-06
1.3717e-05
1.27607e-05
9.55426e-06
1.57757e-05
4.88887e-06
1.74867e-05
1.79991e-05
0.000156906
0.000103146
0.000140579
8.27715e-05
0.000104347
6.76709e-05
5.34954e-05
5.31032e-05
2.09872e-05
1.36007e-05
9.31622e-06
-1.88023e-05
8.13786e-06
-3.50335e-05
1.2452e-05
-4.09026e-05
1.83546e-05
-3.89488e-05
2.34205e-05
-3.19836e-05
2.65805e-05
-2.25774e-05
2.76604e-05
-1.26171e-05
2.68857e-05
-3.21194e-06
2.4589e-05
5.06131e-06
2.10826e-05
1.1908e-05
1.66451e-05
1.71982e-05
1.15143e-05
2.09062e-05
5.89577e-06
2.31053e-05
2.38948e-05
0.000243693
0.000120148
0.000217915
0.00010855
0.000189452
9.61334e-05
0.00016216
8.03951e-05
0.00010857
6.71908e-05
6.10541e-05
2.87137e-05
3.70674e-05
-1.10469e-05
2.97954e-05
-3.36306e-05
3.08654e-05
-4.00188e-05
3.40396e-05
-3.51578e-05
3.61057e-05
-2.46433e-05
3.60965e-05
-1.26078e-05
3.41183e-05
-1.23382e-06
3.05623e-05
8.61726e-06
2.58046e-05
1.66657e-05
2.01531e-05
2.28496e-05
1.38481e-05
2.72112e-05
7.07358e-06
2.98797e-05
3.09683e-05
0.000265727
0.000110549
0.000260802
0.000113475
0.000245235
0.000111701
0.000220309
0.000105321
0.000194376
9.31236e-05
0.000145963
7.71269e-05
9.39229e-05
4.09929e-05
6.22939e-05
-2.00144e-06
5.07116e-05
-2.84364e-05
4.86761e-05
-3.31222e-05
4.83092e-05
-2.42762e-05
4.65285e-05
-1.08271e-05
4.2865e-05
2.42977e-06
3.76676e-05
1.38148e-05
3.13472e-05
2.29861e-05
2.42239e-05
2.99729e-05
1.6522e-05
3.4913e-05
8.39836e-06
3.80033e-05
3.93666e-05
0.000254898
9.04646e-05
0.000266551
0.000101822
0.000267195
0.000111057
0.000256653
0.000115862
0.000236115
0.000113662
0.000209683
0.000103559
0.00016482
8.5856e-05
0.000115274
4.75444e-05
8.23507e-05
4.48696e-06
6.9282e-05
-2.00534e-05
6.39339e-05
-1.8928e-05
5.91926e-05
-6.08583e-06
5.31562e-05
8.46624e-06
4.58419e-05
2.11291e-05
3.76222e-05
3.12058e-05
2.87792e-05
3.88159e-05
1.9487e-05
4.42052e-05
9.85403e-06
4.76363e-05
4.92206e-05
0.000237582
7.05629e-05
0.000255544
8.38596e-05
0.000267037
9.95631e-05
0.000268765
0.000114135
0.000259611
0.000122816
0.000241227
0.000121944
0.000214965
0.000112117
0.000171148
9.13616e-05
0.000126629
4.90057e-05
9.78198e-05
8.75626e-06
8.37436e-05
-4.85189e-06
7.42211e-05
3.43654e-06
6.48663e-05
1.7821e-05
5.48879e-05
3.11074e-05
4.44355e-05
4.16583e-05
3.36658e-05
4.95856e-05
2.26459e-05
5.52251e-05
1.13995e-05
5.88827e-05
6.06201e-05
0.000226367
5.19114e-05
0.00024522
6.50065e-05
0.000260369
8.44143e-05
0.000268735
0.000105768
0.00026774
0.000123811
0.000257261
0.000132423
0.000239447
0.000129931
0.000211392
0.000119417
0.000170768
8.96294e-05
0.000132511
4.70136e-05
0.000107786
1.98738e-05
9.14704e-05
1.97516e-05
7.76567e-05
3.16347e-05
6.44475e-05
4.43166e-05
5.14806e-05
5.46251e-05
3.86525e-05
6.24137e-05
2.58493e-05
6.80282e-05
1.29641e-05
7.17679e-05
7.35844e-05
0.000217755
3.45686e-05
0.000237616
4.51455e-05
0.000257456
6.45744e-05
0.000267899
9.53259e-05
0.000269642
0.000122067
0.000263405
0.00013866
0.000250966
0.00014237
0.000232669
0.000137714
0.000201637
0.000120662
0.000164949
8.37018e-05
0.000133394
5.14282e-05
0.000109804
4.33422e-05
9.07885e-05
5.06498e-05
7.39561e-05
6.1149e-05
5.83363e-05
7.0245e-05
4.3441e-05
7.73089e-05
2.89073e-05
8.2562e-05
1.44569e-05
8.62183e-05
8.80413e-05
0.000239391
4.391e-05
0.000238105
4.64315e-05
0.000255832
4.68474e-05
0.000269906
8.12523e-05
0.000270546
0.000121427
0.000264807
0.000144399
0.000254378
0.000152798
0.00024088
0.000151212
0.00021839
0.000143152
0.000188145
0.000113946
0.000155541
8.4033e-05
0.000126858
7.20249e-05
0.000103001
7.45064e-05
8.26306e-05
8.15198e-05
6.44846e-05
8.83911e-05
4.76896e-05
9.41039e-05
3.1608e-05
9.86437e-05
1.57752e-05
0.000102051
0.000103817
0.000295408
4.22029e-05
0.00028527
5.65695e-05
0.00027875
5.33672e-05
0.000275527
8.44757e-05
0.000271088
0.000125866
0.000263153
0.000152333
0.000252909
0.000163042
0.000241471
0.000162651
0.000224991
0.000159632
0.000200569
0.000138368
0.000170842
0.000113759
0.000140078
0.00010279
0.000112789
0.000101795
8.95768e-05
0.000104732
6.93747e-05
0.000108593
5.10536e-05
0.000112425
3.37444e-05
0.000115953
1.68205e-05
0.000118975
0.000120637
0.000328407
2.47072e-05
0.000329008
5.59682e-05
0.000305083
7.72925e-05
0.000284382
0.000105177
0.000270196
0.000140052
0.000258648
0.000163881
0.000248143
0.000173547
0.000237872
0.000172922
0.000225479
0.000172025
0.000206074
0.000157773
0.000179333
0.000140501
0.000148131
0.000133991
0.00011898
0.000130945
9.40327e-05
0.00012968
7.25379e-05
0.000130088
5.32459e-05
0.000131717
3.51468e-05
0.000134052
1.75112e-05
0.000136611
0.000138148
0.000332091
-2.54745e-06
0.000342859
4.52008e-05
0.000321289
9.88621e-05
0.000289552
0.000136914
0.000266989
0.000162615
0.000251424
0.000179447
0.000240336
0.000184635
0.000230943
0.000182315
0.000221081
0.000181887
0.00020566
0.000173193
0.00018103
0.000165131
0.000150274
0.000164748
0.000120845
0.000160374
9.5514e-05
0.000155011
7.3685e-05
0.000151917
5.4094e-05
0.000151308
3.57145e-05
0.000152432
1.7799e-05
0.000154526
0.000155947
0.00032044
-3.59972e-05
0.000338516
2.71252e-05
0.000326225
0.000111152
0.000289972
0.000173167
0.000260447
0.000192139
0.000241741
0.000198153
0.000230288
0.000196088
0.000221713
0.000190889
0.000213418
0.000190183
0.000200461
0.000186149
0.00017643
0.000189162
0.000146505
0.000194672
0.000118272
0.000188608
9.39542e-05
0.000179329
7.27812e-05
0.00017309
5.35795e-05
0.00017051
3.54376e-05
0.000170574
1.76785e-05
0.000172285
0.000173626
0.000300877
-7.38507e-05
0.000322538
5.46322e-06
0.000312296
0.000121395
0.000279282
0.000206182
0.000248207
0.000223214
0.000229914
0.000216445
0.000219173
0.00020683
0.000211696
0.000198366
0.000204352
0.000197527
0.000191699
0.000198803
0.000166251
0.00021461
0.00013746
0.000223463
0.000111798
0.000214269
8.97208e-05
0.000201406
7.0059e-05
0.000192752
5.18477e-05
0.000188721
3.4402e-05
0.000188019
1.7189e-05
0.000189498
0.000190815
0.000274226
-0.000114412
0.000297354
-1.76649e-05
0.000286082
0.000132667
0.000258152
0.000234113
0.000233496
0.00024787
0.000217692
0.000232249
0.000209076
0.000215445
0.000203629
0.000203813
0.000195895
0.000205261
0.000179314
0.000215384
0.000150701
0.000243223
0.000124166
0.000249998
0.000102447
0.000235989
8.35263e-05
0.000220326
6.59738e-05
0.000210304
4.91856e-05
0.000205509
3.27775e-05
0.000204427
1.64097e-05
0.000205866
0.000207225
0.000239078
-0.0001547
0.000265985
-4.4572e-05
0.000254554
0.000144098
0.000237578
0.000251089
0.000221319
0.000264129
0.000207351
0.000246217
0.000200966
0.000221831
0.000198169
0.00020661
0.00018529
0.00021814
0.000159284
0.00024139
0.000129636
0.000272871
0.000108109
0.000271525
9.15958e-05
0.000252502
7.63063e-05
0.000235616
6.11304e-05
0.00022548
4.59748e-05
0.000220665
3.07903e-05
0.000219612
1.54469e-05
0.00022121
0.000222671
0.000198894
-0.00019351
0.000238842
-8.45198e-05
0.000223752
0.000159188
0.000222924
0.000251916
0.00021327
0.000273783
0.000199423
0.000260064
0.000191056
0.000230197
0.000186715
0.000210951
0.000168227
0.000236629
0.000133365
0.000276251
0.000107043
0.000299194
9.23358e-05
0.000286232
8.10633e-05
0.000263774
6.91513e-05
0.000247528
5.62027e-05
0.000238429
4.26291e-05
0.000234238
2.86801e-05
0.000233561
1.44122e-05
0.000235478
0.000237084
0.00015222
-0.000227645
0.000201954
-0.000134254
0.000206578
0.000154563
0.000210049
0.000248446
0.000207176
0.000276656
0.000192404
0.000274836
0.000170721
0.00025188
0.000157084
0.000224588
0.000137964
0.00025575
0.00010687
0.000307345
8.83573e-05
0.000317707
7.99071e-05
0.000294682
7.25235e-05
0.000271158
6.30487e-05
0.000257002
5.1785e-05
0.000249692
3.95016e-05
0.000246522
2.66448e-05
0.000246418
1.33937e-05
0.000248729
0.000250477
9.35048e-05
-0.000249532
0.000135722
-0.000176471
0.000175259
0.000115026
0.000193987
0.000229719
0.000197144
0.000273499
0.000183512
0.000288468
0.000154367
0.000281024
0.0001218
0.000257155
0.000104552
0.000272998
8.63767e-05
0.000325519
7.70371e-05
0.000327046
7.2657e-05
0.000299062
6.70356e-05
0.000276779
5.86184e-05
0.00026542
4.82323e-05
0.000260079
3.67883e-05
0.000257966
2.47849e-05
0.000258421
1.24311e-05
0.000261083
0.000262908
3.23028e-05
-0.000256307
6.05945e-05
-0.000204762
0.000141048
3.45723e-05
0.000175814
0.000194953
0.0001864
0.000262912
0.00017854
0.000296328
0.000152403
0.000307161
0.000113694
0.000295865
9.21298e-05
0.000294562
8.24402e-05
0.000335209
7.66044e-05
0.000332882
7.17953e-05
0.000303871
6.50331e-05
0.000283541
5.59888e-05
0.000274464
4.55516e-05
0.000270516
3.44575e-05
0.00026906
2.30635e-05
0.000269815
1.14997e-05
0.000272646
0.000274408
-1.09775e-05
-0.000258911
-4.25108e-06
-0.000211489
9.10453e-05
-6.07238e-05
0.000148043
0.000137956
0.000170935
0.000240019
0.000173281
0.000293983
0.000159601
0.000320841
0.000131675
0.00032379
0.00010418
0.000322057
9.59756e-05
0.000343413
8.68999e-05
0.000341957
7.67486e-05
0.000314022
6.58614e-05
0.000294429
5.45842e-05
0.000285741
4.33088e-05
0.000281791
3.22097e-05
0.000280159
2.12915e-05
0.000280733
1.05076e-05
0.00028343
0.000284915
-4.8562e-05
-0.000256683
-3.63754e-05
-0.000223676
3.05438e-05
-0.000127643
0.00011033
5.81694e-05
0.000149477
0.000200873
0.000164776
0.000278683
0.000164394
0.000321224
0.000151176
0.000337009
0.000131818
0.000341415
0.000120557
0.000354673
0.000102609
0.000359905
8.39381e-05
0.000332693
6.72059e-05
0.000311161
5.29413e-05
0.000300006
4.05942e-05
0.000294138
2.94906e-05
0.000291262
1.91509e-05
0.000291073
9.3106e-06
0.00029327
0.000294226
-8.14983e-05
-0.000249547
-7.5687e-05
-0.000229487
-4.80948e-05
-0.000155235
3.94156e-05
-2.9341e-05
0.000113335
0.000126953
0.000146938
0.000245081
0.00015904
0.000309122
0.000159736
0.000336313
0.00015004
0.00035111
0.00013367
0.000371044
0.0001108
0.000382775
8.57791e-05
0.000357714
6.48697e-05
0.00033207
4.88022e-05
0.000316073
3.61735e-05
0.000306767
2.5617e-05
0.000301819
1.62801e-05
0.00030041
7.74757e-06
0.000301803
0.000301973
-0.000109921
-0.000237122
-0.000109092
-0.000230316
-7.93025e-05
-0.000185025
-1.75485e-05
-9.1095e-05
6.32356e-05
4.6169e-05
0.000114095
0.000194221
0.000140352
0.000282866
0.000149877
0.000326788
0.000147506
0.000353481
0.000129215
0.000389334
0.000100762
0.000411228
7.5072e-05
0.000383405
5.4927e-05
0.000352215
4.01322e-05
0.000330868
2.89944e-05
0.000317905
2.00501e-05
0.000310763
1.24244e-05
0.000308036
5.69992e-06
0.000308527
0.000307673
-0.000134729
-0.000218609
-0.000145304
-0.000219741
-0.000134624
-0.000195705
-9.15852e-05
-0.000134133
-1.59208e-05
-2.94954e-05
6.57276e-05
0.000112572
0.000105369
0.000243224
0.000117501
0.000314656
0.00011641
0.000354573
9.73934e-05
0.000408351
6.96009e-05
0.000439021
5.03253e-05
0.00040268
3.64946e-05
0.000366046
2.6422e-05
0.000340941
1.88059e-05
0.000325521
1.27048e-05
0.000316864
7.59828e-06
0.000313142
3.10648e-06
0.000313019
0.00031078
-0.000153466
-0.00019506
-0.000175335
-0.000197872
-0.000186112
-0.000184929
-0.000172396
-0.000147849
-0.000128173
-7.37182e-05
-5.61858e-05
4.05849e-05
1.22557e-05
0.000174783
4.74173e-05
0.000279494
4.65137e-05
0.000355476
3.0719e-05
0.000424145
1.93982e-05
0.000450342
1.49329e-05
0.000407146
1.17731e-05
0.000369206
8.89958e-06
0.000343814
6.32792e-06
0.000328092
4.04942e-06
0.000319143
2.08171e-06
0.00031511
1.18319e-07
0.000314982
0.000310898
-0.000164059
-0.000169046
-0.000192563
-0.000169369
-0.000219198
-0.000158294
-0.000235101
-0.000131946
-0.000228223
-8.05961e-05
-0.000192981
5.34385e-06
-0.000135887
0.000117688
-9.30736e-05
0.00023668
-7.37697e-05
0.000336172
-6.02796e-05
0.000410655
-3.88498e-05
0.000428912
-2.42204e-05
0.000392516
-1.52673e-05
0.000360253
-1.00943e-05
0.000338641
-7.03994e-06
0.000325038
-5.06835e-06
0.000317171
-3.65539e-06
0.000313697
-3.30253e-06
0.00031463
0.000307596
-0.000166689
-0.00014323
-0.000196448
-0.00013961
-0.000228598
-0.000126144
-0.000259187
-0.000101358
-0.000280107
-5.96757e-05
-0.000280577
5.81336e-06
-0.000258314
9.54257e-05
-0.000222475
0.000200841
-0.000185131
0.000298829
-0.000139595
0.000365119
-9.09215e-05
0.000380238
-5.92082e-05
0.000360803
-3.99909e-05
0.000341036
-2.78485e-05
0.000326499
-1.96721e-05
0.000316861
-1.3709e-05
0.000311208
-9.11214e-06
0.0003091
-6.09192e-06
0.000311609
0.000301504
-0.00016315
-0.000119426
-0.000190569
-0.000112191
-0.000220792
-9.59203e-05
-0.000251895
-7.02549e-05
-0.000279389
-3.21816e-05
-0.000295479
2.19034e-05
-0.000293019
9.2965e-05
-0.000268299
0.000176121
-0.000225239
0.000255769
-0.000170226
0.000310106
-0.000118577
0.000328589
-8.25356e-05
0.000324762
-5.85201e-05
0.00031702
-4.20464e-05
0.000310025
-3.01522e-05
0.000304967
-2.10288e-05
0.000302085
-1.37566e-05
0.000301828
-8.17329e-06
0.000306026
0.00029333
-0.000155573
-9.84143e-05
-0.000179264
-8.84995e-05
-0.000204816
-7.0368e-05
-0.000230741
-4.43306e-05
-0.000254021
-8.90075e-06
-0.000269557
3.74385e-05
-0.000271194
9.46029e-05
-0.000253665
0.000158592
-0.000217256
0.00021936
-0.000170613
0.000263464
-0.000127162
0.000285138
-9.41167e-05
0.000291716
-6.98123e-05
0.000292716
-5.16974e-05
0.00029191
-3.77329e-05
0.000291003
-2.653e-05
0.000290882
-1.7279e-05
0.000292577
-9.53405e-06
0.000298281
0.000283796
-0.000145544
-8.03255e-05
-0.000165371
-6.86728e-05
-0.000186005
-4.97339e-05
-0.000206091
-2.42447e-05
-0.000223342
8.35078e-06
-0.000234279
4.83747e-05
-0.000234739
9.50636e-05
-0.000221304
0.000145157
-0.000194157
0.000192213
-0.00015938
0.000228686
-0.00012565
0.000251409
-9.75917e-05
0.000263658
-7.51018e-05
0.000270226
-5.70781e-05
0.000273886
-4.23834e-05
0.000276308
-3.01086e-05
0.000278607
-1.95996e-05
0.000282068
-1.02633e-05
0.000288945
0.000273533
-0.000134078
-6.49874e-05
-0.000150441
-5.23097e-05
-0.000166841
-3.33339e-05
-0.000182066
-9.01914e-06
-0.000194375
2.06594e-05
-0.000201396
5.5396e-05
-0.000200536
9.42035e-05
-0.00018995
0.000134571
-0.000170142
0.000172405
-0.00014486
0.000203405
-0.000119108
0.000225657
-9.59218e-05
0.000240471
-7.59516e-05
0.000250256
-5.89693e-05
0.000256904
-4.44745e-05
0.000261813
-3.19237e-05
0.000266056
-2.08005e-05
0.000270945
-1.04768e-05
0.000278621
0.000263056
-0.000121785
-5.21272e-05
-0.0001352
-3.88942e-05
-0.000148207
-2.03271e-05
-0.000159801
2.5752e-06
-0.000168598
2.94561e-05
-0.000173048
5.98456e-05
-0.000171577
9.2733e-05
-0.000163256
0.00012625
-0.000148615
0.000157764
-0.000129905
0.000184695
-0.000110026
0.000205778
-9.09947e-05
0.00022144
-7.36543e-05
0.000232915
-5.82022e-05
0.000241452
-4.45032e-05
0.000248114
-3.22522e-05
0.000253805
-2.10451e-05
0.000259738
-1.0288e-05
0.000267864
0.000252768
-0.00010908
-4.14642e-05
-0.000120018
-2.79563e-05
-0.000130368
-9.97729e-06
-0.000139264
1.14713e-05
-0.000145697
3.58885e-05
-0.000148597
6.27464e-05
-0.000147017
9.11527e-05
-0.000140493
0.000119727
-0.000129452
0.000146722
-0.000115262
0.000170505
-9.96715e-05
0.000190188
-8.4065e-05
0.000205834
-6.92331e-05
0.000218083
-5.5519e-05
0.000227738
-4.29615e-05
0.000235557
-3.14009e-05
0.000242245
-2.05226e-05
0.000248859
-9.79967e-06
0.000257141
0.000242969
-9.62788e-05
-3.2738e-05
-0.000105122
-1.91134e-05
-0.00011335
-1.74905e-06
-0.000120247
1.83686e-05
-0.000125061
4.07024e-05
-0.000127045
6.47306e-05
-0.000125603
8.97105e-05
-0.000120496
0.00011462
-0.000112036
0.000138263
-0.000101084
0.000159552
-8.87435e-05
0.000177847
-7.5984e-05
0.000193074
-6.34602e-05
0.000205559
-5.1523e-05
0.000215801
-4.02803e-05
0.000224314
-2.96597e-05
0.000231624
-1.94168e-05
0.000238616
-9.09755e-06
0.000246822
0.000233871
-8.36173e-05
-2.5709e-05
-9.0687e-05
-1.20436e-05
-9.71969e-05
4.76081e-06
-0.000102573
2.37444e-05
-0.000106242
4.4372e-05
-0.000107672
6.61608e-05
-0.000106468
8.85064e-05
-0.000102496
0.000110648
-9.59768e-05
0.000131743
-8.74666e-05
0.000151042
-7.7691e-05
0.000168072
-6.73294e-05
0.000182713
-5.68885e-05
0.000195118
-4.66736e-05
0.000205586
-3.68115e-05
0.000214452
-2.72804e-05
0.000222093
-1.78897e-05
0.000229226
-8.25019e-06
0.000237182
0.000225621
-7.12537e-05
-2.01606e-05
-7.68284e-05
-6.46899e-06
-8.19447e-05
9.87717e-06
-8.61434e-05
2.79431e-05
-8.89814e-05
4.721e-05
-9.00685e-05
6.72479e-05
-8.9132e-05
8.75699e-05
-8.60881e-05
0.000107604
-8.10883e-05
0.000126743
-7.44996e-05
0.000144453
-6.68053e-05
0.000160378
-5.84792e-05
0.000174386
-4.98975e-05
0.000186537
-4.13072e-05
0.000196996
-3.28295e-05
0.000205975
-2.44697e-05
0.000213733
-1.60769e-05
0.000220833
-7.31206e-06
0.000228418
0.000218309
-5.92925e-05
-1.59036e-05
-6.36103e-05
-2.15117e-06
-6.76052e-05
1.3872e-05
-7.08926e-05
3.12305e-05
-7.3119e-05
4.94363e-05
-7.39927e-05
6.81216e-05
-7.33201e-05
8.68974e-05
-7.10444e-05
0.000105328
-6.72666e-05
0.000122966
-6.22287e-05
0.000139415
-5.62533e-05
0.000154402
-4.96665e-05
0.0001678
-4.27401e-05
0.00017961
-3.56641e-05
0.00018992
-2.85429e-05
0.000198853
-2.13917e-05
0.000206582
-1.40875e-05
0.000213529
-6.32716e-06
0.000220657
0.000211982
-4.7847e-05
-1.27644e-05
-5.11089e-05
1.11073e-06
-5.42172e-05
1.69802e-05
-5.68042e-05
3.38176e-05
-5.85728e-05
5.1205e-05
-5.93063e-05
6.88551e-05
-5.88696e-05
8.64606e-05
-5.72244e-05
0.000103683
-5.44375e-05
0.000120179
-5.06673e-05
0.000135645
-4.61266e-05
0.000149861
-4.10362e-05
0.000162709
-3.55867e-05
0.000174161
-2.99173e-05
0.000184251
-2.41091e-05
0.000193045
-1.81758e-05
0.000200649
-1.20123e-05
0.000207366
-5.33749e-06
0.000213983
0.000206644
-3.71044e-05
-1.05486e-05
-3.94996e-05
3.50592e-06
-4.19652e-05
1.94458e-05
-4.40259e-05
3.58782e-05
-4.54304e-05
5.26095e-05
-4.60399e-05
6.94645e-05
-4.57755e-05
8.61962e-05
-4.46193e-05
0.000102527
-4.26176e-05
0.000118177
-3.98734e-05
0.000132901
-3.65249e-05
0.000146513
-3.27175e-05
0.000158902
-2.85796e-05
0.000170023
-2.42071e-05
0.000179878
-1.9655e-05
0.000188493
-1.49261e-05
0.00019592
-9.9212e-06
0.000202361
-4.37627e-06
0.000208438
0.000202268
-2.7295e-05
-8.72419e-06
-2.92354e-05
5.44639e-06
-3.14581e-05
2.16685e-05
-3.31414e-05
3.75615e-05
-3.42088e-05
5.3677e-05
-3.46387e-05
6.98944e-05
-3.44217e-05
8.59792e-05
-3.35678e-05
0.000101673
-3.21165e-05
0.000116726
-3.01367e-05
0.000130921
-2.77173e-05
0.000144093
-2.49524e-05
0.000156137
-2.19264e-05
0.000166997
-1.87036e-05
0.000176655
-1.53195e-05
0.000185109
-1.17671e-05
0.000192368
-7.9427e-06
0.000198536
-3.55315e-06
0.000204048
0.000198715
-1.796e-05
-2.20231e-05
-2.44157e-05
-2.57845e-05
-2.64679e-05
-2.65897e-05
-2.62106e-05
-2.53722e-05
-2.41183e-05
-2.25026e-05
-2.05875e-05
-1.84379e-05
-1.61142e-05
-1.36666e-05
-1.11307e-05
-8.51725e-06
-5.77325e-06
-2.73726e-06
)
;

boundaryField
{
    leftWall
    {
        type            calculated;
        value           uniform 0;
    }
    rightWall
    {
        type            calculated;
        value           uniform 0;
    }
    lowerWall
    {
        type            calculated;
        value           uniform 0;
    }
    atmosphere
    {
        type            calculated;
        value           nonuniform List<scalar> 
46
(
-0.000101784
-0.000129135
-0.000123492
-0.000121029
-0.000119163
-0.000117448
-0.000115725
-0.000113894
-0.000111883
-0.000109637
-0.000107111
-0.000104262
-0.000101052
-9.74377e-05
-9.33747e-05
-8.88129e-05
-8.36944e-05
-7.79509e-05
-7.14971e-05
-6.42195e-05
-5.59544e-05
-4.64523e-05
-3.5347e-05
-1.21829e-05
-9.45915e-06
-7.03205e-06
-4.95739e-06
-4.24821e-06
9.50951e-06
2.40611e-05
3.89303e-05
5.43604e-05
7.00162e-05
8.56e-05
0.000100834
0.000115472
0.000129305
0.000142178
0.000153987
0.000164673
0.000174208
0.000182573
0.000189754
0.000195792
0.000201012
0.000195978
)
;
    }
    defaultFaces
    {
        type            empty;
        value           nonuniform List<scalar> 0();
    }
}


// ************************************************************************* //
