/*--------------------------------*- C++ -*----------------------------------*\
| =========                 |                                                 |
| \\      /  F ield         | OpenFOAM: The Open Source CFD Toolbox           |
|  \\    /   O peration     | Version:  v2012                                 |
|   \\  /    A nd           | Website:  www.openfoam.com                      |
|    \\/     M anipulation  |                                                 |
\*---------------------------------------------------------------------------*/
FoamFile
{
    version     2.0;
    format      ascii;
    class       volVectorField;
    location    "0.3";
    object      U;
}
// * * * * * * * * * * * * * * * * * * * * * * * * * * * * * * * * * * * * * //

dimensions      [0 1 -1 0 0 0 0];


internalField   nonuniform List<vector> 
2268
(
(-0.0478133 0.0149579 0)
(-0.0572185 -0.00519715 0)
(-0.0168903 -0.0178228 0)
(0.0382624 -0.0209929 0)
(0.0991785 -0.021113 0)
(0.159622 -0.0200549 0)
(0.217761 -0.0189062 0)
(0.273473 -0.0179768 0)
(0.327247 -0.0172696 0)
(0.379475 -0.0166866 0)
(0.430177 -0.0160881 0)
(0.478897 -0.0153005 0)
(0.524564 -0.0141001 0)
(0.565297 -0.0121475 0)
(0.597687 -0.00894822 0)
(0.61774 -0.00275314 0)
(0.61262 0.00791873 0)
(0.567149 0.0242148 0)
(0.469797 0.0448232 0)
(0.309867 0.0630576 0)
(0.112571 0.0701311 0)
(-0.161831 0.0179632 0)
(-0.103158 -0.0840629 0)
(-0.0307575 0.0333621 0)
(-0.0137422 -0.0108568 0)
(0.0275847 -0.034828 0)
(0.0816506 -0.0430593 0)
(0.140431 -0.0445621 0)
(0.199303 -0.0434554 0)
(0.256635 -0.0418101 0)
(0.312188 -0.0403403 0)
(0.366166 -0.0391409 0)
(0.418719 -0.038046 0)
(0.469714 -0.0367663 0)
(0.51861 -0.0349203 0)
(0.564334 -0.0319998 0)
(0.605099 -0.0272584 0)
(0.638185 -0.0195784 0)
(0.65931 -0.00669002 0)
(0.666448 0.0141138 0)
(0.652864 0.045103 0)
(0.605251 0.0859103 0)
(0.500148 0.128705 0)
(0.332435 0.156587 0)
(0.0553582 0.113058 0)
(0.029553 -0.0848201 0)
(-0.00681939 0.0367027 0)
(0.0151491 -0.0252827 0)
(0.0582694 -0.0566129 0)
(0.111329 -0.0681464 0)
(0.167977 -0.0704023 0)
(0.224806 -0.0690476 0)
(0.280549 -0.0668215 0)
(0.334956 -0.0647383 0)
(0.388084 -0.062955 0)
(0.439936 -0.0612381 0)
(0.490276 -0.0591614 0)
(0.538516 -0.0561508 0)
(0.583603 -0.0514386 0)
(0.623871 -0.043943 0)
(0.656887 -0.0321007 0)
(0.679081 -0.0136586 0)
(0.686991 0.0146902 0)
(0.676413 0.0565034 0)
(0.64165 0.1136 0)
(0.57053 0.179855 0)
(0.453705 0.233243 0)
(0.235145 0.197654 0)
(0.127445 -0.0248519 0)
(0.00730112 0.0297862 0)
(0.0355475 -0.0418935 0)
(0.0817305 -0.0797711 0)
(0.134771 -0.0938578 0)
(0.189907 -0.0966226 0)
(0.24496 -0.0949749 0)
(0.299142 -0.0922086 0)
(0.352296 -0.0895579 0)
(0.404421 -0.0872103 0)
(0.455429 -0.0848608 0)
(0.505015 -0.0819526 0)
(0.552569 -0.0777326 0)
(0.597074 -0.0711984 0)
(0.636992 -0.0609684 0)
(0.670155 -0.0451118 0)
(0.693554 -0.0210272 0)
(0.703833 0.0147824 0)
(0.697447 0.0661421 0)
(0.670706 0.135735 0)
(0.616886 0.219574 0)
(0.527893 0.297305 0)
(0.35534 0.285112 0)
(0.200532 0.0791265 0)
(0.0133709 0.0174621 0)
(0.0491495 -0.061783 0)
(0.0993986 -0.103996 0)
(0.15326 -0.119598 0)
(0.207501 -0.12251 0)
(0.261157 -0.120537 0)
(0.313976 -0.117328 0)
(0.365966 -0.114222 0)
(0.417121 -0.111395 0)
(0.467305 -0.108465 0)
(0.516176 -0.104757 0)
(0.563116 -0.0993586 0)
(0.607166 -0.0910661 0)
(0.646938 -0.0782453 0)
(0.680533 -0.0586672 0)
(0.705425 -0.0294385 0)
(0.718695 0.0130655 0)
(0.71742 0.0727609 0)
(0.698667 0.152648 0)
(0.657772 0.250388 0)
(0.58534 0.349913 0)
(0.444979 0.373041 0)
(0.260134 0.222658 0)
(0.0160099 0.00205432 0)
(0.0581624 -0.0845825 0)
(0.112396 -0.129327 0)
(0.167373 -0.145314 0)
(0.221082 -0.147892 0)
(0.273647 -0.145488 0)
(0.325324 -0.141889 0)
(0.376294 -0.138421 0)
(0.426575 -0.135199 0)
(0.476006 -0.131755 0)
(0.524226 -0.127304 0)
(0.57063 -0.120799 0)
(0.61433 -0.11087 0)
(0.654106 -0.0956815 0)
(0.688345 -0.0727736 0)
(0.714976 -0.0390282 0)
(0.7316 0.00926684 0)
(0.735932 0.0760436 0)
(0.725613 0.164555 0)
(0.697186 0.274154 0)
(0.639225 0.393824 0)
(0.527288 0.459719 0)
(0.317822 0.399335 0)
(0.0177222 -0.0153053 0)
(0.0644927 -0.109675 0)
(0.121857 -0.15568 0)
(0.177719 -0.171089 0)
(0.230969 -0.17288 0)
(0.282616 -0.169919 0)
(0.333327 -0.165948 0)
(0.383415 -0.162179 0)
(0.432919 -0.158622 0)
(0.481666 -0.154718 0)
(0.529285 -0.149579 0)
(0.575196 -0.142045 0)
(0.618592 -0.130615 0)
(0.658433 -0.113307 0)
(0.693414 -0.0874918 0)
(0.721917 -0.0498891 0)
(0.74209 0.00325515 0)
(0.752333 0.0758449 0)
(0.751042 0.171359 0)
(0.736121 0.290883 0)
(0.69544 0.428642 0)
(0.619702 0.54386 0)
(0.386843 0.60597 0)
(0.0194683 -0.0340457 0)
(0.0693682 -0.136476 0)
(0.128698 -0.182764 0)
(0.184926 -0.196841 0)
(0.2376 -0.1975 0)
(0.288395 -0.193876 0)
(0.338259 -0.189538 0)
(0.387574 -0.185501 0)
(0.436382 -0.181646 0)
(0.484498 -0.177314 0)
(0.531545 -0.171524 0)
(0.576968 -0.163023 0)
(0.620046 -0.150221 0)
(0.659928 -0.131045 0)
(0.695629 -0.102762 0)
(0.725986 -0.0620016 0)
(0.749714 -0.00503212 0)
(0.76594 0.0719426 0)
(0.774108 0.172432 0)
(0.774042 0.298786 0)
(0.756483 0.449592 0)
(0.726919 0.611369 0)
(0.476511 0.882341 0)
(0.00711393 0.00153318 0)
(-0.0630252 0.0229428 0)
(-0.142201 0.0169045 0)
(-0.167892 0.00363408 0)
(-0.157952 -0.00508441 0)
(-0.128742 -0.00986048 0)
(-0.0904195 -0.0114754 0)
(-0.0491875 -0.0115546 0)
(-0.00979765 -0.0103092 0)
(0.024292 -0.0084016 0)
(0.0504027 -0.00596094 0)
(0.0676487 -0.00346038 0)
(0.0760294 -0.00110248 0)
(0.076132 0.000973383 0)
(0.0689595 0.0026843 0)
(0.0561044 0.00395752 0)
(0.0394153 0.00460421 0)
(0.0211251 0.00424187 0)
(0.00558902 0.00267143 0)
(-0.0382973 0.0244359 0)
(-0.116746 0.0497544 0)
(-0.174569 0.0316634 0)
(-0.184968 0.00390766 0)
(-0.168389 -0.0131289 0)
(-0.138015 -0.0229509 0)
(-0.0995407 -0.0267616 0)
(-0.0581936 -0.0271165 0)
(-0.0188455 -0.0245993 0)
(0.0157225 -0.0202636 0)
(0.0429711 -0.0146633 0)
(0.0616676 -0.00867267 0)
(0.0716271 -0.00293055 0)
(0.0733488 0.00216345 0)
(0.0679406 0.00640431 0)
(0.0566989 0.00959238 0)
(0.0413496 0.0114502 0)
(0.0239561 0.0113866 0)
(0.00737275 0.00882225 0)
(-0.0725184 0.0664199 0)
(-0.152097 0.0757111 0)
(-0.189242 0.0412553 0)
(-0.19218 0.00114865 0)
(-0.171936 -0.0230415 0)
(-0.140346 -0.0370658 0)
(-0.101816 -0.0428152 0)
(-0.0608064 -0.0433244 0)
(-0.0219961 -0.0395357 0)
(0.012211 -0.0328007 0)
(0.0394963 -0.024166 0)
(0.0585601 -0.0147419 0)
(0.0691647 -0.00557441 0)
(0.0716298 0.00266484 0)
(0.0669891 0.00952575 0)
(0.0566494 0.0147162 0)
(0.0422591 0.0178694 0)
(0.0257049 0.0183347 0)
(0.00882338 0.0155815 0)
(-0.100733 0.121186 0)
(-0.183636 0.100061 0)
(-0.204068 0.0463955 0)
(-0.198749 -0.00393569 0)
(-0.174197 -0.0342312 0)
(-0.140846 -0.0520715 0)
(-0.101587 -0.0595176 0)
(-0.0604426 -0.0599986 0)
(-0.021785 -0.0548297 0)
(0.0121322 -0.0456391 0)
(0.0392234 -0.0339211 0)
(0.0582503 -0.0210437 0)
(0.068999 -0.0084098 0)
(0.0717577 0.00301549 0)
(0.0674866 0.0125656 0)
(0.0575845 0.019807 0)
(0.0435979 0.0243296 0)
(0.0272901 0.0255424 0)
(0.00994724 0.0232167 0)
(-0.128959 0.188351 0)
(-0.21656 0.122551 0)
(-0.219683 0.0457718 0)
(-0.204392 -0.0119809 0)
(-0.175308 -0.0469398 0)
(-0.139927 -0.0679472 0)
(-0.0993998 -0.0768516 0)
(-0.0575913 -0.0770804 0)
(-0.0186511 -0.0703593 0)
(0.015172 -0.0585982 0)
(0.0419963 -0.0437126 0)
(0.0607216 -0.0273753 0)
(0.0712107 -0.0112791 0)
(0.0738107 0.00332775 0)
(0.069451 0.0155666 0)
(0.0594972 0.0248717 0)
(0.0453943 0.0308101 0)
(0.0288193 0.0329232 0)
(0.0107747 0.0313535 0)
(-0.161067 0.269355 0)
(-0.251021 0.141327 0)
(-0.233483 0.0375829 0)
(-0.206498 -0.0225556 0)
(-0.173924 -0.0606295 0)
(-0.136983 -0.0844076 0)
(-0.0950423 -0.0946073 0)
(-0.0521844 -0.0943859 0)
(-0.0126057 -0.085931 0)
(0.0213238 -0.0714817 0)
(0.0478669 -0.0533433 0)
(0.0660883 -0.0335283 0)
(0.0759613 -0.013988 0)
(0.0779541 0.00377575 0)
(0.0730204 0.0186823 0)
(0.062505 0.0300541 0)
(0.0477739 0.0374487 0)
(0.0304573 0.0405704 0)
(0.0114303 0.0399279 0)
(-0.196777 0.361573 0)
(-0.276311 0.146879 0)
(-0.237042 0.0194331 0)
(-0.199445 -0.0340794 0)
(-0.167548 -0.0741171 0)
(-0.130741 -0.101061 0)
(-0.0877944 -0.112786 0)
(-0.043784 -0.112018 0)
(-0.0033826 -0.101554 0)
(0.0307693 -0.0842011 0)
(0.0570112 -0.0626763 0)
(0.0745422 -0.0393347 0)
(0.0834629 -0.0163515 0)
(0.0844004 0.00455638 0)
(0.0783938 0.0221194 0)
(0.0667928 0.035561 0)
(0.050915 0.0444464 0)
(0.0323946 0.0486408 0)
(0.0120653 0.0489298 0)
(-0.245942 0.549183 0)
(-0.234059 0.117597 0)
(-0.206684 -0.00746291 0)
(-0.17317 -0.0471776 0)
(-0.152172 -0.0887251 0)
(-0.119365 -0.118665 0)
(-0.0767612 -0.131889 0)
(-0.0318773 -0.130615 0)
(0.0095427 -0.117992 0)
(0.0440778 -0.0973842 0)
(0.0699267 -0.0720745 0)
(0.0864476 -0.0448719 0)
(0.0939882 -0.0182485 0)
(0.0933833 0.00590165 0)
(0.0857823 0.0261729 0)
(0.0725603 0.0417309 0)
(0.0550215 0.0521567 0)
(0.0348563 0.0574638 0)
(0.0128917 0.0585094 0)
(0.0226315 -0.0659854 0)
(0.0754614 -0.181021 0)
(0.135879 -0.225909 0)
(0.191744 -0.236889 0)
(0.243317 -0.235443 0)
(0.292907 -0.230704 0)
(0.341683 -0.225794 0)
(0.390031 -0.221362 0)
(0.437961 -0.217057 0)
(0.48526 -0.212066 0)
(0.531543 -0.20528 0)
(0.576288 -0.195337 0)
(0.618897 -0.180572 0)
(0.658811 -0.158866 0)
(0.695551 -0.127436 0)
(0.728652 -0.0828599 0)
(0.757704 -0.0215356 0)
(0.782899 0.0598272 0)
(0.805642 0.164094 0)
(0.829587 0.293645 0)
(0.859023 0.449531 0)
(0.923613 0.635625 0)
(0.998846 0.994484 0)
(0.0274668 -0.113782 0)
(0.0822645 -0.24378 0)
(0.141645 -0.284119 0)
(0.195156 -0.28988 0)
(0.244446 -0.285564 0)
(0.292298 -0.27957 0)
(0.339828 -0.274139 0)
(0.387262 -0.269362 0)
(0.434467 -0.264578 0)
(0.481138 -0.258793 0)
(0.526838 -0.250764 0)
(0.571023 -0.239056 0)
(0.613174 -0.222065 0)
(0.653049 -0.197865 0)
(0.690798 -0.163858 0)
(0.726774 -0.116715 0)
(0.761402 -0.0531865 0)
(0.795763 0.0289308 0)
(0.832588 0.130521 0)
(0.877347 0.250915 0)
(0.938389 0.387075 0)
(1.02563 0.535131 0)
(1.16642 0.717363 0)
(0.0318034 -0.167127 0)
(0.0878082 -0.305897 0)
(0.145694 -0.339049 0)
(0.196069 -0.339462 0)
(0.242593 -0.332967 0)
(0.288465 -0.326478 0)
(0.334618 -0.321112 0)
(0.381031 -0.316371 0)
(0.427372 -0.311344 0)
(0.473212 -0.304916 0)
(0.518027 -0.295739 0)
(0.561174 -0.282336 0)
(0.60208 -0.263308 0)
(0.640676 -0.237224 0)
(0.677671 -0.201949 0)
(0.714121 -0.154239 0)
(0.750938 -0.091019 0)
(0.789383 -0.0111278 0)
(0.831981 0.084395 0)
(0.882941 0.19202 0)
(0.947733 0.305201 0)
(1.02859 0.414628 0)
(1.14356 0.515153 0)
(0.031583 -0.226031 0)
(0.0952499 -0.369242 0)
(0.151949 -0.391523 0)
(0.197697 -0.386263 0)
(0.240427 -0.378619 0)
(0.283641 -0.372705 0)
(0.327839 -0.368171 0)
(0.372608 -0.363906 0)
(0.417336 -0.358845 0)
(0.461453 -0.351827 0)
(0.504369 -0.341385 0)
(0.545343 -0.325965 0)
(0.583651 -0.304459 0)
(0.619194 -0.276263 0)
(0.652986 -0.240114 0)
(0.686643 -0.192874 0)
(0.721578 -0.131349 0)
(0.759325 -0.055102 0)
(0.802211 0.0337667 0)
(0.853203 0.130135 0)
(0.915307 0.227774 0)
(0.990549 0.319495 0)
(1.0866 0.40093 0)
(0.0349872 -0.294423 0)
(0.117726 -0.438132 0)
(0.164586 -0.441953 0)
(0.199869 -0.43045 0)
(0.237061 -0.422906 0)
(0.277031 -0.418215 0)
(0.318755 -0.414498 0)
(0.36116 -0.410243 0)
(0.403346 -0.404392 0)
(0.444638 -0.395866 0)
(0.484404 -0.383215 0)
(0.521914 -0.364882 0)
(0.5565 -0.340091 0)
(0.587968 -0.309168 0)
(0.616952 -0.2719 0)
(0.645041 -0.22517 0)
(0.674768 -0.165566 0)
(0.709038 -0.0934823 0)
(0.750281 -0.0111928 0)
(0.800121 0.0766879 0)
(0.859442 0.163532 0)
(0.929966 0.241597 0)
(1.01476 0.306623 0)
(0.0830559 -0.371995 0)
(0.173248 -0.508736 0)
(0.180439 -0.479007 0)
(0.198082 -0.463444 0)
(0.23018 -0.457644 0)
(0.267798 -0.45371 0)
(0.30725 -0.449547 0)
(0.347178 -0.443614 0)
(0.386796 -0.435467 0)
(0.425176 -0.424287 0)
(0.461452 -0.408449 0)
(0.495003 -0.385988 0)
(0.525449 -0.355842 0)
(0.55221 -0.319275 0)
(0.574207 -0.278736 0)
(0.592325 -0.231554 0)
(0.612049 -0.173399 0)
(0.639727 -0.106689 0)
(0.678543 -0.0321794 0)
(0.730807 0.0474362 0)
(0.798097 0.123669 0)
(0.877836 0.186999 0)
(0.964899 0.2362 0)
(0.236261 -0.521884 0)
(0.262422 -0.556085 0)
(0.185232 -0.457967 0)
(0.191693 -0.465558 0)
(0.225475 -0.466984 0)
(0.264271 -0.460141 0)
(0.302987 -0.45226 0)
(0.341111 -0.44766 0)
(0.378368 -0.441321 0)
(0.41342 -0.432051 0)
(0.445077 -0.418462 0)
(0.47342 -0.399194 0)
(0.500348 -0.373856 0)
(0.527583 -0.342669 0)
(0.550692 -0.303965 0)
(0.564532 -0.257153 0)
(0.577125 -0.2033 0)
(0.591104 -0.141338 0)
(0.616504 -0.0711 0)
(0.662809 0.00187335 0)
(0.733611 0.0804516 0)
(0.829881 0.151555 0)
(0.928243 0.192859 0)
(0.302875 -0.806284 0)
(0.131976 -0.468719 0)
(0.14755 -0.405227 0)
(0.204413 -0.502194 0)
(0.241639 -0.542114 0)
(0.287114 -0.559673 0)
(0.339051 -0.569314 0)
(0.392226 -0.569903 0)
(0.446733 -0.564254 0)
(0.501491 -0.550295 0)
(0.555929 -0.528415 0)
(0.608845 -0.499627 0)
(0.659144 -0.462899 0)
(0.706531 -0.414953 0)
(0.751424 -0.358668 0)
(0.794359 -0.303004 0)
(0.836591 -0.254307 0)
(0.878656 -0.216442 0)
(0.921758 -0.190042 0)
(0.966798 -0.170655 0)
(1.01507 -0.148384 0)
(1.07736 -0.111672 0)
(1.03422 0.019185 0)
(-0.123034 -0.975173 0)
(-0.00518797 -0.505834 0)
(0.110741 -0.481792 0)
(0.207728 -0.561411 0)
(0.275981 -0.599345 0)
(0.336275 -0.606822 0)
(0.394567 -0.603254 0)
(0.450643 -0.594954 0)
(0.504782 -0.58302 0)
(0.557545 -0.566736 0)
(0.60978 -0.545277 0)
(0.661857 -0.51779 0)
(0.713952 -0.48323 0)
(0.766696 -0.440685 0)
(0.821458 -0.39138 0)
(0.879078 -0.338628 0)
(0.939551 -0.285563 0)
(1.00222 -0.234078 0)
(1.06595 -0.183943 0)
(1.12849 -0.131623 0)
(1.18503 -0.0699429 0)
(1.2359 0.00755296 0)
(1.27539 0.084481 0)
(-0.074709 -0.754533 0)
(0.0052914 -0.673258 0)
(0.122241 -0.633375 0)
(0.215246 -0.640085 0)
(0.284674 -0.64874 0)
(0.343209 -0.649877 0)
(0.398331 -0.646299 0)
(0.451522 -0.639575 0)
(0.502976 -0.629534 0)
(0.552973 -0.615095 0)
(0.602035 -0.595182 0)
(0.650754 -0.568879 0)
(0.699924 -0.535671 0)
(0.750876 -0.495791 0)
(0.805082 -0.450719 0)
(0.86376 -0.402321 0)
(0.927301 -0.352995 0)
(0.995233 -0.304207 0)
(1.0667 -0.255988 0)
(1.14065 -0.205863 0)
(1.21584 -0.147923 0)
(1.29717 -0.0724319 0)
(1.39147 0.0232646 0)
(0.00385948 -0.7656 0)
(0.0464578 -0.763361 0)
(0.12946 -0.726923 0)
(0.201992 -0.71509 0)
(0.262807 -0.711498 0)
(0.31624 -0.707218 0)
(0.366269 -0.700891 0)
(0.414356 -0.692201 0)
(0.460843 -0.680422 0)
(0.505927 -0.664535 0)
(0.54994 -0.643621 0)
(0.593447 -0.617055 0)
(0.637387 -0.584728 0)
(0.683134 -0.547296 0)
(0.732077 -0.506136 0)
(0.785697 -0.462808 0)
(0.844941 -0.419179 0)
(0.910393 -0.376273 0)
(0.982342 -0.33392 0)
(1.06137 -0.289889 0)
(1.14869 -0.239778 0)
(1.24941 -0.177523 0)
(1.36647 -0.10107 0)
(0.0198032 -0.79874 0)
(0.0607986 -0.825797 0)
(0.117859 -0.792099 0)
(0.172903 -0.774425 0)
(0.223209 -0.764448 0)
(0.269427 -0.75621 0)
(0.313035 -0.747447 0)
(0.354809 -0.736948 0)
(0.395007 -0.723609 0)
(0.433805 -0.706416 0)
(0.471515 -0.684633 0)
(0.508713 -0.657943 0)
(0.546343 -0.626602 0)
(0.585685 -0.591536 0)
(0.628133 -0.554212 0)
(0.675224 -0.5162 0)
(0.728335 -0.479055 0)
(0.78869 -0.44362 0)
(0.857658 -0.409671 0)
(0.937061 -0.375732 0)
(1.02919 -0.338798 0)
(1.13913 -0.294335 0)
(1.2692 -0.238354 0)
(0.0209288 -0.834716 0)
(0.0558926 -0.87066 0)
(0.0948876 -0.839859 0)
(0.136378 -0.820881 0)
(0.176503 -0.808103 0)
(0.214561 -0.79746 0)
(0.250819 -0.786802 0)
(0.285513 -0.774668 0)
(0.318762 -0.759852 0)
(0.350729 -0.74142 0)
(0.381756 -0.718845 0)
(0.412456 -0.692124 0)
(0.443766 -0.661855 0)
(0.476915 -0.629228 0)
(0.513322 -0.595837 0)
(0.554515 -0.56333 0)
(0.602082 -0.533158 0)
(0.657652 -0.506247 0)
(0.723079 -0.482805 0)
(0.800769 -0.462058 0)
(0.893419 -0.441853 0)
(1.00596 -0.418061 0)
(1.14126 -0.385016 0)
(0.0176883 -0.870177 0)
(0.0433579 -0.900716 0)
(0.0686753 -0.874267 0)
(0.0988936 -0.856229 0)
(0.129367 -0.842575 0)
(0.158997 -0.830619 0)
(0.187518 -0.818601 0)
(0.214864 -0.805124 0)
(0.241062 -0.789058 0)
(0.266287 -0.769627 0)
(0.290929 -0.746546 0)
(0.315643 -0.720106 0)
(0.341373 -0.69121 0)
(0.369317 -0.661293 0)
(0.400865 -0.632098 0)
(0.43753 -0.605387 0)
(0.480915 -0.582703 0)
(0.532742 -0.56517 0)
(0.594987 -0.553389 0)
(0.670092 -0.547195 0)
(0.760628 -0.545061 0)
(0.871054 -0.543041 0)
(1.00497 -0.534258 0)
(0.0113731 -0.896814 0)
(0.0281312 -0.918365 0)
(0.0434113 -0.897808 0)
(0.0640041 -0.88172 0)
(0.0855202 -0.868204 0)
(0.106952 -0.855693 0)
(0.127855 -0.842832 0)
(0.148043 -0.828416 0)
(0.16752 -0.811488 0)
(0.186497 -0.791487 0)
(0.205416 -0.768377 0)
(0.224969 -0.742728 0)
(0.246094 -0.715707 0)
(0.269938 -0.688956 0)
(0.297809 -0.664366 0)
(0.331114 -0.643805 0)
(0.371333 -0.628912 0)
(0.420045 -0.620996 0)
(0.478999 -0.620979 0)
(0.550236 -0.629142 0)
(0.63576 -0.644421 0)
(0.739263 -0.663147 0)
(0.864764 -0.677781 0)
(0.00470588 -0.912651 0)
(0.0134384 -0.927214 0)
(0.0211348 -0.912413 0)
(0.0333878 -0.898422 0)
(0.0468042 -0.885569 0)
(0.0606315 -0.873049 0)
(0.0744183 -0.859841 0)
(0.0879726 -0.844968 0)
(0.101328 -0.827693 0)
(0.114744 -0.807684 0)
(0.128709 -0.785153 0)
(0.143928 -0.760912 0)
(0.161298 -0.736339 0)
(0.181872 -0.71324 0)
(0.206808 -0.693598 0)
(0.237312 -0.679342 0)
(0.27461 -0.672159 0)
(0.319936 -0.673449 0)
(0.374547 -0.684294 0)
(0.43979 -0.705213 0)
(0.516838 -0.735492 0)
(0.608499 -0.771897 0)
(0.718694 -0.806817 0)
(-0.000931847 -0.917729 0)
(0.000851861 -0.930032 0)
(0.00252013 -0.919427 0)
(0.00761287 -0.907383 0)
(0.0139228 -0.895501 0)
(0.0209775 -0.883387 0)
(0.0283949 -0.870288 0)
(0.0360342 -0.855459 0)
(0.0439868 -0.838388 0)
(0.0525643 -0.818973 0)
(0.0622796 -0.797642 0)
(0.0738159 -0.775403 0)
(0.0879864 -0.753783 0)
(0.1057 -0.734682 0)
(0.127899 -0.720113 0)
(0.15551 -0.711991 0)
(0.189395 -0.711964 0)
(0.230311 -0.721386 0)
(0.278882 -0.741313 0)
(0.335645 -0.772327 0)
(0.400885 -0.81401 0)
(0.476575 -0.863786 0)
(0.566229 -0.914693 0)
(-0.00522803 -0.913784 0)
(-0.0090166 -0.92821 0)
(-0.0123409 -0.919976 0)
(-0.0133684 -0.909716 0)
(-0.0130725 -0.898982 0)
(-0.0118302 -0.887582 0)
(-0.00992066 -0.874982 0)
(-0.00740401 -0.860655 0)
(-0.00412361 -0.844305 0)
(0.000272098 -0.826031 0)
(0.00629446 -0.806438 0)
(0.014569 -0.786668 0)
(0.0257826 -0.768331 0)
(0.0406574 -0.753337 0)
(0.0598782 -0.74367 0)
(0.0840374 -0.741145 0)
(0.113586 -0.747273 0)
(0.148754 -0.763225 0)
(0.189515 -0.789879 0)
(0.235622 -0.827748 0)
(0.286519 -0.876684 0)
(0.343368 -0.934996 0)
(0.408955 -0.997184 0)
(-0.00779613 -0.905014 0)
(-0.0162101 -0.920954 0)
(-0.0238854 -0.915124 0)
(-0.029792 -0.906571 0)
(-0.0344431 -0.897061 0)
(-0.0380433 -0.886574 0)
(-0.0407658 -0.874768 0)
(-0.0425894 -0.861315 0)
(-0.043302 -0.846103 0)
(-0.0425338 -0.829395 0)
(-0.0398048 -0.811921 0)
(-0.0345792 -0.794895 0)
(-0.0263184 -0.779938 0)
(-0.0145197 -0.768909 0)
(0.00122903 -0.763685 0)
(0.021187 -0.765916 0)
(0.0453924 -0.77688 0)
(0.0735841 -0.797471 0)
(0.105169 -0.828268 0)
(0.139229 -0.869616 0)
(0.174439 -0.921535 0)
(0.211066 -0.983212 0)
(0.250492 -1.05098 0)
(-0.0093551 -0.892207 0)
(-0.0212272 -0.909837 0)
(-0.032345 -0.906005 0)
(-0.0420689 -0.899023 0)
(-0.050668 -0.890733 0)
(-0.0581891 -0.881272 0)
(-0.0647082 -0.870464 0)
(-0.0701375 -0.858148 0)
(-0.0742305 -0.844364 0)
(-0.0766248 -0.829494 0)
(-0.0768974 -0.814339 0)
(-0.0746254 -0.800124 0)
(-0.0694373 -0.788418 0)
(-0.0610518 -0.780969 0)
(-0.0493221 -0.779487 0)
(-0.0342948 -0.785404 0)
(-0.0162783 -0.799735 0)
(0.00408235 -0.823039 0)
(0.0257478 -0.855519 0)
(0.0473057 -0.897209 0)
(0.0668307 -0.948129 0)
(0.083722 -1.00809 0)
(0.0978262 -1.07505 0)
(-0.010166 -0.876882 0)
(-0.0244338 -0.895817 0)
(-0.0381114 -0.893645 0)
(-0.0507162 -0.888049 0)
(-0.0623623 -0.880918 0)
(-0.0729655 -0.872519 0)
(-0.0825225 -0.862819 0)
(-0.090899 -0.851789 0)
(-0.0978373 -0.839584 0)
(-0.103005 -0.826659 0)
(-0.106055 -0.813837 0)
(-0.106689 -0.802302 0)
(-0.104701 -0.793523 0)
(-0.100017 -0.789091 0)
(-0.0927227 -0.790512 0)
(-0.0831214 -0.79898 0)
(-0.0717919 -0.815218 0)
(-0.0596505 -0.839435 0)
(-0.048 -0.871432 0)
(-0.0385501 -0.910858 0)
(-0.0335654 -0.957553 0)
(-0.0340966 -1.01169 0)
(-0.0417236 -1.07267 0)
(-0.0104272 -0.860105 0)
(-0.0261875 -0.879811 0)
(-0.0416266 -0.878947 0)
(-0.0562979 -0.874516 0)
(-0.0701999 -0.868434 0)
(-0.0831451 -0.86107 0)
(-0.0950704 -0.852499 0)
(-0.105815 -0.842797 0)
(-0.115132 -0.832192 0)
(-0.122735 -0.821172 0)
(-0.128363 -0.810539 0)
(-0.131841 -0.801398 0)
(-0.133118 -0.795078 0)
(-0.132297 -0.792986 0)
(-0.129655 -0.796411 0)
(-0.12569 -0.806307 0)
(-0.121164 -0.823121 0)
(-0.117149 -0.846735 0)
(-0.115061 -0.87656 0)
(-0.116702 -0.911826 0)
(-0.124436 -0.952075 0)
(-0.139457 -0.997662 0)
(-0.164429 -1.04945 0)
(-0.0102985 -0.842718 0)
(-0.0268117 -0.862614 0)
(-0.043335 -0.862683 0)
(-0.0593793 -0.859176 0)
(-0.0748578 -0.853994 0)
(-0.0895055 -0.847581 0)
(-0.103217 -0.840091 0)
(-0.115826 -0.831665 0)
(-0.127107 -0.82257 0)
(-0.136833 -0.813295 0)
(-0.144831 -0.804587 0)
(-0.151039 -0.797442 0)
(-0.15554 -0.79303 0)
(-0.15858 -0.79256 0)
(-0.160584 -0.797105 0)
(-0.162181 -0.807391 0)
(-0.164243 -0.823628 0)
(-0.167903 -0.845417 0)
(-0.174572 -0.871821 0)
(-0.185997 -0.901663 0)
(-0.204435 -0.934128 0)
(-0.231174 -0.969549 0)
(-0.269502 -1.01002 0)
(-0.00991649 -0.825341 0)
(-0.0265977 -0.844878 0)
(-0.0436514 -0.8455 0)
(-0.0604927 -0.842661 0)
(-0.0769759 -0.838207 0)
(-0.0927824 -0.832619 0)
(-0.107781 -0.826099 0)
(-0.12181 -0.818824 0)
(-0.13468 -0.811069 0)
(-0.146225 -0.803293 0)
(-0.156354 -0.796166 0)
(-0.165104 -0.790559 0)
(-0.172669 -0.787471 0)
(-0.179403 -0.787915 0)
(-0.185831 -0.792755 0)
(-0.192669 -0.802522 0)
(-0.200837 -0.817227 0)
(-0.211463 -0.836255 0)
(-0.225877 -0.858386 0)
(-0.245684 -0.882068 0)
(-0.2729 -0.906076 0)
(-0.308899 -0.930498 0)
(-0.357242 -0.95819 0)
(-0.00939069 -0.808405 0)
(-0.0257972 -0.827113 0)
(-0.0429426 -0.827925 0)
(-0.0601146 -0.825497 0)
(-0.0771304 -0.821581 0)
(-0.0936399 -0.816664 0)
(-0.109498 -0.810965 0)
(-0.124557 -0.804664 0)
(-0.138668 -0.798024 0)
(-0.151725 -0.79145 0)
(-0.16371 -0.785521 0)
(-0.174742 -0.780974 0)
(-0.185095 -0.778638 0)
(-0.195202 -0.779335 0)
(-0.205654 -0.783741 0)
(-0.217207 -0.792214 0)
(-0.230793 -0.804618 0)
(-0.247493 -0.820184 0)
(-0.268518 -0.837487 0)
(-0.295279 -0.854662 0)
(-0.329501 -0.870032 0)
(-0.372573 -0.883209 0)
(-0.428164 -0.897206 0)
(-0.00880173 -0.792191 0)
(-0.0246173 -0.809699 0)
(-0.0415179 -0.810373 0)
(-0.0586526 -0.808109 0)
(-0.0758193 -0.804538 0)
(-0.0926537 -0.800122 0)
(-0.109007 -0.795068 0)
(-0.12475 -0.78954 0)
(-0.139776 -0.78376 0)
(-0.154033 -0.778071 0)
(-0.167565 -0.772952 0)
(-0.180552 -0.769003 0)
(-0.193325 -0.766892 0)
(-0.206364 -0.767263 0)
(-0.220294 -0.770619 0)
(-0.235883 -0.777174 0)
(-0.254041 -0.786681 0)
(-0.275788 -0.798276 0)
(-0.302202 -0.810409 0)
(-0.334477 -0.820982 0)
(-0.37403 -0.827878 0)
(-0.422131 -0.830051 0)
(-0.48235 -0.830021 0)
(-0.00820185 -0.776855 0)
(-0.0232193 -0.792904 0)
(-0.0396274 -0.793158 0)
(-0.0564427 -0.790833 0)
(-0.0734568 -0.787422 0)
(-0.0903055 -0.783334 0)
(-0.106842 -0.778743 0)
(-0.12296 -0.773773 0)
(-0.138593 -0.768596 0)
(-0.153735 -0.763479 0)
(-0.168479 -0.7588 0)
(-0.183048 -0.75503 0)
(-0.197807 -0.752685 0)
(-0.213257 -0.752248 0)
(-0.230026 -0.754071 0)
(-0.248869 -0.758245 0)
(-0.270654 -0.76444 0)
(-0.296329 -0.771745 0)
(-0.326841 -0.778557 0)
(-0.363175 -0.78263 0)
(-0.406438 -0.78148 0)
(-0.457657 -0.773355 0)
(-0.519986 -0.759839 0)
(-0.00761691 -0.762472 0)
(-0.0217207 -0.776899 0)
(-0.0374651 -0.77651 0)
(-0.0537514 -0.773929 0)
(-0.0703756 -0.770506 0)
(-0.0869835 -0.766583 0)
(-0.103436 -0.762278 0)
(-0.119651 -0.757662 0)
(-0.135597 -0.752842 0)
(-0.151309 -0.748008 0)
(-0.166916 -0.743438 0)
(-0.182668 -0.739483 0)
(-0.198943 -0.736523 0)
(-0.21624 -0.7349 0)
(-0.235169 -0.734836 0)
(-0.256444 -0.736316 0)
(-0.280877 -0.738955 0)
(-0.309328 -0.741829 0)
(-0.342626 -0.74334 0)
(-0.381562 -0.741188 0)
(-0.426954 -0.732634 0)
(-0.47952 -0.715299 0)
(-0.541763 -0.689695 0)
(-0.00704882 -0.749063 0)
(-0.0201972 -0.761781 0)
(-0.0351739 -0.760584 0)
(-0.0507821 -0.75759 0)
(-0.0668326 -0.754013 0)
(-0.0829892 -0.75011 0)
(-0.0991256 -0.745931 0)
(-0.115185 -0.74148 0)
(-0.131167 -0.736796 0)
(-0.14714 -0.73199 0)
(-0.163259 -0.727246 0)
(-0.179785 -0.722809 0)
(-0.197094 -0.718939 0)
(-0.215665 -0.715857 0)
(-0.236069 -0.713671 0)
(-0.258967 -0.712284 0)
(-0.285092 -0.711271 0)
(-0.315207 -0.709723 0)
(-0.350026 -0.706095 0)
(-0.390164 -0.698119 0)
(-0.436189 -0.682938 0)
(-0.488509 -0.657715 0)
(-0.5489 -0.621972 0)
(-0.00648106 -0.736629 0)
(-0.0186899 -0.747579 0)
(-0.0328534 -0.745474 0)
(-0.0476829 -0.741957 0)
(-0.0630176 -0.738118 0)
(-0.078546 -0.734119 0)
(-0.0941615 -0.729929 0)
(-0.109833 -0.725482 0)
(-0.125591 -0.720745 0)
(-0.141528 -0.715752 0)
(-0.157816 -0.710606 0)
(-0.174716 -0.705458 0)
(-0.192587 -0.700466 0)
(-0.211875 -0.69575 0)
(-0.233102 -0.691325 0)
(-0.256858 -0.687028 0)
(-0.283787 -0.682405 0)
(-0.314549 -0.676583 0)
(-0.349738 -0.668101 0)
(-0.389812 -0.654795 0)
(-0.435126 -0.63382 0)
(-0.48583 -0.602083 0)
(-0.54302 -0.558324 0)
(-0.00589267 -0.725176 0)
(-0.0172175 -0.734278 0)
(-0.0305724 -0.731224 0)
(-0.0445571 -0.727134 0)
(-0.0590624 -0.722968 0)
(-0.073809 -0.718789 0)
(-0.0887189 -0.714482 0)
(-0.103791 -0.709904 0)
(-0.119081 -0.704957 0)
(-0.134703 -0.699605 0)
(-0.150836 -0.69388 0)
(-0.167732 -0.687855 0)
(-0.185723 -0.681605 0)
(-0.205212 -0.675169 0)
(-0.226662 -0.668488 0)
(-0.250585 -0.661347 0)
(-0.277533 -0.653281 0)
(-0.308054 -0.643456 0)
(-0.342624 -0.630518 0)
(-0.381562 -0.612451 0)
(-0.42504 -0.586525 0)
(-0.47302 -0.549576 0)
(-0.52603 -0.499801 0)
(-0.00528555 -0.714698 0)
(-0.0157957 -0.721818 0)
(-0.028384 -0.717845 0)
(-0.0414746 -0.713194 0)
(-0.0550507 -0.708688 0)
(-0.0688747 -0.704285 0)
(-0.0829084 -0.699782 0)
(-0.0971835 -0.694969 0)
(-0.111782 -0.689686 0)
(-0.126832 -0.683841 0)
(-0.142512 -0.677407 0)
(-0.159058 -0.670393 0)
(-0.176769 -0.662812 0)
(-0.195998 -0.654638 0)
(-0.217144 -0.64576 0)
(-0.24064 -0.635925 0)
(-0.266939 -0.624667 0)
(-0.296485 -0.611201 0)
(-0.329638 -0.594287 0)
(-0.36659 -0.572079 0)
(-0.40737 -0.54203 0)
(-0.451801 -0.501039 0)
(-0.499993 -0.446973 0)
(-0.0047146 -0.705158 0)
(-0.0144571 -0.710112 0)
(-0.0263417 -0.705333 0)
(-0.0384811 -0.700208 0)
(-0.0510256 -0.695401 0)
(-0.0637896 -0.690762 0)
(-0.0767864 -0.686011 0)
(-0.0900843 -0.680881 0)
(-0.103788 -0.675164 0)
(-0.118035 -0.668726 0)
(-0.132995 -0.661493 0)
(-0.148885 -0.653428 0)
(-0.165963 -0.644494 0)
(-0.184532 -0.63462 0)
(-0.204926 -0.623656 0)
(-0.227498 -0.61133 0)
(-0.252611 -0.597184 0)
(-0.280605 -0.580488 0)
(-0.311736 -0.560118 0)
(-0.346086 -0.534409 0)
(-0.383571 -0.501027 0)
(-0.423922 -0.457018 0)
(-0.466965 -0.400068 0)
(-0.00426911 -0.696542 0)
(-0.0132441 -0.699078 0)
(-0.0245016 -0.693702 0)
(-0.0355985 -0.688258 0)
(-0.0469927 -0.683229 0)
(-0.0585564 -0.678368 0)
(-0.070364 -0.673334 0)
(-0.0825218 -0.667822 0)
(-0.0951523 -0.661596 0)
(-0.108393 -0.654492 0)
(-0.122403 -0.646407 0)
(-0.137368 -0.637268 0)
(-0.153512 -0.627004 0)
(-0.171083 -0.615508 0)
(-0.190353 -0.602609 0)
(-0.211605 -0.588026 0)
(-0.235116 -0.571319 0)
(-0.261133 -0.551821 0)
(-0.289819 -0.528521 0)
(-0.321167 -0.499934 0)
(-0.355004 -0.463948 0)
(-0.391006 -0.417802 0)
(-0.428842 -0.359083 0)
(-0.00396306 -0.688934 0)
(-0.0121242 -0.688654 0)
(-0.0228967 -0.683003 0)
(-0.0328142 -0.677459 0)
(-0.0429204 -0.672315 0)
(-0.0531413 -0.667254 0)
(-0.0636192 -0.661905 0)
(-0.0744943 -0.655955 0)
(-0.0858983 -0.649158 0)
(-0.0979613 -0.641339 0)
(-0.110821 -0.632376 0)
(-0.124637 -0.622172 0)
(-0.139589 -0.61063 0)
(-0.155881 -0.597621 0)
(-0.173729 -0.58296 0)
(-0.19335 -0.566367 0)
(-0.214951 -0.547431 0)
(-0.2387 -0.525545 0)
(-0.264679 -0.499814 0)
(-0.29281 -0.468924 0)
(-0.322854 -0.430983 0)
(-0.354452 -0.383432 0)
(-0.387197 -0.323816 0)
(-0.00376429 -0.682219 0)
(-0.0109116 -0.678647 0)
(-0.0215256 -0.673297 0)
(-0.0300796 -0.667964 0)
(-0.0387447 -0.662823 0)
(-0.0474855 -0.657575 0)
(-0.0565105 -0.651875 0)
(-0.0659841 -0.645431 0)
(-0.0760347 -0.638014 0)
(-0.0867747 -0.62945 0)
(-0.0983172 -0.619606 0)
(-0.110789 -0.608369 0)
(-0.124334 -0.595624 0)
(-0.139113 -0.581227 0)
(-0.155295 -0.564984 0)
(-0.173047 -0.546624 0)
(-0.192517 -0.525769 0)
(-0.213813 -0.501876 0)
(-0.236954 -0.47416 0)
(-0.261808 -0.44147 0)
(-0.288084 -0.402122 0)
(-0.315394 -0.35376 0)
(-0.343289 -0.293918 0)
(-0.00435362 -0.67566 0)
(-0.00957205 -0.668516 0)
(-0.0204583 -0.664594 0)
(-0.0273462 -0.659912 0)
(-0.0343893 -0.654888 0)
(-0.0415229 -0.649444 0)
(-0.0489957 -0.643343 0)
(-0.0569751 -0.636356 0)
(-0.0655692 -0.628285 0)
(-0.0748631 -0.618967 0)
(-0.0849405 -0.608264 0)
(-0.095897 -0.59605 0)
(-0.107844 -0.582194 0)
(-0.120907 -0.56654 0)
(-0.135219 -0.548893 0)
(-0.150909 -0.528993 0)
(-0.168085 -0.506495 0)
(-0.186813 -0.480924 0)
(-0.207078 -0.451602 0)
(-0.228712 -0.41753 0)
(-0.251388 -0.377224 0)
(-0.274685 -0.328523 0)
(-0.298115 -0.268972 0)
(-0.00848538 -0.669011 0)
(-0.00880131 -0.657838 0)
(-0.0199577 -0.656952 0)
(-0.0245928 -0.653397 0)
(-0.0297796 -0.648529 0)
(-0.035197 -0.642832 0)
(-0.04105 -0.636269 0)
(-0.0474698 -0.628699 0)
(-0.0545252 -0.619962 0)
(-0.0622648 -0.609908 0)
(-0.0707416 -0.598395 0)
(-0.0800228 -0.585283 0)
(-0.0901925 -0.570426 0)
(-0.101349 -0.553657 0)
(-0.113598 -0.534778 0)
(-0.127044 -0.513544 0)
(-0.141777 -0.48964 0)
(-0.157848 -0.462657 0)
(-0.175232 -0.432018 0)
(-0.193765 -0.39688 0)
(-0.213112 -0.355954 0)
(-0.232829 -0.30728 0)
(-0.252362 -0.248442 0)
(-0.0210596 -0.663733 0)
(-0.00923754 -0.64832 0)
(-0.0202464 -0.651297 0)
(-0.0217778 -0.648923 0)
(-0.024837 -0.643996 0)
(-0.0284689 -0.637864 0)
(-0.0326767 -0.630734 0)
(-0.0375021 -0.622537 0)
(-0.0429555 -0.613139 0)
(-0.0490443 -0.60239 0)
(-0.0557913 -0.590136 0)
(-0.0632396 -0.576222 0)
(-0.0714511 -0.560484 0)
(-0.0805033 -0.542742 0)
(-0.0904841 -0.522794 0)
(-0.101485 -0.5004 0)
(-0.113591 -0.475275 0)
(-0.126863 -0.447059 0)
(-0.141307 -0.415273 0)
(-0.156811 -0.379222 0)
(-0.173106 -0.337829 0)
(-0.189779 -0.289372 0)
(-0.206219 -0.231541 0)
(-0.0476664 -0.655973 0)
(-0.00911924 -0.646631 0)
(-0.0209119 -0.650816 0)
(-0.0187273 -0.648279 0)
(-0.0194265 -0.642577 0)
(-0.0212802 -0.635636 0)
(-0.0238873 -0.627771 0)
(-0.0271289 -0.618903 0)
(-0.030945 -0.60887 0)
(-0.0353026 -0.597493 0)
(-0.0401996 -0.584596 0)
(-0.0456598 -0.569997 0)
(-0.0517276 -0.553514 0)
(-0.0584629 -0.53495 0)
(-0.065938 -0.51409 0)
(-0.0742346 -0.490691 0)
(-0.0834402 -0.464475 0)
(-0.0936397 -0.435113 0)
(-0.104898 -0.402191 0)
(-0.117217 -0.365135 0)
(-0.130491 -0.323076 0)
(-0.144486 -0.274586 0)
(-0.158716 -0.217563 0)
(-0.0931885 -0.624468 0)
(-0.00608619 -0.661826 0)
(-0.0199567 -0.658008 0)
(-0.0145542 -0.651951 0)
(-0.0131039 -0.644437 0)
(-0.0134419 -0.636368 0)
(-0.0146482 -0.62773 0)
(-0.0164114 -0.618281 0)
(-0.0186152 -0.607766 0)
(-0.0212042 -0.59595 0)
(-0.0241612 -0.582617 0)
(-0.0274956 -0.567564 0)
(-0.0312355 -0.550582 0)
(-0.0354219 -0.531455 0)
(-0.0401081 -0.50995 0)
(-0.0453596 -0.485809 0)
(-0.0512564 -0.45874 0)
(-0.0578955 -0.428408 0)
(-0.0653927 -0.394404 0)
(-0.0738725 -0.356199 0)
(-0.0834544 -0.313037 0)
(-0.0942083 -0.263752 0)
(-0.106091 -0.206641 0)
(-0.128834 -0.552176 0)
(-0.00257386 -0.68679 0)
(-0.0116488 -0.662649 0)
(-0.00666253 -0.650789 0)
(-0.00502985 -0.640988 0)
(-0.00476781 -0.631824 0)
(-0.0050247 -0.622562 0)
(-0.00554398 -0.612694 0)
(-0.00624342 -0.601843 0)
(-0.00708787 -0.589722 0)
(-0.00806592 -0.576089 0)
(-0.00917943 -0.560723 0)
(-0.0104385 -0.543407 0)
(-0.0118589 -0.523917 0)
(-0.0134622 -0.502011 0)
(-0.0152775 -0.477422 0)
(-0.0173449 -0.449843 0)
(-0.0197223 -0.418915 0)
(-0.0224968 -0.384189 0)
(-0.0258015 -0.345069 0)
(-0.029853 -0.300698 0)
(-0.0350276 -0.249773 0)
(-0.0420093 -0.190436 0)
(1.02248 0.850573 0)
(0.730567 0.598384 0)
(0.35588 0.327115 0)
(0.160004 0.138557 0)
(1.31464 0.791411 0)
(1.31535 0.766021 0)
(1.22377 0.683984 0)
(1.11269 0.580696 0)
(1.26174 0.588624 0)
(1.33989 0.632632 0)
(1.39301 0.657337 0)
(1.41171 0.651562 0)
(1.17434 0.460674 0)
(1.23609 0.498868 0)
(1.29785 0.535338 0)
(1.35436 0.564409 0)
(1.0861 0.351712 0)
(1.13383 0.38022 0)
(1.18353 0.411422 0)
(1.2348 0.443089 0)
(1.03082 0.273351 0)
(1.07 0.298921 0)
(1.10772 0.326207 0)
(1.14746 0.353262 0)
(0.992563 0.22037 0)
(1.02768 0.241207 0)
(1.06096 0.263331 0)
(1.0963 0.285249 0)
(1.01764 0.121018 0)
(1.01924 0.17383 0)
(1.03299 0.21298 0)
(1.05893 0.243221 0)
(1.31212 0.113889 0)
(1.32522 0.112951 0)
(1.33578 0.0988768 0)
(1.34198 0.0836837 0)
(1.47006 0.0908374 0)
(1.51052 0.128483 0)
(1.54476 0.160789 0)
(1.57126 0.189212 0)
(1.46679 -0.0397165 0)
(1.5269 0.00159439 0)
(1.5878 0.0454186 0)
(1.64485 0.0944568 0)
(1.38171 -0.185859 0)
(1.45226 -0.145833 0)
(1.52712 -0.0991014 0)
(1.60197 -0.0427116 0)
(1.25869 -0.346619 0)
(1.33424 -0.31268 0)
(1.41594 -0.267891 0)
(1.50031 -0.208412 0)
(1.12078 -0.512428 0)
(1.19668 -0.48727 0)
(1.28007 -0.448213 0)
(1.36787 -0.390553 0)
(0.971858 -0.673143 0)
(1.04329 -0.658687 0)
(1.12317 -0.629301 0)
(1.20908 -0.579709 0)
(0.810936 -0.818288 0)
(0.873775 -0.815341 0)
(0.94535 -0.798387 0)
(1.02452 -0.762039 0)
(0.639714 -0.940674 0)
(0.691398 -0.949644 0)
(0.751945 -0.947009 0)
(0.820917 -0.927251 0)
(0.460894 -1.03602 0)
(0.499132 -1.05725 0)
(0.54559 -1.07102 0)
(0.600852 -1.07165 0)
(0.278411 -1.09905 0)
(0.30001 -1.13031 0)
(0.327498 -1.15854 0)
(0.36358 -1.17792 0)
(0.102687 -1.12673 0)
(0.107629 -1.16338 0)
(0.115804 -1.20025 0)
(0.13052 -1.2305 0)
(-0.0559615 -1.12284 0)
(-0.0645257 -1.16131 0)
(-0.0704918 -1.20315 0)
(-0.0724686 -1.24214 0)
(-0.192961 -1.09523 0)
(-0.211679 -1.13395 0)
(-0.228634 -1.17986 0)
(-0.243168 -1.22706 0)
(-0.309069 -1.04909 0)
(-0.335873 -1.08617 0)
(-0.362353 -1.13375 0)
(-0.387738 -1.18741 0)
(-0.405028 -0.988271 0)
(-0.438115 -1.02162 0)
(-0.47223 -1.06817 0)
(-0.506114 -1.12485 0)
(-0.481782 -0.916457 0)
(-0.519615 -0.943959 0)
(-0.559736 -0.986714 0)
(-0.601196 -1.04166 0)
(-0.539197 -0.83686 0)
(-0.579885 -0.856498 0)
(-0.623869 -0.892442 0)
(-0.670928 -0.940758 0)
(-0.577335 -0.753823 0)
(-0.618602 -0.764431 0)
(-0.663646 -0.791346 0)
(-0.713093 -0.829804 0)
(-0.597215 -0.671739 0)
(-0.637025 -0.673337 0)
(-0.680573 -0.690413 0)
(-0.728984 -0.717904 0)
(-0.600768 -0.593892 0)
(-0.63772 -0.587448 0)
(-0.678042 -0.595162 0)
(-0.722941 -0.612257 0)
(-0.590338 -0.522263 0)
(-0.623712 -0.509204 0)
(-0.659902 -0.508817 0)
(-0.700078 -0.516951 0)
(-0.568385 -0.457795 0)
(-0.597951 -0.43959 0)
(-0.629741 -0.432608 0)
(-0.664857 -0.433433 0)
(-0.537309 -0.400739 0)
(-0.563117 -0.378657 0)
(-0.590622 -0.366446 0)
(-0.620817 -0.361422 0)
(-0.499333 -0.350981 0)
(-0.521555 -0.326052 0)
(-0.545035 -0.309749 0)
(-0.570658 -0.300023 0)
(-0.456483 -0.308266 0)
(-0.475353 -0.281314 0)
(-0.495116 -0.261877 0)
(-0.516572 -0.248398 0)
(-0.410444 -0.272148 0)
(-0.426232 -0.243838 0)
(-0.442623 -0.222066 0)
(-0.460331 -0.205653 0)
(-0.362549 -0.24201 0)
(-0.375546 -0.212869 0)
(-0.388926 -0.189419 0)
(-0.403301 -0.170773 0)
(-0.313824 -0.217251 0)
(-0.324331 -0.187687 0)
(-0.335045 -0.163079 0)
(-0.346476 -0.142774 0)
(-0.265017 -0.197299 0)
(-0.273367 -0.167641 0)
(-0.281755 -0.14231 0)
(-0.2906 -0.120831 0)
(-0.216521 -0.181364 0)
(-0.223165 -0.151946 0)
(-0.229672 -0.126344 0)
(-0.236361 -0.104199 0)
(-0.167794 -0.168358 0)
(-0.173546 -0.139431 0)
(-0.179043 -0.114053 0)
(-0.184461 -0.0919544 0)
(-0.115064 -0.157973 0)
(-0.121236 -0.129467 0)
(-0.12767 -0.104506 0)
(-0.133504 -0.0825969 0)
(-0.0488314 -0.139489 0)
(-0.0542199 -0.108892 0)
(-0.0601816 -0.0819561 0)
(-0.0673892 -0.0594304 0)
(0.214618 0.230365 0)
(0.333816 0.301801 0)
(-0.0165998 -0.0255511 0)
(-0.0684685 -0.0841192 0)
(-0.093647 -0.118448 0)
(-0.0823754 -0.148706 0)
(-0.0488717 -0.162478 0)
(-0.00657057 -0.159813 0)
(0.0348832 -0.143488 0)
(0.0695553 -0.117342 0)
(0.0946163 -0.0856598 0)
(0.109313 -0.0521204 0)
(0.114281 -0.0196528 0)
(0.110743 0.00959271 0)
(0.100069 0.03413 0)
(0.0836779 0.0530749 0)
(0.0629188 0.0660648 0)
(0.0396344 0.0732593 0)
(0.0147115 0.075366 0)
(0.95001 0.454462 0)
(0.800062 0.324655 0)
(0.710824 0.275907 0)
(0.377502 0.133212 0)
(0.176876 -0.0913757 0)
(0.0674533 -0.165979 0)
(0.0373719 -0.194695 0)
(0.051106 -0.196223 0)
(0.0822895 -0.177455 0)
(0.113825 -0.144127 0)
(0.136563 -0.102834 0)
(0.147877 -0.0596551 0)
(0.148371 -0.0186128 0)
(0.139725 0.0178206 0)
(0.123729 0.0481762 0)
(0.102001 0.07168 0)
(0.0759999 0.0880984 0)
(0.0477291 0.0977384 0)
(0.0179499 0.10119 0)
(1.36402 0.591681 0)
(1.24905 0.509951 0)
(1.11067 0.41638 0)
(0.976272 0.32666 0)
(0.732914 0.240074 0)
(0.417548 -0.00428582 0)
(0.240014 -0.157948 0)
(0.165838 -0.206156 0)
(0.157076 -0.201227 0)
(0.173726 -0.166334 0)
(0.190203 -0.116347 0)
(0.196108 -0.0627306 0)
(0.190478 -0.012341 0)
(0.175186 0.0316569 0)
(0.152425 0.0678932 0)
(0.124049 0.0958646 0)
(0.0916331 0.11559 0)
(0.0572923 0.127602 0)
(0.0216461 0.132562 0)
(1.41857 0.580207 0)
(1.43069 0.569754 0)
(1.36912 0.538774 0)
(1.26899 0.480075 0)
(1.1486 0.394584 0)
(0.932532 0.281271 0)
(0.6078 0.0762323 0)
(0.38917 -0.122299 0)
(0.286895 -0.189293 0)
(0.260804 -0.174827 0)
(0.260249 -0.122489 0)
(0.256405 -0.0592827 0)
(0.241797 0.00077324 0)
(0.217622 0.0524685 0)
(0.186283 0.094447 0)
(0.149774 0.126618 0)
(0.10968 0.149399 0)
(0.0681424 0.163636 0)
(0.0257045 0.170089 0)
(1.32005 0.486552 0)
(1.41344 0.533256 0)
(1.44808 0.560736 0)
(1.41841 0.563401 0)
(1.34322 0.527217 0)
(1.23608 0.452021 0)
(1.0212 0.316617 0)
(0.720177 0.114425 0)
(0.498766 -0.0859451 0)
(0.391014 -0.146741 0)
(0.35293 -0.112346 0)
(0.330759 -0.0449422 0)
(0.30284 0.0235537 0)
(0.266824 0.0823432 0)
(0.224832 0.129397 0)
(0.1787 0.165135 0)
(0.129792 0.190485 0)
(0.0801059 0.206626 0)
(0.0301015 0.21434 0)
(1.21903 0.392821 0)
(1.32787 0.449134 0)
(1.41491 0.514586 0)
(1.4524 0.570338 0)
(1.43167 0.593881 0)
(1.3675 0.566376 0)
(1.26564 0.494007 0)
(1.03455 0.349739 0)
(0.774165 0.129293 0)
(0.575072 -0.0466874 0)
(0.475005 -0.0695976 0)
(0.421027 -0.0125474 0)
(0.373297 0.0598948 0)
(0.321794 0.123774 0)
(0.266936 0.174407 0)
(0.209849 0.212553 0)
(0.15129 0.239674 0)
(0.0928258 0.257233 0)
(0.0347337 0.265866 0)
(1.16036 0.317058 0)
(1.26587 0.381951 0)
(1.36229 0.455029 0)
(1.43279 0.535558 0)
(1.45317 0.606123 0)
(1.42329 0.630868 0)
(1.36169 0.602143 0)
(1.2448 0.520873 0)
(1.01017 0.349618 0)
(0.790483 0.132619 0)
(0.626798 0.025494 0)
(0.52734 0.048508 0)
(0.451581 0.115093 0)
(0.380534 0.179568 0)
(0.310755 0.23104 0)
(0.241743 0.269746 0)
(0.173141 0.297469 0)
(0.105723 0.315793 0)
(0.0394049 0.32496 0)
(1.1191 0.267282 0)
(1.22004 0.307948 0)
(1.33226 0.390017 0)
(1.4208 0.496819 0)
(1.45573 0.596245 0)
(1.44153 0.663323 0)
(1.39761 0.669972 0)
(1.33188 0.634711 0)
(1.17385 0.520676 0)
(0.966205 0.325624 0)
(0.786052 0.170109 0)
(0.642734 0.146598 0)
(0.533218 0.194473 0)
(0.439547 0.252296 0)
(0.353656 0.300419 0)
(0.272452 0.337109 0)
(0.194027 0.363911 0)
(0.118039 0.382207 0)
(0.0438645 0.391502 0)
(1.32869 0.0829398 0)
(1.24017 0.183599 0)
(1.31466 0.297537 0)
(1.4222 0.450628 0)
(1.46248 0.590626 0)
(1.44614 0.685607 0)
(1.40447 0.719796 0)
(1.35369 0.707262 0)
(1.25677 0.64746 0)
(1.07592 0.488761 0)
(0.91308 0.33207 0)
(0.750586 0.276698 0)
(0.609894 0.299386 0)
(0.493723 0.342928 0)
(0.392286 0.382666 0)
(0.299729 0.4143 0)
(0.212467 0.43845 0)
(0.128921 0.45587 0)
(0.0478156 0.464915 0)
(1.59752 0.223049 0)
(1.58939 0.198238 0)
(1.51733 0.146596 0)
(1.45689 0.364941 0)
(1.46644 0.597293 0)
(1.44081 0.716922 0)
(1.39258 0.768058 0)
(1.34556 0.764856 0)
(1.27931 0.739616 0)
(1.12936 0.617244 0)
(0.99142 0.48404 0)
(0.832188 0.423335 0)
(0.671408 0.425031 0)
(0.537136 0.449586 0)
(0.423028 0.476354 0)
(0.321294 0.500005 0)
(0.227017 0.519863 0)
(0.137531 0.535634 0)
(0.0509729 0.544135 0)
(1.72333 0.182527 0)
(1.80057 0.290869 0)
(1.77707 0.3049 0)
(1.53505 0.430805 0)
(1.46664 0.634783 0)
(1.41914 0.764341 0)
(1.36555 0.817908 0)
(1.31876 0.819647 0)
(1.26973 0.811301 0)
(1.1521 0.725252 0)
(1.03057 0.620639 0)
(0.880506 0.5748 0)
(0.709968 0.563561 0)
(0.564842 0.56771 0)
(0.44281 0.578429 0)
(0.335253 0.591925 0)
(0.236504 0.606275 0)
(0.143188 0.619855 0)
(0.0530908 0.627635 0)
(1.71332 0.0642601 0)
(1.84107 0.260279 0)
(1.89181 0.442454 0)
(1.60536 0.584176 0)
(1.46282 0.724569 0)
(1.38142 0.829719 0)
(1.3232 0.869306 0)
(1.27743 0.865912 0)
(1.23655 0.863632 0)
(1.14177 0.807866 0)
(1.03743 0.742959 0)
(0.892527 0.725037 0)
(0.72068 0.707237 0)
(0.573623 0.691172 0)
(0.449721 0.684605 0)
(0.340464 0.687011 0)
(0.240249 0.695338 0)
(0.1455 0.706534 0)
(0.0540159 0.713579 0)
(1.63182 -0.087152 0)
(1.79186 0.181566 0)
(1.88695 0.514841 0)
(1.65949 0.752386 0)
(1.44399 0.848914 0)
(1.32937 0.914409 0)
(1.26803 0.924694 0)
(1.22507 0.907573 0)
(1.18966 0.90508 0)
(1.1077 0.874147 0)
(1.01501 0.858493 0)
(0.868541 0.872547 0)
(0.702893 0.848737 0)
(0.563095 0.81314 0)
(0.443504 0.790004 0)
(0.336816 0.781875 0)
(0.238207 0.784501 0)
(0.144436 0.793525 0)
(0.0537304 0.79999 0)
(1.51244 -0.262588 0)
(1.69312 0.0808009 0)
(1.81136 0.562348 0)
(1.60398 0.922195 0)
(1.37757 1.01073 0)
(1.2653 1.00817 0)
(1.20522 0.981054 0)
(1.16666 0.948332 0)
(1.13687 0.943655 0)
(1.06357 0.933924 0)
(0.966884 0.976543 0)
(0.811396 1.01609 0)
(0.660595 0.981233 0)
(0.535668 0.927047 0)
(0.425674 0.889983 0)
(0.325286 0.873284 0)
(0.230993 0.871331 0)
(0.14034 0.878779 0)
(0.0523486 0.884936 0)
(1.35568 -0.458856 0)
(1.55304 -0.0331611 0)
(1.67863 0.615768 0)
(1.46234 1.07519 0)
(1.28724 1.15562 0)
(1.19973 1.09389 0)
(1.14466 1.03394 0)
(1.11348 0.985899 0)
(1.09342 0.977275 0)
(1.01721 0.99624 0)
(0.887105 1.10605 0)
(0.726351 1.15275 0)
(0.600419 1.09797 0)
(0.495875 1.02749 0)
(0.399211 0.980875 0)
(0.307788 0.958642 0)
(0.219796 0.953829 0)
(0.13388 0.960579 0)
(0.050094 0.966764 0)
(1.15551 -0.661646 0)
(1.37612 -0.145731 0)
(1.49987 0.676974 0)
(1.30821 1.18797 0)
(1.21526 1.25095 0)
(1.14789 1.16655 0)
(1.09821 1.07674 0)
(1.06968 1.01431 0)
(1.05828 1.01943 0)
(0.938584 1.09279 0)
(0.764364 1.25296 0)
(0.622443 1.27279 0)
(0.530943 1.19184 0)
(0.449616 1.11081 0)
(0.368083 1.06047 0)
(0.286856 1.03633 0)
(0.206188 1.03068 0)
(0.125933 1.03773 0)
(0.0472613 1.04429 0)
(0.932025 -0.853594 0)
(1.18898 -0.293231 0)
(1.30905 0.712717 0)
(1.20333 1.22826 0)
(1.16396 1.31129 0)
(1.1159 1.22951 0)
(1.06485 1.10543 0)
(1.01401 1.02221 0)
(0.974937 1.104 0)
(0.815093 1.25296 0)
(0.621723 1.39715 0)
(0.52173 1.36231 0)
(0.464062 1.25881 0)
(0.404187 1.1763 0)
(0.336789 1.12845 0)
(0.265267 1.10596 0)
(0.191851 1.1014 0)
(0.117416 1.10969 0)
(0.0441584 1.1169 0)
(0.70496 -1.03368 0)
(0.92581 -0.54992 0)
(1.16344 0.738841 0)
(1.12994 1.22675 0)
(1.12059 1.34758 0)
(1.0895 1.28526 0)
(1.02508 1.1314 0)
(0.860176 1.02062 0)
(0.787139 1.18741 0)
(0.648132 1.42676 0)
(0.498885 1.50889 0)
(0.443677 1.41694 0)
(0.410789 1.30219 0)
(0.366296 1.22697 0)
(0.309318 1.18653 0)
(0.245418 1.16837 0)
(0.178184 1.16632 0)
(0.109064 1.17647 0)
(0.0410308 1.18447 0)
(0.445318 -1.17002 0)
(0.452923 -0.772961 0)
(0.969511 0.802927 0)
(1.01342 1.20823 0)
(1.06321 1.34449 0)
(1.03842 1.37496 0)
(0.964281 1.27482 0)
(0.737698 1.12173 0)
(0.56995 1.28349 0)
(0.491604 1.55304 0)
(0.426287 1.57344 0)
(0.400113 1.44399 0)
(0.378146 1.33092 0)
(0.340142 1.26872 0)
(0.288084 1.23814 0)
(0.228681 1.22547 0)
(0.165925 1.22643 0)
(0.101226 1.23855 0)
(0.0379924 1.2472 0)
(0.16963 -1.23464 0)
(0.0723361 -0.923607 0)
(0.669214 0.416107 0)
(0.894016 1.04026 0)
(0.992035 1.3162 0)
(0.996855 1.43165 0)
(0.926167 1.44856 0)
(0.770941 1.36115 0)
(0.47978 1.37428 0)
(0.436927 1.61416 0)
(0.429732 1.60285 0)
(0.401069 1.46092 0)
(0.369988 1.35772 0)
(0.326954 1.30927 0)
(0.273292 1.28773 0)
(0.214933 1.27971 0)
(0.154859 1.28302 0)
(0.0937196 1.29657 0)
(0.0349763 1.30535 0)
(-0.0759796 -1.25588 0)
(-0.113188 -1.00448 0)
(0.155979 -0.160806 0)
(0.756832 0.835215 0)
(0.877308 1.25505 0)
(0.943988 1.44574 0)
(0.916238 1.54735 0)
(0.824245 1.51379 0)
(0.600038 1.484 0)
(0.499845 1.65639 0)
(0.50203 1.63502 0)
(0.443149 1.49265 0)
(0.383138 1.39772 0)
(0.323299 1.35718 0)
(0.262201 1.33981 0)
(0.202235 1.33335 0)
(0.143693 1.33715 0)
(0.0857985 1.35089 0)
(0.0317283 1.3589 0)
(-0.265606 -1.25725 0)
(-0.278739 -1.06457 0)
(-0.196439 -0.481666 0)
(0.533516 0.548529 0)
(0.735401 1.1111 0)
(0.866188 1.41891 0)
(0.899296 1.5753 0)
(0.870364 1.63336 0)
(0.779134 1.62893 0)
(0.649837 1.68749 0)
(0.600831 1.70098 0)
(0.500762 1.56303 0)
(0.402663 1.46446 0)
(0.319512 1.41918 0)
(0.248739 1.39737 0)
(0.186835 1.38751 0)
(0.130175 1.38902 0)
(0.0762657 1.40123 0)
(0.0278649 1.40726 0)
(-0.429402 -1.23618 0)
(-0.458325 -1.11073 0)
(-0.375427 -0.698839 0)
(-0.116024 -0.0346908 0)
(0.518723 0.829157 0)
(0.731959 1.31123 0)
(0.843402 1.55218 0)
(0.869071 1.65888 0)
(0.857265 1.6952 0)
(0.774176 1.74492 0)
(0.650849 1.79489 0)
(0.517314 1.67218 0)
(0.398234 1.55918 0)
(0.299688 1.49504 0)
(0.224334 1.45935 0)
(0.163947 1.44096 0)
(0.111657 1.4374 0)
(0.0638077 1.44631 0)
(0.0229775 1.44911 0)
(-0.563504 -1.18883 0)
(-0.620249 -1.12976 0)
(-0.556806 -0.847545 0)
(-0.296419 -0.29876 0)
(0.133527 0.373021 0)
(0.520218 1.09827 0)
(0.722707 1.46504 0)
(0.799103 1.62902 0)
(0.824523 1.72667 0)
(0.793765 1.84334 0)
(0.599829 1.91282 0)
(0.449238 1.79979 0)
(0.341576 1.6646 0)
(0.24914 1.57372 0)
(0.181542 1.51921 0)
(0.129664 1.48961 0)
(0.0861784 1.47945 0)
(0.0475391 1.48398 0)
(0.016797 1.48223 0)
(-0.674622 -1.11263 0)
(-0.771478 -1.1056 0)
(-0.790084 -0.946195 0)
(-0.633894 -0.568358 0)
(-0.364241 0.0362695 0)
(0.173717 0.729263 0)
(0.505599 1.31568 0)
(0.652436 1.55818 0)
(0.652226 1.72839 0)
(0.638091 1.94687 0)
(0.42381 2.06967 0)
(0.293803 1.91839 0)
(0.227218 1.75313 0)
(0.164317 1.63774 0)
(0.118533 1.5669 0)
(0.0831725 1.52747 0)
(0.0536728 1.51122 0)
(0.0273884 1.51153 0)
(0.0090784 1.50439 0)
(-0.756995 -1.0076 0)
(-0.888793 -1.02216 0)
(-0.99358 -0.94247 0)
(-0.999273 -0.715296 0)
(-0.853931 -0.281333 0)
(-0.536627 0.363601 0)
(-0.139149 1.03677 0)
(0.247094 1.45928 0)
(0.31183 1.70257 0)
(0.250131 2.02075 0)
(0.0890694 2.20299 0)
(0.0773003 1.98835 0)
(0.0710208 1.79881 0)
(0.0539897 1.67148 0)
(0.0400648 1.59312 0)
(0.0274525 1.54882 0)
(0.0163744 1.52899 0)
(0.00416203 1.52686 0)
(-0.000632269 1.51353 0)
(-0.805124 -0.883997 0)
(-0.955228 -0.893717 0)
(-1.11253 -0.840826 0)
(-1.24356 -0.695691 0)
(-1.28653 -0.400662 0)
(-1.17359 0.0881453 0)
(-0.935551 0.686497 0)
(-0.561171 1.29769 0)
(-0.377518 1.73459 0)
(-0.309066 2.07108 0)
(-0.326635 2.1632 0)
(-0.169947 1.9624 0)
(-0.100892 1.78419 0)
(-0.065778 1.66575 0)
(-0.044579 1.59208 0)
(-0.0317683 1.54975 0)
(-0.0226093 1.53046 0)
(-0.0196734 1.53152 0)
(-0.010664 1.50503 0)
(-0.819859 -0.755807 0)
(-0.970087 -0.747851 0)
(-1.14037 -0.689921 0)
(-1.31836 -0.571984 0)
(-1.47203 -0.360865 0)
(-1.54259 -0.0133765 0)
(-1.48761 0.474437 0)
(-1.29455 1.04367 0)
(-1.05845 1.57172 0)
(-0.863835 1.92654 0)
(-0.628849 1.98348 0)
(-0.387002 1.84084 0)
(-0.2569 1.71141 0)
(-0.176878 1.62156 0)
(-0.124439 1.56372 0)
(-0.0878355 1.52988 0)
(-0.059563 1.51553 0)
(-0.041448 1.52357 0)
(-0.0193243 1.48139 0)
(-0.807469 -0.634216 0)
(-0.945331 -0.606966 0)
(-1.1021 -0.534202 0)
(-1.27188 -0.412366 0)
(-1.43841 -0.223205 0)
(-1.56769 0.0550736 0)
(-1.61061 0.429988 0)
(-1.52878 0.880379 0)
(-1.32821 1.32765 0)
(-1.0618 1.63381 0)
(-0.76474 1.71954 0)
(-0.522321 1.66633 0)
(-0.368366 1.60092 0)
(-0.263535 1.54907 0)
(-0.1899 1.51325 0)
(-0.134949 1.49216 0)
(-0.091163 1.48605 0)
(-0.0591819 1.50246 0)
(-0.02551 1.44606 0)
(-0.775726 -0.525191 0)
(-0.896085 -0.482529 0)
(-1.02983 -0.398103 0)
(-1.17135 -0.272167 0)
(-1.30922 -0.0946873 0)
(-1.4214 0.14535 0)
(-1.4739 0.449594 0)
(-1.43074 0.797616 0)
(-1.27703 1.13346 0)
(-1.04223 1.37517 0)
(-0.788717 1.4789 0)
(-0.581753 1.49209 0)
(-0.431454 1.47962 0)
(-0.320323 1.46249 0)
(-0.236206 1.44871 0)
(-0.169855 1.44161 0)
(-0.115317 1.44516 0)
(-0.0720582 1.46955 0)
(-0.0291376 1.40243 0)
(-0.731018 -0.430529 0)
(-0.833203 -0.377351 0)
(-0.943272 -0.286579 0)
(-1.0551 -0.161151 0)
(-1.15916 0.00339288 0)
(-1.23971 0.210981 0)
(-1.2747 0.459165 0)
(-1.24048 0.730788 0)
(-1.12637 0.987354 0)
(-0.950594 1.18131 0)
(-0.759109 1.29221 0)
(-0.591816 1.34265 0)
(-0.457458 1.36434 0)
(-0.350222 1.37315 0)
(-0.263633 1.37778 0)
(-0.192104 1.38356 0)
(-0.13141 1.39641 0)
(-0.0801082 1.4274 0)
(-0.0306677 1.35377 0)
(-0.677799 -0.349788 0)
(-0.763283 -0.290175 0)
(-0.85258 -0.19764 0)
(-0.939446 -0.0765145 0)
(-1.01591 0.0739582 0)
(-1.07084 0.253787 0)
(-1.0899 0.458395 0)
(-1.0594 0.674258 0)
(-0.974522 0.87709 0)
(-0.847672 1.03984 0)
(-0.706055 1.1506 0)
(-0.5731 1.21898 0)
(-0.457408 1.26085 0)
(-0.358814 1.28733 0)
(-0.274969 1.30603 0)
(-0.202968 1.32249 0)
(-0.139927 1.34321 0)
(-0.0838335 1.37898 0)
(-0.0306429 1.30293 0)
(-0.61908 -0.281714 0)
(-0.689905 -0.218498 0)
(-0.762046 -0.127148 0)
(-0.829593 -0.0124914 0)
(-0.886065 0.124137 0)
(-0.923518 0.280958 0)
(-0.932882 0.452923 0)
(-0.90651 0.629749 0)
(-0.842785 0.79598 0)
(-0.749886 0.935876 0)
(-0.643442 1.04186 0)
(-0.537578 1.11729 0)
(-0.439554 1.17026 0)
(-0.3516 1.20818 0)
(-0.273642 1.23704 0)
(-0.204393 1.26172 0)
(-0.141922 1.28844 0)
(-0.0839551 1.3272 0)
(-0.0295298 1.25215 0)
(-0.557153 -0.224944 0)
(-0.615287 -0.159879 0)
(-0.673474 -0.071159 0)
(-0.726278 0.0363004 0)
(-0.768662 0.160295 0)
(-0.794905 0.298288 0)
(-0.79919 0.445659 0)
(-0.777251 0.594746 0)
(-0.728784 0.735408 0)
(-0.659044 0.857918 0)
(-0.577271 0.95714 0)
(-0.492369 1.03388 0)
(-0.410104 1.09231 0)
(-0.333317 1.13723 0)
(-0.262895 1.173 0)
(-0.19843 1.20354 0)
(-0.138656 1.2344 0)
(-0.0812405 1.27456 0)
(-0.0276849 1.20311 0)
(-0.493852 -0.17819 0)
(-0.541006 -0.112272 0)
(-0.587675 -0.026572 0)
(-0.629157 0.074059 0)
(-0.661502 0.187052 0)
(-0.680526 0.309808 0)
(-0.682398 0.438392 0)
(-0.664643 0.567123 0)
(-0.627387 0.689125 0)
(-0.574025 0.798056 0)
(-0.510273 0.890267 0)
(-0.441991 0.965574 0)
(-0.373584 1.02613 0)
(-0.307693 1.07495 0)
(-0.245471 1.11507 0)
(-0.186962 1.14945 0)
(-0.131367 1.18281 0)
(-0.0764016 1.2231 0)
(-0.0253648 1.15704 0)
(-0.430558 -0.14023 0)
(-0.468253 -0.0739882 0)
(-0.505354 0.00881608 0)
(-0.537961 0.103455 0)
(-0.562919 0.207301 0)
(-0.577137 0.317905 0)
(-0.578001 0.432036 0)
(-0.563972 0.545467 0)
(-0.535263 0.653409 0)
(-0.494105 0.751544 0)
(-0.44418 0.837218 0)
(-0.389444 0.909889 0)
(-0.333153 0.970622 0)
(-0.277479 1.02125 0)
(-0.223535 1.06379 0)
(-0.171588 1.10039 0)
(-0.121158 1.13493 0)
(-0.0700501 1.17437 0)
(-0.0227509 1.1148 0)
(-0.368193 -0.109928 0)
(-0.397788 -0.0435695 0)
(-0.426985 0.0367392 0)
(-0.452561 0.126413 0)
(-0.471959 0.222877 0)
(-0.482871 0.323918 0)
(-0.483447 0.426919 0)
(-0.47267 0.528713 0)
(-0.450719 0.625883 0)
(-0.419073 0.715395 0)
(-0.380155 0.795274 0)
(-0.336654 0.864883 0)
(-0.290916 0.924672 0)
(-0.244621 0.975708 0)
(-0.198732 1.01927 0)
(-0.153601 1.05688 0)
(-0.108955 1.09162 0)
(-0.0626912 1.1295 0)
(-0.0199744 1.07695 0)
(-0.307402 -0.0863153 0)
(-0.330072 -0.0197925 0)
(-0.352803 0.0586133 0)
(-0.372827 0.144372 0)
(-0.388015 0.235026 0)
(-0.396608 0.328634 0)
(-0.39727 0.423096 0)
(-0.389297 0.516017 0)
(-0.372812 0.6049 0)
(-0.34879 0.687546 0)
(-0.318832 0.762449 0)
(-0.284758 0.828974 0)
(-0.248219 0.887229 0)
(-0.210468 0.937789 0)
(-0.172284 0.981435 0)
(-0.134011 1.01919 0)
(-0.0955024 1.05343 0)
(-0.0547349 1.08926 0)
(-0.0171358 1.04379 0)
(-0.248891 -0.0686869 0)
(-0.265625 -0.00174415 0)
(-0.283129 0.0755742 0)
(-0.298833 0.15844 0)
(-0.310817 0.244625 0)
(-0.317724 0.332538 0)
(-0.318606 0.42051 0)
(-0.312981 0.506706 0)
(-0.300932 0.589248 0)
(-0.283095 0.666485 0)
(-0.26052 0.737234 0)
(-0.234422 0.800896 0)
(-0.205938 0.857388 0)
(-0.175966 0.906979 0)
(-0.145093 0.950111 0)
(-0.113601 0.987435 0)
(-0.0814046 1.0207 0)
(-0.0465417 1.05417 0)
(-0.0143396 1.01554 0)
(-0.193679 -0.0563445 0)
(-0.205547 0.0115216 0)
(-0.218966 0.0887482 0)
(-0.231496 0.169526 0)
(-0.240998 0.252261 0)
(-0.246515 0.335834 0)
(-0.247489 0.418937 0)
(-0.24365 0.500116 0)
(-0.235074 0.577896 0)
(-0.222182 0.650976 0)
(-0.205652 0.718386 0)
(-0.186278 0.779569 0)
(-0.164818 0.834337 0)
(-0.141885 0.882763 0)
(-0.117885 0.925058 0)
(-0.0930011 0.961584 0)
(-0.0671423 0.993547 0)
(-0.0383896 1.02434 0)
(-0.0116559 0.991719 0)
(-0.142585 -0.0464221 0)
(-0.152134 0.0238744 0)
(-0.163404 0.100644 0)
(-0.17404 0.178897 0)
(-0.181522 0.258381 0)
(-0.185556 0.338358 0)
(-0.186129 0.417692 0)
(-0.183225 0.49511 0)
(-0.176969 0.569357 0)
(-0.167658 0.639333 0)
(-0.155734 0.7042 0)
(-0.141707 0.763432 0)
(-0.126072 0.816784 0)
(-0.109237 0.864208 0)
(-0.091474 0.905759 0)
(-0.0728871 0.94159 0)
(-0.0533673 0.972483 0)
(-0.0309981 1.00114 0)
(-0.00946493 0.974053 0)
(-0.0839082 -0.0270012 0)
(-0.112007 0.0388753 0)
(-0.125636 0.113581 0)
(-0.13552 0.187318 0)
(-0.140956 0.263043 0)
(-0.14304 0.339648 0)
(-0.1423 0.415805 0)
(-0.138987 0.490202 0)
(-0.133311 0.561644 0)
(-0.125534 0.629119 0)
(-0.115974 0.691859 0)
(-0.104983 0.749356 0)
(-0.0929045 0.801321 0)
(-0.080042 0.847619 0)
(-0.0666274 0.888173 0)
(-0.0528013 0.922913 0)
(-0.0386029 0.952065 0)
(-0.0228594 0.977183 0)
(-0.00741177 0.952661 0)
)
;

boundaryField
{
    leftWall
    {
        type            noSlip;
    }
    rightWall
    {
        type            noSlip;
    }
    lowerWall
    {
        type            noSlip;
    }
    atmosphere
    {
        type            pressureInletOutletVelocity;
        value           nonuniform List<vector> 
46
(
(0 -0.552176 0)
(0 -0.68679 0)
(0 -0.662649 0)
(0 -0.650789 0)
(0 -0.640988 0)
(0 -0.631824 0)
(0 -0.622562 0)
(0 -0.612694 0)
(0 -0.601843 0)
(0 -0.589722 0)
(0 -0.576089 0)
(0 -0.560723 0)
(0 -0.543407 0)
(0 -0.523917 0)
(0 -0.502011 0)
(0 -0.477422 0)
(0 -0.449843 0)
(0 -0.418915 0)
(0 -0.384189 0)
(0 -0.345069 0)
(0 -0.300698 0)
(0 -0.249773 0)
(0 -0.190436 0)
(0 -0.139489 0)
(0 -0.108892 0)
(0 -0.0819561 0)
(0 -0.0594304 0)
(0 -0.0270012 0)
(-0.112007 0.0388753 0)
(-0.125636 0.113581 0)
(-0.13552 0.187318 0)
(-0.140956 0.263043 0)
(-0.14304 0.339648 0)
(-0.1423 0.415805 0)
(-0.138987 0.490202 0)
(-0.133311 0.561644 0)
(-0.125534 0.629119 0)
(-0.115974 0.691859 0)
(-0.104983 0.749356 0)
(-0.0929045 0.801321 0)
(-0.080042 0.847619 0)
(-0.0666274 0.888173 0)
(-0.0528013 0.922913 0)
(-0.0386029 0.952065 0)
(-0.0228594 0.977183 0)
(-0.00741177 0.952661 0)
)
;
    }
    defaultFaces
    {
        type            empty;
    }
}


// ************************************************************************* //
