/*--------------------------------*- C++ -*----------------------------------*\
| =========                 |                                                 |
| \\      /  F ield         | OpenFOAM: The Open Source CFD Toolbox           |
|  \\    /   O peration     | Version:  v2012                                 |
|   \\  /    A nd           | Website:  www.openfoam.com                      |
|    \\/     M anipulation  |                                                 |
\*---------------------------------------------------------------------------*/
FoamFile
{
    version     2.0;
    format      ascii;
    class       volVectorField;
    location    "0.05";
    object      U;
}
// * * * * * * * * * * * * * * * * * * * * * * * * * * * * * * * * * * * * * //

dimensions      [0 1 -1 0 0 0 0];


internalField   nonuniform List<vector> 
2268
(
(0.00979134 -0.00616755 0)
(0.0384698 -0.010912 0)
(0.0785487 -0.0129033 0)
(0.122343 -0.0131967 0)
(0.167242 -0.0132334 0)
(0.213306 -0.0136812 0)
(0.262153 -0.0147637 0)
(0.315971 -0.0167096 0)
(0.379792 -0.0198131 0)
(0.45084 -0.0259847 0)
(0.564675 -0.0363797 0)
(0.664766 -0.0407985 0)
(0.741992 -0.0447804 0)
(0.853716 -0.060395 0)
(1.00526 -0.0880401 0)
(1.16205 -0.13891 0)
(1.07984 -0.0978894 0)
(0.881377 -0.021051 0)
(0.660243 0.0423501 0)
(0.47067 0.0457572 0)
(0.31232 0.0413171 0)
(0.168926 0.0382686 0)
(0.0485824 0.0277995 0)
(0.0146628 -0.0163346 0)
(0.0455474 -0.0261915 0)
(0.0821548 -0.0307154 0)
(0.121523 -0.0320579 0)
(0.1624 -0.0326888 0)
(0.204922 -0.0340629 0)
(0.250294 -0.0368441 0)
(0.300229 -0.0416292 0)
(0.358399 -0.0491999 0)
(0.42366 -0.062687 0)
(0.515551 -0.0811511 0)
(0.59965 -0.0910425 0)
(0.678724 -0.0890083 0)
(0.806435 -0.0669699 0)
(0.958263 -0.0148924 0)
(1.01208 0.0503813 0)
(0.999827 0.0888312 0)
(0.833857 0.162699 0)
(0.629817 0.15918 0)
(0.47071 0.123544 0)
(0.328806 0.107997 0)
(0.193874 0.0992252 0)
(0.0657933 0.0786234 0)
(0.018586 -0.0309824 0)
(0.0503552 -0.0415457 0)
(0.0834104 -0.0467837 0)
(0.117957 -0.0490178 0)
(0.154203 -0.0505235 0)
(0.192511 -0.0530156 0)
(0.233759 -0.0574667 0)
(0.279168 -0.0647385 0)
(0.331326 -0.0759675 0)
(0.389201 -0.0940231 0)
(0.464642 -0.117487 0)
(0.53395 -0.135013 0)
(0.600245 -0.137749 0)
(0.716491 -0.102553 0)
(0.810465 -0.0510041 0)
(0.796684 -0.0466929 0)
(0.702965 0.0914715 0)
(0.581005 0.215175 0)
(0.492855 0.217382 0)
(0.403774 0.181277 0)
(0.302412 0.164417 0)
(0.195193 0.156157 0)
(0.0757339 0.138912 0)
(0.0204097 -0.0476772 0)
(0.0526391 -0.0570162 0)
(0.0831208 -0.0617398 0)
(0.113913 -0.0644928 0)
(0.146296 -0.06691 0)
(0.180899 -0.0705971 0)
(0.21842 -0.076662 0)
(0.259688 -0.0861328 0)
(0.306425 -0.10031 0)
(0.357376 -0.121707 0)
(0.420151 -0.148512 0)
(0.475713 -0.171597 0)
(0.527274 -0.180163 0)
(0.619707 -0.138734 0)
(0.690976 -0.0566424 0)
(0.698877 -0.0179515 0)
(0.549367 0.127936 0)
(0.456066 0.24409 0)
(0.413488 0.246717 0)
(0.356757 0.219259 0)
(0.281769 0.207954 0)
(0.196223 0.2066 0)
(0.0835201 0.204458 0)
(0.0205082 -0.0647203 0)
(0.0527764 -0.0721851 0)
(0.0817366 -0.075686 0)
(0.11008 -0.0786487 0)
(0.139685 -0.0819204 0)
(0.171397 -0.0867931 0)
(0.205843 -0.0943658 0)
(0.243586 -0.105729 0)
(0.28569 -0.122196 0)
(0.330708 -0.145836 0)
(0.383642 -0.174458 0)
(0.427874 -0.200736 0)
(0.467052 -0.21311 0)
(0.537812 -0.167073 0)
(0.610495 -0.0733498 0)
(0.640258 0.0262156 0)
(0.476913 0.181891 0)
(0.398738 0.267312 0)
(0.369314 0.266044 0)
(0.325422 0.24654 0)
(0.26762 0.241985 0)
(0.198717 0.251262 0)
(0.0901842 0.272092 0)
(0.0196785 -0.0814323 0)
(0.0515908 -0.0869348 0)
(0.0799231 -0.0888955 0)
(0.107032 -0.0918023 0)
(0.134968 -0.0957819 0)
(0.164699 -0.101733 0)
(0.196846 -0.110647 0)
(0.231816 -0.123584 0)
(0.270217 -0.141755 0)
(0.31055 -0.166748 0)
(0.35611 -0.19594 0)
(0.391953 -0.223448 0)
(0.421933 -0.23811 0)
(0.477389 -0.194211 0)
(0.55345 -0.0944902 0)
(0.590315 0.0701023 0)
(0.433801 0.226029 0)
(0.370959 0.287826 0)
(0.342551 0.282358 0)
(0.305442 0.267816 0)
(0.259761 0.269104 0)
(0.205416 0.291177 0)
(0.0984656 0.343156 0)
(0.0186537 -0.0975398 0)
(0.0501241 -0.101428 0)
(0.0785608 -0.101833 0)
(0.10547 -0.104459 0)
(0.132759 -0.108939 0)
(0.16143 -0.115795 0)
(0.192121 -0.125854 0)
(0.225173 -0.140073 0)
(0.260903 -0.159494 0)
(0.297929 -0.185219 0)
(0.338388 -0.214118 0)
(0.368468 -0.24149 0)
(0.392272 -0.257757 0)
(0.436209 -0.220416 0)
(0.507748 -0.114935 0)
(0.538038 0.105537 0)
(0.405142 0.262837 0)
(0.35526 0.306469 0)
(0.327146 0.296772 0)
(0.295358 0.284563 0)
(0.259304 0.29013 0)
(0.220552 0.326612 0)
(0.111395 0.421323 0)
(0.0180146 -0.113327 0)
(0.0492743 -0.116118 0)
(0.0783345 -0.115175 0)
(0.105812 -0.117375 0)
(0.13331 -0.122144 0)
(0.161769 -0.129718 0)
(0.191836 -0.140737 0)
(0.223833 -0.156015 0)
(0.257909 -0.176393 0)
(0.292965 -0.202505 0)
(0.3303 -0.230786 0)
(0.35628 -0.257328 0)
(0.376695 -0.273958 0)
(0.411881 -0.242857 0)
(0.470239 -0.133188 0)
(0.489898 0.132717 0)
(0.386836 0.2912 0)
(0.347949 0.323278 0)
(0.321988 0.31021 0)
(0.295338 0.298162 0)
(0.268711 0.305253 0)
(0.247645 0.352025 0)
(0.142229 0.518838 0)
(0.0123015 -0.00646084 0)
(0.0409994 -0.00815635 0)
(0.0674612 -0.00598851 0)
(0.0847514 -0.0033231 0)
(0.0931892 -0.00128502 0)
(0.0951549 7.6607e-05 0)
(0.0928945 0.000922078 0)
(0.0880853 0.00143013 0)
(0.0817472 0.00172829 0)
(0.0745246 0.00189743 0)
(0.0668057 0.00199154 0)
(0.0588296 0.00203976 0)
(0.0507147 0.00206854 0)
(0.0424975 0.00209906 0)
(0.0341363 0.00215451 0)
(0.0255452 0.00224264 0)
(0.0167576 0.00229864 0)
(0.00837555 0.00202998 0)
(0.00218044 0.00125706 0)
(0.0160876 -0.0172103 0)
(0.0459413 -0.0195106 0)
(0.0694674 -0.0142511 0)
(0.0838215 -0.00797686 0)
(0.090491 -0.00304985 0)
(0.0915883 0.000304348 0)
(0.0890846 0.0024192 0)
(0.0842879 0.00370013 0)
(0.0781308 0.00445425 0)
(0.0712003 0.00487849 0)
(0.0638477 0.00510776 0)
(0.0562922 0.00522481 0)
(0.0486372 0.00529184 0)
(0.040914 0.00536275 0)
(0.0330995 0.00548054 0)
(0.0251546 0.00564153 0)
(0.0171382 0.00566255 0)
(0.00949213 0.00498137 0)
(0.00299122 0.00320642 0)
(0.0198289 -0.0307312 0)
(0.0506815 -0.0303847 0)
(0.0712283 -0.0211596 0)
(0.0822156 -0.0115992 0)
(0.0866609 -0.00422568 0)
(0.0865756 0.000814218 0)
(0.0835516 0.00401514 0)
(0.0786787 0.00596203 0)
(0.0727263 0.00710302 0)
(0.066176 0.0077375 0)
(0.0593117 0.00807114 0)
(0.0523112 0.00823604 0)
(0.0452603 0.00832341 0)
(0.0381892 0.00841164 0)
(0.0311001 0.00855003 0)
(0.0240017 0.0087178 0)
(0.0169569 0.00867468 0)
(0.0101779 0.00784338 0)
(0.00366248 0.00587835 0)
(0.023257 -0.0467476 0)
(0.0559569 -0.0414685 0)
(0.0742824 -0.0270604 0)
(0.0820977 -0.0142039 0)
(0.0842352 -0.00473387 0)
(0.0828274 0.0016927 0)
(0.0791682 0.00577992 0)
(0.0741075 0.0082599 0)
(0.0682441 0.00970425 0)
(0.0619544 0.0104984 0)
(0.0554586 0.0109039 0)
(0.0488946 0.0110931 0)
(0.0423315 0.011182 0)
(0.0357998 0.0112627 0)
(0.0293208 0.0113851 0)
(0.0229277 0.0115174 0)
(0.0166575 0.0114267 0)
(0.0105202 0.0106418 0)
(0.00403667 0.00889147 0)
(0.0268885 -0.0633084 0)
(0.0630026 -0.053032 0)
(0.0794061 -0.0319671 0)
(0.0840447 -0.0156999 0)
(0.083756 -0.00447746 0)
(0.0808639 0.00300449 0)
(0.0764086 0.00774965 0)
(0.0710032 0.0106183 0)
(0.0650762 0.0122745 0)
(0.0588975 0.0131713 0)
(0.0526242 0.0136135 0)
(0.0463536 0.0138032 0)
(0.0401363 0.0138736 0)
(0.0339987 0.0139233 0)
(0.0279675 0.0140012 0)
(0.0220747 0.0140752 0)
(0.016319 0.0139601 0)
(0.0105721 0.0133454 0)
(0.00412986 0.0119679 0)
(0.0335753 -0.0837127 0)
(0.0741138 -0.0658917 0)
(0.0876691 -0.0357671 0)
(0.0886662 -0.0159574 0)
(0.0856525 -0.00336098 0)
(0.0810467 0.00482417 0)
(0.0755956 0.00998089 0)
(0.0696598 0.0130808 0)
(0.0634927 0.0148508 0)
(0.0572549 0.0157894 0)
(0.0510382 0.0162302 0)
(0.044899 0.016394 0)
(0.0388659 0.0164256 0)
(0.0329543 0.0164258 0)
(0.0271816 0.0164432 0)
(0.0215598 0.016455 0)
(0.01605 0.0163432 0)
(0.0104544 0.0159682 0)
(0.00405495 0.0150246 0)
(0.0595529 -0.124047 0)
(0.0930489 -0.0792065 0)
(0.100347 -0.0375029 0)
(0.0966339 -0.0146322 0)
(0.0903602 -0.00120764 0)
(0.0837165 0.00727914 0)
(0.0770215 0.0125823 0)
(0.0703372 0.0157473 0)
(0.0637283 0.0175277 0)
(0.0572402 0.0184427 0)
(0.0508961 0.0188394 0)
(0.044709 0.0189482 0)
(0.038682 0.0189197 0)
(0.0328125 0.018856 0)
(0.0270964 0.0188075 0)
(0.0215145 0.0187682 0)
(0.0159974 0.0186899 0)
(0.0103333 0.0185723 0)
(0.00393527 0.0180321 0)
(0.145202 -0.166541 0)
(0.126283 -0.0839186 0)
(0.118212 -0.0345853 0)
(0.10812 -0.0110686 0)
(0.0979864 0.00226108 0)
(0.0889787 0.0105672 0)
(0.0807952 0.0157298 0)
(0.0731406 0.018786 0)
(0.0658793 0.0204691 0)
(0.0589392 0.0212916 0)
(0.0522733 0.0215989 0)
(0.0458496 0.0216218 0)
(0.0396422 0.0215119 0)
(0.0336255 0.0213719 0)
(0.0277674 0.0212574 0)
(0.0220158 0.0211824 0)
(0.0162838 0.0211553 0)
(0.0103789 0.021249 0)
(0.00388624 0.021004 0)
(0.0176419 -0.137058 0)
(0.0488939 -0.139794 0)
(0.0789908 -0.137504 0)
(0.107642 -0.138989 0)
(0.135939 -0.143892 0)
(0.164636 -0.152276 0)
(0.194317 -0.164511 0)
(0.225269 -0.181138 0)
(0.257465 -0.20266 0)
(0.290389 -0.229035 0)
(0.32398 -0.256749 0)
(0.344556 -0.28141 0)
(0.362134 -0.294862 0)
(0.389671 -0.264136 0)
(0.427945 -0.148486 0)
(0.421789 0.158476 0)
(0.363926 0.320484 0)
(0.341582 0.347577 0)
(0.323266 0.331926 0)
(0.30611 0.31731 0)
(0.297445 0.320154 0)
(0.318132 0.35649 0)
(0.409856 0.475212 0)
(0.0170436 -0.168531 0)
(0.0471826 -0.171133 0)
(0.0765483 -0.167107 0)
(0.104631 -0.167242 0)
(0.132137 -0.171607 0)
(0.159544 -0.180231 0)
(0.187238 -0.193162 0)
(0.215356 -0.210511 0)
(0.243757 -0.232331 0)
(0.272112 -0.258034 0)
(0.299654 -0.284582 0)
(0.313139 -0.305471 0)
(0.327831 -0.31113 0)
(0.34723 -0.273186 0)
(0.36998 -0.127298 0)
(0.339633 0.183488 0)
(0.315102 0.332854 0)
(0.312021 0.35891 0)
(0.306195 0.341992 0)
(0.299544 0.321811 0)
(0.300037 0.310301 0)
(0.318555 0.306637 0)
(0.384129 0.28463 0)
(0.0159784 -0.198606 0)
(0.0441146 -0.201002 0)
(0.0715234 -0.195573 0)
(0.0977854 -0.194521 0)
(0.123401 -0.198204 0)
(0.148621 -0.206655 0)
(0.17362 -0.219668 0)
(0.198383 -0.236996 0)
(0.222691 -0.25832 0)
(0.246285 -0.282716 0)
(0.268174 -0.307183 0)
(0.276158 -0.324465 0)
(0.288905 -0.324926 0)
(0.30413 -0.284046 0)
(0.325848 -0.100276 0)
(0.283258 0.195693 0)
(0.270439 0.332748 0)
(0.276453 0.359379 0)
(0.277698 0.34431 0)
(0.276342 0.32151 0)
(0.27788 0.300398 0)
(0.287733 0.277558 0)
(0.314626 0.237052 0)
(0.0146729 -0.22651 0)
(0.0404077 -0.228462 0)
(0.065395 -0.221815 0)
(0.0893534 -0.219689 0)
(0.112654 -0.222604 0)
(0.135385 -0.230567 0)
(0.157563 -0.243173 0)
(0.179066 -0.259899 0)
(0.199644 -0.280143 0)
(0.219121 -0.302778 0)
(0.236524 -0.324841 0)
(0.240669 -0.339155 0)
(0.25245 -0.33645 0)
(0.265235 -0.295731 0)
(0.287483 -0.067704 0)
(0.243824 0.205001 0)
(0.235592 0.328722 0)
(0.243581 0.355473 0)
(0.247413 0.343206 0)
(0.248433 0.320626 0)
(0.249959 0.296394 0)
(0.254856 0.268942 0)
(0.265407 0.229325 0)
(0.0133215 -0.251982 0)
(0.0365773 -0.253275 0)
(0.0590604 -0.245517 0)
(0.0806077 -0.242379 0)
(0.101501 -0.244472 0)
(0.121728 -0.251749 0)
(0.141211 -0.263639 0)
(0.159765 -0.279409 0)
(0.177151 -0.29827 0)
(0.193278 -0.318986 0)
(0.20725 -0.338724 0)
(0.208779 -0.350766 0)
(0.219905 -0.346065 0)
(0.230844 -0.307189 0)
(0.252134 -0.03566 0)
(0.21335 0.213222 0)
(0.207304 0.324782 0)
(0.214607 0.350565 0)
(0.218992 0.340439 0)
(0.22105 0.31906 0)
(0.22251 0.294402 0)
(0.224905 0.265884 0)
(0.229093 0.227149 0)
(0.0119889 -0.275004 0)
(0.0328257 -0.275499 0)
(0.052881 -0.266725 0)
(0.0720799 -0.262633 0)
(0.0906357 -0.263891 0)
(0.108482 -0.27038 0)
(0.125489 -0.281391 0)
(0.141453 -0.296036 0)
(0.156157 -0.313403 0)
(0.169587 -0.332225 0)
(0.180923 -0.349849 0)
(0.180697 -0.360102 0)
(0.191169 -0.353988 0)
(0.20055 -0.317028 0)
(0.219164 -0.015341 0)
(0.187244 0.219452 0)
(0.182798 0.321486 0)
(0.188863 0.345872 0)
(0.193025 0.337143 0)
(0.195449 0.317087 0)
(0.196875 0.292995 0)
(0.198185 0.264757 0)
(0.200064 0.227344 0)
(0.0107027 -0.295634 0)
(0.0292295 -0.295255 0)
(0.0469897 -0.285564 0)
(0.0639713 -0.280579 0)
(0.0803313 -0.281016 0)
(0.0959741 -0.286682 0)
(0.11075 -0.296749 0)
(0.124457 -0.310219 0)
(0.136911 -0.326102 0)
(0.148154 -0.343142 0)
(0.157434 -0.358882 0)
(0.15607 -0.36767 0)
(0.165826 -0.360402 0)
(0.173738 -0.32511 0)
(0.189193 0.001676 0)
(0.163342 0.224407 0)
(0.1604 0.318911 0)
(0.16546 0.341765 0)
(0.169175 0.333908 0)
(0.171615 0.315043 0)
(0.173006 0.291863 0)
(0.173893 0.26444 0)
(0.174919 0.228385 0)
(0.00947918 -0.313972 0)
(0.0258253 -0.312689 0)
(0.0414404 -0.302183 0)
(0.0563569 -0.296372 0)
(0.0706841 -0.296021 0)
(0.0843129 -0.300871 0)
(0.0970906 -0.309996 0)
(0.10883 -0.322314 0)
(0.119382 -0.336794 0)
(0.128829 -0.352208 0)
(0.136482 -0.366288 0)
(0.134432 -0.373844 0)
(0.143423 -0.365579 0)
(0.150154 -0.331486 0)
(0.16255 0.0147621 0)
(0.14155 0.227974 0)
(0.139669 0.316728 0)
(0.143842 0.338245 0)
(0.147004 0.330953 0)
(0.149264 0.313083 0)
(0.150581 0.290854 0)
(0.151314 0.264354 0)
(0.152042 0.229504 0)
(0.00832624 -0.330142 0)
(0.0226302 -0.327959 0)
(0.0362536 -0.316739 0)
(0.0492589 -0.310175 0)
(0.061716 -0.309087 0)
(0.0735109 -0.313157 0)
(0.0844982 -0.32138 0)
(0.0945127 -0.332616 0)
(0.103438 -0.34581 0)
(0.111387 -0.359776 0)
(0.117738 -0.372413 0)
(0.115345 -0.378926 0)
(0.123548 -0.369783 0)
(0.129331 -0.336416 0)
(0.138955 0.0250182 0)
(0.12172 0.230627 0)
(0.120342 0.314973 0)
(0.123589 0.335332 0)
(0.126132 0.328376 0)
(0.128105 0.311281 0)
(0.129322 0.289888 0)
(0.130029 0.26424 0)
(0.130711 0.230412 0)
(0.00724777 -0.344274 0)
(0.0196524 -0.341225 0)
(0.0314345 -0.329389 0)
(0.0426756 -0.322147 0)
(0.0534138 -0.320381 0)
(0.0635367 -0.323722 0)
(0.0729111 -0.331106 0)
(0.0813966 -0.341352 0)
(0.088909 -0.353399 0)
(0.0955894 -0.366107 0)
(0.100892 -0.377516 0)
(0.0984265 -0.383156 0)
(0.105844 -0.373218 0)
(0.110888 -0.34007 0)
(0.117948 0.0330355 0)
(0.103492 0.232977 0)
(0.102083 0.313816 0)
(0.104342 0.333101 0)
(0.106224 0.326256 0)
(0.107862 0.309684 0)
(0.10899 0.288931 0)
(0.109767 0.263974 0)
(0.110552 0.230974 0)
(0.00624806 -0.356499 0)
(0.0168987 -0.352636 0)
(0.0269837 -0.340276 0)
(0.0365952 -0.332429 0)
(0.0457496 -0.330045 0)
(0.0543397 -0.332718 0)
(0.0622476 -0.339336 0)
(0.0693578 -0.348695 0)
(0.0756174 -0.359745 0)
(0.0811983 -0.371394 0)
(0.0856528 -0.381803 0)
(0.0833297 -0.38674 0)
(0.0899873 -0.37606 0)
(0.0944835 -0.342614 0)
(0.0991779 0.039936 0)
(0.0864708 0.235589 0)
(0.084573 0.313501 0)
(0.0857617 0.331678 0)
(0.0869455 0.32468 0)
(0.0882444 0.308339 0)
(0.0893324 0.28797 0)
(0.0902752 0.263488 0)
(0.091298 0.231109 0)
(0.00533216 -0.366997 0)
(0.0143791 -0.36237 0)
(0.0229031 -0.349547 0)
(0.031004 -0.341154 0)
(0.0386898 -0.338209 0)
(0.0458635 -0.340275 0)
(0.0524219 -0.346205 0)
(0.0582724 -0.354785 0)
(0.0633906 -0.364988 0)
(0.0679841 -0.375789 0)
(0.0717396 -0.385455 0)
(0.0697313 -0.389893 0)
(0.0756748 -0.378509 0)
(0.0798324 -0.344186 0)
(0.0824779 0.0465348 0)
(0.0703718 0.238933 0)
(0.0675181 0.314247 0)
(0.0674907 0.331153 0)
(0.0679341 0.323669 0)
(0.0689245 0.307213 0)
(0.0700652 0.286932 0)
(0.0712979 0.262685 0)
(0.072699 0.230733 0)
(0.00452228 -0.376005 0)
(0.0121273 -0.370596 0)
(0.0192123 -0.357319 0)
(0.0258957 -0.348421 0)
(0.0322026 -0.344968 0)
(0.0380541 -0.346491 0)
(0.0433581 -0.351808 0)
(0.0480362 -0.359709 0)
(0.0520838 -0.369214 0)
(0.0557461 -0.379391 0)
(0.0588999 -0.38862 0)
(0.0573471 -0.392845 0)
(0.0626617 -0.380828 0)
(0.0667558 -0.344987 0)
(0.0678832 0.0535085 0)
(0.055031 0.243466 0)
(0.050585 0.316285 0)
(0.0490952 0.331568 0)
(0.0487643 0.323141 0)
(0.0495342 0.306155 0)
(0.0508895 0.285635 0)
(0.0525947 0.261386 0)
(0.05454 0.229708 0)
(0.00394017 -0.383209 0)
(0.0102659 -0.377145 0)
(0.0159589 -0.3635 0)
(0.0212722 -0.354197 0)
(0.0262629 -0.350316 0)
(0.0308733 -0.35137 0)
(0.0350167 -0.356151 0)
(0.0386083 -0.363457 0)
(0.0416399 -0.372386 0)
(0.0443837 -0.382154 0)
(0.0469557 -0.39131 0)
(0.0459592 -0.395812 0)
(0.0507861 -0.383369 0)
(0.0554939 -0.345353 0)
(0.0562666 0.0616699 0)
(0.040441 0.250087 0)
(0.0332626 0.320176 0)
(0.0299468 0.333125 0)
(0.0288841 0.323035 0)
(0.0296477 0.304975 0)
(0.0314949 0.283846 0)
(0.0339463 0.259373 0)
(0.0366691 0.227863 0)
(0.0036043 -0.38846 0)
(0.00880272 -0.382107 0)
(0.0130465 -0.368255 0)
(0.017038 -0.358682 0)
(0.0208188 -0.354497 0)
(0.0243136 -0.355178 0)
(0.0274384 -0.359501 0)
(0.0300888 -0.366281 0)
(0.0322178 -0.374705 0)
(0.0340684 -0.384191 0)
(0.0359714 -0.393599 0)
(0.0354922 -0.399041 0)
(0.0397653 -0.386929 0)
(0.0465131 -0.345704 0)
(0.0499798 0.0730416 0)
(0.0262585 0.260647 0)
(0.014363 0.326821 0)
(0.00893177 0.336084 0)
(0.00744577 0.323243 0)
(0.00871004 0.303405 0)
(0.01154 0.281264 0)
(0.0151485 0.256373 0)
(0.0189673 0.224986 0)
(0.00229651 -0.397718 0)
(0.00653752 -0.388548 0)
(0.00974122 -0.373354 0)
(0.0128238 -0.363092 0)
(0.0157305 -0.358507 0)
(0.0184181 -0.358847 0)
(0.0208168 -0.362787 0)
(0.0228376 -0.369114 0)
(0.0243969 -0.377082 0)
(0.0256325 -0.386294 0)
(0.0269689 -0.396 0)
(0.0269586 -0.402818 0)
(0.0298836 -0.393454 0)
(0.0373809 -0.349082 0)
(0.0451952 0.0913608 0)
(0.00919581 0.27788 0)
(-0.00905227 0.337022 0)
(-0.0158487 0.340118 0)
(-0.0167044 0.323089 0)
(-0.0139237 0.300758 0)
(-0.00930687 0.27732 0)
(-0.00394933 0.251965 0)
(0.00137823 0.220792 0)
(-0.00100254 -0.408749 0)
(0.00220366 -0.395183 0)
(0.00555435 -0.377745 0)
(0.00861624 -0.366507 0)
(0.0112035 -0.361388 0)
(0.0135271 -0.361375 0)
(0.0156324 -0.364984 0)
(0.0175222 -0.370951 0)
(0.0191722 -0.378551 0)
(0.020698 -0.387511 0)
(0.022689 -0.397387 0)
(0.0244461 -0.405175 0)
(0.0276057 -0.402363 0)
(0.0292149 -0.361012 0)
(0.0185449 0.12085 0)
(-0.0214305 0.303044 0)
(-0.042338 0.349931 0)
(-0.047353 0.343471 0)
(-0.0448613 0.320993 0)
(-0.0387395 0.295813 0)
(-0.031154 0.271133 0)
(-0.0233041 0.245533 0)
(-0.0160117 0.214884 0)
(0.00311136 -0.371344 0)
(0.00169983 -0.375963 0)
(0.00423527 -0.366528 0)
(0.00631357 -0.358597 0)
(0.00851535 -0.354639 0)
(0.0106725 -0.354895 0)
(0.0128283 -0.358397 0)
(0.0150277 -0.364096 0)
(0.0174008 -0.371359 0)
(0.0202704 -0.380002 0)
(0.0248468 -0.389788 0)
(0.030614 -0.398001 0)
(0.0403867 -0.394452 0)
(0.0432378 -0.362972 0)
(-0.0584903 0.170019 0)
(-0.0834801 0.331488 0)
(-0.0914639 0.35885 0)
(-0.08807 0.341695 0)
(-0.0775836 0.314037 0)
(-0.0656382 0.286807 0)
(-0.0536826 0.261666 0)
(-0.0425733 0.236486 0)
(-0.0328998 0.20693 0)
(0.0553696 -0.327652 0)
(0.0148916 -0.348801 0)
(0.00929368 -0.351745 0)
(0.00740586 -0.349122 0)
(0.00845981 -0.347318 0)
(0.0106433 -0.348581 0)
(0.0131677 -0.352674 0)
(0.015947 -0.358874 0)
(0.0192547 -0.366723 0)
(0.0237281 -0.376212 0)
(0.0304521 -0.388373 0)
(0.0358392 -0.40139 0)
(0.0422433 -0.370797 0)
(0.0478929 -0.281757 0)
(-0.205541 0.230264 0)
(-0.175469 0.345982 0)
(-0.158249 0.35172 0)
(-0.135188 0.327462 0)
(-0.112979 0.298363 0)
(-0.0930954 0.271731 0)
(-0.0758043 0.247883 0)
(-0.0609926 0.224302 0)
(-0.0487543 0.196692 0)
(0.218226 -0.486171 0)
(0.0263808 -0.387474 0)
(0.0141811 -0.381788 0)
(0.00702725 -0.373297 0)
(0.00852393 -0.368809 0)
(0.0124268 -0.369064 0)
(0.0164216 -0.372898 0)
(0.020278 -0.379419 0)
(0.0245447 -0.388202 0)
(0.030357 -0.398936 0)
(0.0375558 -0.41286 0)
(0.0180922 -0.431263 0)
(-0.0457896 -0.403885 0)
(-0.329343 0.0148265 0)
(-0.345205 0.258137 0)
(-0.277549 0.318234 0)
(-0.223524 0.31648 0)
(-0.179972 0.295708 0)
(-0.145428 0.271859 0)
(-0.117938 0.249716 0)
(-0.0956493 0.229472 0)
(-0.0774386 0.208912 0)
(-0.0628836 0.184207 0)
(-0.0785403 -0.617021 0)
(-0.0535273 -0.322004 0)
(-0.0314143 -0.372249 0)
(-0.0408768 -0.384172 0)
(-0.0550459 -0.387521 0)
(-0.0711923 -0.389586 0)
(-0.0893304 -0.393097 0)
(-0.110539 -0.399544 0)
(-0.136971 -0.409622 0)
(-0.172432 -0.420812 0)
(-0.222996 -0.414072 0)
(-0.303386 -0.360153 0)
(-0.394362 -0.176853 0)
(-0.451276 0.0437861 0)
(-0.403629 0.19252 0)
(-0.326755 0.247835 0)
(-0.261172 0.258629 0)
(-0.209059 0.250883 0)
(-0.168514 0.237126 0)
(-0.136724 0.222306 0)
(-0.111298 0.207385 0)
(-0.0908005 0.19094 0)
(-0.0746226 0.169899 0)
(-0.0287619 -0.391022 0)
(-0.0538433 -0.354824 0)
(-0.0499917 -0.349338 0)
(-0.065132 -0.344992 0)
(-0.0847805 -0.342164 0)
(-0.107659 -0.340952 0)
(-0.133455 -0.340686 0)
(-0.163187 -0.340566 0)
(-0.198922 -0.33897 0)
(-0.243798 -0.331984 0)
(-0.301594 -0.310918 0)
(-0.371072 -0.251575 0)
(-0.428431 -0.133817 0)
(-0.439107 0.0112104 0)
(-0.39401 0.120312 0)
(-0.329894 0.176579 0)
(-0.270462 0.19894 0)
(-0.220697 0.20346 0)
(-0.180497 0.199809 0)
(-0.148142 0.192652 0)
(-0.121845 0.183462 0)
(-0.100476 0.171514 0)
(-0.0835721 0.154482 0)
(-0.0181876 -0.379638 0)
(-0.0413828 -0.353291 0)
(-0.0562699 -0.335771 0)
(-0.0752288 -0.324876 0)
(-0.0969343 -0.318522 0)
(-0.121381 -0.314454 0)
(-0.148661 -0.310804 0)
(-0.179581 -0.305909 0)
(-0.215389 -0.297581 0)
(-0.257258 -0.28195 0)
(-0.306009 -0.251961 0)
(-0.356624 -0.198281 0)
(-0.391414 -0.111434 0)
(-0.391914 -0.0106797 0)
(-0.358394 0.070331 0)
(-0.310363 0.120882 0)
(-0.262307 0.147985 0)
(-0.21953 0.160337 0)
(-0.183213 0.164322 0)
(-0.152845 0.163561 0)
(-0.127463 0.159506 0)
(-0.106459 0.151814 0)
(-0.0896677 0.138728 0)
(-0.0156633 -0.346157 0)
(-0.0391823 -0.333632 0)
(-0.0584469 -0.317219 0)
(-0.0783606 -0.304822 0)
(-0.0999858 -0.296373 0)
(-0.123699 -0.289847 0)
(-0.149754 -0.283211 0)
(-0.178628 -0.274592 0)
(-0.21084 -0.261878 0)
(-0.246426 -0.242131 0)
(-0.284141 -0.211103 0)
(-0.319265 -0.163217 0)
(-0.341049 -0.0975799 0)
(-0.339662 -0.025528 0)
(-0.316521 0.0358137 0)
(-0.282086 0.0793946 0)
(-0.245236 0.107276 0)
(-0.210416 0.123805 0)
(-0.179334 0.132788 0)
(-0.152261 0.136732 0)
(-0.128901 0.136797 0)
(-0.109133 0.132778 0)
(-0.0931007 0.123301 0)
(-0.0139444 -0.320122 0)
(-0.0368458 -0.311569 0)
(-0.0573078 -0.296476 0)
(-0.077227 -0.28372 0)
(-0.0980287 -0.273945 0)
(-0.120197 -0.265594 0)
(-0.144011 -0.256771 0)
(-0.169657 -0.245712 0)
(-0.197159 -0.230641 0)
(-0.225976 -0.209517 0)
(-0.254468 -0.179929 0)
(-0.278902 -0.139694 0)
(-0.293026 -0.0893312 0)
(-0.291853 -0.0357536 0)
(-0.276348 0.0118845 0)
(-0.252086 0.0490166 0)
(-0.224516 0.0757452 0)
(-0.196999 0.0939859 0)
(-0.171239 0.105853 0)
(-0.147885 0.112946 0)
(-0.127079 0.116072 0)
(-0.109056 0.115028 0)
(-0.094208 0.108685 0)
(-0.0126663 -0.296127 0)
(-0.0343521 -0.289705 0)
(-0.0544094 -0.276024 0)
(-0.0736693 -0.263502 0)
(-0.0932475 -0.25307 0)
(-0.113598 -0.243593 0)
(-0.134911 -0.233427 0)
(-0.157181 -0.221058 0)
(-0.180164 -0.205121 0)
(-0.203145 -0.184288 0)
(-0.224624 -0.15732 0)
(-0.241985 -0.123489 0)
(-0.251645 -0.0838615 0)
(-0.251024 -0.0425371 0)
(-0.24068 -0.00458094 0)
(-0.223619 0.0270335 0)
(-0.20316 0.0517153 0)
(-0.181709 0.0701401 0)
(-0.160733 0.0833844 0)
(-0.141 0.0923931 0)
(-0.122876 0.0976528 0)
(-0.106818 0.0989062 0)
(-0.0933825 0.0951831 0)
(-0.0115919 -0.274198 0)
(-0.0317096 -0.268925 0)
(-0.0506609 -0.256469 0)
(-0.0688173 -0.244399 0)
(-0.0869615 -0.23379 0)
(-0.10543 -0.223786 0)
(-0.124301 -0.213002 0)
(-0.143462 -0.200191 0)
(-0.162571 -0.18435 0)
(-0.180932 -0.164663 0)
(-0.197353 -0.140558 0)
(-0.21008 -0.111973 0)
(-0.21705 -0.0799309 0)
(-0.216903 -0.0469348 0)
(-0.209956 -0.0159323 0)
(-0.197873 0.011114 0)
(-0.182654 0.0334727 0)
(-0.165989 0.0512383 0)
(-0.149054 0.0648864 0)
(-0.132582 0.0749218 0)
(-0.117028 0.0815803 0)
(-0.102956 0.0845444 0)
(-0.0910131 0.0829503 0)
(-0.0105922 -0.254177 0)
(-0.0290058 -0.249633 0)
(-0.0465546 -0.238218 0)
(-0.0633585 -0.226704 0)
(-0.0799818 -0.216242 0)
(-0.0966015 -0.206149 0)
(-0.113212 -0.19527 0)
(-0.129654 -0.182595 0)
(-0.145583 -0.167405 0)
(-0.1604 -0.149218 0)
(-0.173215 -0.127825 0)
(-0.182874 -0.103424 0)
(-0.188172 -0.0768642 0)
(-0.188374 -0.0497368 0)
(-0.183665 -0.0238489 0)
(-0.174998 -0.000525839 0)
(-0.163592 0.0195672 0)
(-0.150616 0.0362784 0)
(-0.136981 0.0497544 0)
(-0.123326 0.0602195 0)
(-0.110108 0.0677326 0)
(-0.0979225 0.0719303 0)
(-0.0874506 0.0720296 0)
(-0.0095886 -0.235958 0)
(-0.0262887 -0.231967 0)
(-0.0423256 -0.221442 0)
(-0.0576875 -0.210548 0)
(-0.0727766 -0.200426 0)
(-0.0876286 -0.190528 0)
(-0.102196 -0.179887 0)
(-0.116313 -0.167691 0)
(-0.129669 -0.153424 0)
(-0.141784 -0.136817 0)
(-0.152012 -0.117847 0)
(-0.159596 -0.0967902 0)
(-0.163814 -0.0743165 0)
(-0.164259 -0.0514816 0)
(-0.161045 -0.0294504 0)
(-0.154739 -0.00914382 0)
(-0.146113 0.00888967 0)
(-0.13596 0.0244139 0)
(-0.124979 0.037407 0)
(-0.1137 0.0479232 0)
(-0.10254 0.0559058 0)
(-0.092078 0.0609665 0)
(-0.0829931 0.0623903 0)
(-0.00858149 -0.219502 0)
(-0.0236126 -0.215914 0)
(-0.0381258 -0.206149 0)
(-0.0520439 -0.195898 0)
(-0.065623 -0.186228 0)
(-0.078818 -0.176703 0)
(-0.0915638 -0.166507 0)
(-0.103706 -0.154981 0)
(-0.114982 -0.14175 0)
(-0.125018 -0.126673 0)
(-0.133353 -0.109814 0)
(-0.139485 -0.0914548 0)
(-0.142972 -0.0721138 0)
(-0.14358 -0.0525211 0)
(-0.141384 -0.0334641 0)
(-0.13674 -0.0156018 0)
(-0.130153 0.00062483 0)
(-0.122165 0.0149712 0)
(-0.113307 0.0273364 0)
(-0.104005 0.037677 0)
(-0.0946225 0.0458669 0)
(-0.0856976 0.0515115 0)
(-0.0778828 0.0539573 0)
(-0.00762277 -0.204789 0)
(-0.0210598 -0.201448 0)
(-0.0340854 -0.192328 0)
(-0.0465861 -0.182704 0)
(-0.0587019 -0.173545 0)
(-0.0703623 -0.164499 0)
(-0.0814923 -0.154866 0)
(-0.0919533 -0.1441 0)
(-0.10153 -0.13192 0)
(-0.109938 -0.118258 0)
(-0.116847 -0.103217 0)
(-0.12192 -0.0870506 0)
(-0.124879 -0.070165 0)
(-0.125588 -0.0530844 0)
(-0.1241 -0.0363649 0)
(-0.120646 -0.0204915 0)
(-0.11557 -0.00581911 0)
(-0.109256 0.0074284 0)
(-0.102093 0.019119 0)
(-0.0944265 0.0291584 0)
(-0.0865626 0.0373832 0)
(-0.0789855 0.0434068 0)
(-0.0723104 0.0466325 0)
(-0.00675053 -0.191737 0)
(-0.0186865 -0.188551 0)
(-0.0302811 -0.179987 0)
(-0.0414009 -0.170944 0)
(-0.0521203 -0.162311 0)
(-0.0623692 -0.15379 0)
(-0.0720637 -0.144768 0)
(-0.0810806 -0.134779 0)
(-0.0892468 -0.123602 0)
(-0.0963475 -0.111211 0)
(-0.102145 -0.0977185 0)
(-0.106409 -0.083347 0)
(-0.108963 -0.0684179 0)
(-0.109724 -0.0533221 0)
(-0.108733 -0.0384678 0)
(-0.106148 -0.0242222 0)
(-0.102208 -0.0108724 0)
(-0.0971934 0.00138293 0)
(-0.0913897 0.012408 0)
(-0.0850721 0.0220863 0)
(-0.078496 0.0302379 0)
(-0.0720887 0.0364934 0)
(-0.0664219 0.0403092 0)
(-0.00595403 -0.180222 0)
(-0.0164814 -0.177167 0)
(-0.0267151 -0.169095 0)
(-0.0365111 -0.160575 0)
(-0.0459224 -0.152451 0)
(-0.0548795 -0.144457 0)
(-0.0632927 -0.136044 0)
(-0.0710547 -0.1268 0)
(-0.0780283 -0.116544 0)
(-0.0840506 -0.105269 0)
(-0.0889498 -0.0930873 0)
(-0.0925686 -0.0801918 0)
(-0.0947904 -0.0668413 0)
(-0.0955655 -0.0533368 0)
(-0.0949258 -0.0399889 0)
(-0.0929827 -0.0270832 0)
(-0.0899081 -0.0148541 0)
(-0.085909 -0.00347615 0)
(-0.0812006 0.00692316 0)
(-0.0759957 0.0162215 0)
(-0.0705081 0.0242367 0)
(-0.0651097 0.0306216 0)
(-0.0603261 0.0348816 0)
(-0.00519877 -0.170127 0)
(-0.0143965 -0.167196 0)
(-0.0233525 -0.159554 0)
(-0.0319088 -0.151502 0)
(-0.0401137 -0.143855 0)
(-0.0478907 -0.136368 0)
(-0.0551526 -0.128533 0)
(-0.0618096 -0.119977 0)
(-0.067754 -0.110544 0)
(-0.0728633 -0.100236 0)
(-0.0770135 -0.0891594 0)
(-0.0800952 -0.0774822 0)
(-0.0820306 -0.0654167 0)
(-0.0827889 -0.0532017 0)
(-0.0823961 -0.0410816 0)
(-0.0809331 -0.029284 0)
(-0.0785252 -0.0180025 0)
(-0.0753267 -0.0073892 0)
(-0.0715041 0.00243825 0)
(-0.0672179 0.0113633 0)
(-0.0626482 0.01921 0)
(-0.0581167 0.0256557 0)
(-0.0541016 0.03025 0)
(-0.00446549 -0.161379 0)
(-0.0124042 -0.158516 0)
(-0.0201735 -0.15123 0)
(-0.0275886 -0.143603 0)
(-0.0346859 -0.136404 0)
(-0.0413806 -0.129393 0)
(-0.0475975 -0.122093 0)
(-0.0532659 -0.114158 0)
(-0.058304 -0.105447 0)
(-0.062621 -0.0959683 0)
(-0.0661272 -0.0858205 0)
(-0.0687455 -0.0751506 0)
(-0.0704228 -0.0641364 0)
(-0.07114 -0.0529732 0)
(-0.070918 -0.0418589 0)
(-0.0698164 -0.0309798 0)
(-0.0679276 -0.0204978 0)
(-0.0653664 -0.0105453 0)
(-0.0622614 -0.00122949 0)
(-0.0587361 0.00734404 0)
(-0.0549398 0.0150118 0)
(-0.0511517 0.0214758 0)
(-0.0478025 0.0263241 0)
(-0.00376145 -0.153926 0)
(-0.0105193 -0.151021 0)
(-0.0171952 -0.144009 0)
(-0.0235609 -0.136772 0)
(-0.0296304 -0.129997 0)
(-0.0353192 -0.123432 0)
(-0.0405724 -0.116618 0)
(-0.0453401 -0.109231 0)
(-0.0495635 -0.101143 0)
(-0.0531764 -0.092368 0)
(-0.0561134 -0.0829954 0)
(-0.0583192 -0.0731557 0)
(-0.0597564 -0.0630015 0)
(-0.060413 -0.0526969 0)
(-0.0603055 -0.0424069 0)
(-0.0594778 -0.0322876 0)
(-0.0579973 -0.0224772 0)
(-0.0559487 -0.0130915 0)
(-0.0534288 -0.00422681 0)
(-0.0505342 0.00402389 0)
(-0.0473878 0.0115171 0)
(-0.0442365 0.0179782 0)
(-0.0414641 0.0230248 0)
(-0.00310718 -0.147726 0)
(-0.00878225 -0.144632 0)
(-0.0144571 -0.137813 0)
(-0.0198425 -0.130944 0)
(-0.0249349 -0.124573 0)
(-0.0296676 -0.118418 0)
(-0.0340131 -0.112035 0)
(-0.0379439 -0.10512 0)
(-0.0414202 -0.0975587 0)
(-0.0443937 -0.0893688 0)
(-0.0468153 -0.0806344 0)
(-0.0486438 -0.0714725 0)
(-0.0498526 -0.0620169 0)
(-0.0504336 -0.0524091 0)
(-0.0503991 -0.0427904 0)
(-0.0497807 -0.0332953 0)
(-0.0486266 -0.0240445 0)
(-0.0469971 -0.0151415 0)
(-0.0449604 -0.00667227 0)
(-0.0425883 0.00128515 0)
(-0.0399852 0.00861811 0)
(-0.0373783 0.0150739 0)
(-0.0351079 0.020285 0)
(-0.0025005 -0.142568 0)
(-0.00720158 -0.139186 0)
(-0.0119769 -0.132546 0)
(-0.0164237 -0.126055 0)
(-0.0205602 -0.120078 0)
(-0.0243621 -0.114293 0)
(-0.0278363 -0.108276 0)
(-0.0309765 -0.101751 0)
(-0.0337564 -0.0946211 0)
(-0.0361384 -0.0869064 0)
(-0.0380837 -0.0786872 0)
(-0.0395605 -0.0700702 0)
(-0.040549 -0.0611748 0)
(-0.041043 -0.0521258 0)
(-0.0410513 -0.0430475 0)
(-0.0405961 -0.0340588 0)
(-0.0397108 -0.0252693 0)
(-0.0384352 -0.0167753 0)
(-0.0368088 -0.00865631 0)
(-0.0348719 -0.000971713 0)
(-0.0327204 0.00621943 0)
(-0.0305794 0.0126881 0)
(-0.0287524 0.0180512 0)
(-0.00181422 -0.138074 0)
(-0.00563318 -0.134297 0)
(-0.00967684 -0.128042 0)
(-0.0132164 -0.122043 0)
(-0.0164052 -0.116469 0)
(-0.0192925 -0.111009 0)
(-0.0219247 -0.105286 0)
(-0.0243124 -0.0990659 0)
(-0.0264362 -0.0922712 0)
(-0.0282635 -0.0849281 0)
(-0.0297619 -0.0771127 0)
(-0.0309058 -0.0689231 0)
(-0.0316796 -0.0604673 0)
(-0.0320785 -0.0518569 0)
(-0.0321085 -0.0432036 0)
(-0.0317856 -0.0346163 0)
(-0.0311335 -0.0261985 0)
(-0.0301763 -0.0180473 0)
(-0.0289245 -0.0102475 0)
(-0.0273669 -0.00283888 0)
(-0.0255961 0.00423135 0)
(-0.0238601 0.0107623 0)
(-0.02244 0.0162872 0)
(-0.00105011 -0.137094 0)
(-0.00396429 -0.130477 0)
(-0.00749122 -0.124801 0)
(-0.0100905 -0.119348 0)
(-0.0123022 -0.114101 0)
(-0.0142849 -0.108859 0)
(-0.016105 -0.103319 0)
(-0.0177755 -0.0972889 0)
(-0.0192765 -0.0907121 0)
(-0.0205774 -0.0836184 0)
(-0.02165 -0.0760794 0)
(-0.0224735 -0.0681855 0)
(-0.0230358 -0.060035 0)
(-0.0233331 -0.0517295 0)
(-0.0233702 -0.0433716 0)
(-0.0231607 -0.0350629 0)
(-0.0227254 -0.0269051 0)
(-0.022087 -0.0190051 0)
(-0.0212326 -0.0114767 0)
(-0.0200557 -0.00436598 0)
(-0.0186662 0.00258062 0)
(-0.0173226 0.00925943 0)
(-0.0163127 0.0149653 0)
(-0.00479727 -0.143993 0)
(-0.0032396 -0.131391 0)
(-0.00580368 -0.125073 0)
(-0.0069742 -0.119503 0)
(-0.00800723 -0.11422 0)
(-0.0090534 -0.108961 0)
(-0.01008 -0.103418 0)
(-0.0110579 -0.0974081 0)
(-0.0119562 -0.0908792 0)
(-0.0127446 -0.0838575 0)
(-0.0134 -0.076408 0)
(-0.0139066 -0.0686138 0)
(-0.0142559 -0.0605658 0)
(-0.0144455 -0.0523588 0)
(-0.0144803 -0.0440884 0)
(-0.0143732 -0.0358501 0)
(-0.0141508 -0.0277413 0)
(-0.0138574 -0.0198743 0)
(-0.0134946 -0.012404 0)
(-0.0128622 -0.00547665 0)
(-0.0121979 0.00156455 0)
(-0.011334 0.00836712 0)
(-0.0107804 0.0141215 0)
(-0.0280264 -0.117599 0)
(-0.00190888 -0.128957 0)
(-0.00329109 -0.121074 0)
(-0.00280107 -0.115521 0)
(-0.00281137 -0.110457 0)
(-0.00303502 -0.105382 0)
(-0.00332257 -0.10001 0)
(-0.00362044 -0.094195 0)
(-0.00390413 -0.0878958 0)
(-0.00415729 -0.0811366 0)
(-0.00436946 -0.0739754 0)
(-0.00453438 -0.066487 0)
(-0.00464888 -0.0587546 0)
(-0.00471254 -0.0508652 0)
(-0.00472831 -0.0429046 0)
(-0.00470482 -0.0349541 0)
(-0.00466469 -0.0270866 0)
(-0.00466479 -0.0193699 0)
(-0.00478952 -0.0119107 0)
(-0.00489147 -0.00502047 0)
(-0.00704741 0.00130744 0)
(-0.00711108 0.00811696 0)
(-0.00703402 0.0136122 0)
(0.519969 0.271238 0)
(0.47563 0.113917 0)
(0.419501 0.0330261 0)
(0.405803 0.0028415 0)
(0.42537 0.173227 0)
(0.416782 0.104567 0)
(0.390021 0.0669944 0)
(0.358967 0.0458377 0)
(0.323705 0.177161 0)
(0.320809 0.141207 0)
(0.30935 0.115029 0)
(0.293783 0.096756 0)
(0.2647 0.18249 0)
(0.261868 0.154697 0)
(0.256169 0.133953 0)
(0.248403 0.120139 0)
(0.226133 0.185569 0)
(0.223818 0.16181 0)
(0.220203 0.14464 0)
(0.215364 0.134178 0)
(0.196858 0.188797 0)
(0.194882 0.167296 0)
(0.192128 0.152331 0)
(0.188573 0.144133 0)
(0.171958 0.191793 0)
(0.170266 0.171754 0)
(0.16804 0.158328 0)
(0.165246 0.151772 0)
(0.14949 0.194363 0)
(0.148098 0.175414 0)
(0.146306 0.163154 0)
(0.144088 0.157837 0)
(0.128647 0.196409 0)
(0.12757 0.178329 0)
(0.126174 0.166992 0)
(0.124454 0.162636 0)
(0.10903 0.197864 0)
(0.108271 0.180495 0)
(0.10725 0.169911 0)
(0.105983 0.166316 0)
(0.0903677 0.198716 0)
(0.0899292 0.18193 0)
(0.0892772 0.171961 0)
(0.0884332 0.168972 0)
(0.072412 0.198948 0)
(0.0723196 0.182646 0)
(0.0720466 0.173178 0)
(0.0716152 0.170668 0)
(0.0549683 0.198456 0)
(0.055268 0.182584 0)
(0.0553949 0.173541 0)
(0.0553876 0.17141 0)
(0.0379277 0.197111 0)
(0.0386718 0.181651 0)
(0.0392362 0.172988 0)
(0.0396773 0.171167 0)
(0.021212 0.19478 0)
(0.022471 0.179741 0)
(0.0235269 0.171442 0)
(0.0244541 0.169885 0)
(0.00479913 0.191269 0)
(0.00666703 0.17671 0)
(0.00828284 0.168796 0)
(0.00974534 0.16749 0)
(-0.0112186 0.186312 0)
(-0.00864894 0.172357 0)
(-0.00640547 0.164906 0)
(-0.00435934 0.163885 0)
(-0.0265863 0.179694 0)
(-0.023252 0.166523 0)
(-0.0203419 0.159654 0)
(-0.0176887 0.158981 0)
(-0.0408972 0.171306 0)
(-0.0367966 0.159163 0)
(-0.0332312 0.153037 0)
(-0.0299897 0.152803 0)
(-0.0536539 0.161206 0)
(-0.0488739 0.150347 0)
(-0.0447284 0.145132 0)
(-0.0409672 0.145434 0)
(-0.0643843 0.14971 0)
(-0.0591009 0.140334 0)
(-0.0545156 0.136161 0)
(-0.0503533 0.137072 0)
(-0.0727875 0.137317 0)
(-0.0672251 0.129524 0)
(-0.0623784 0.126453 0)
(-0.0579647 0.128004 0)
(-0.0787882 0.124582 0)
(-0.07317 0.118364 0)
(-0.0682431 0.116378 0)
(-0.0637324 0.11855 0)
(-0.0824997 0.111997 0)
(-0.077014 0.107261 0)
(-0.0721655 0.106285 0)
(-0.0676963 0.109019 0)
(-0.0841559 0.0999458 0)
(-0.0789432 0.0965435 0)
(-0.0742962 0.0964636 0)
(-0.0699802 0.0996766 0)
(-0.0840499 0.0886858 0)
(-0.0792026 0.0864443 0)
(-0.0748428 0.0871282 0)
(-0.0707611 0.0907269 0)
(-0.0824873 0.0783679 0)
(-0.078057 0.0771094 0)
(-0.0740365 0.0784234 0)
(-0.0702418 0.0823151 0)
(-0.0797571 0.0690568 0)
(-0.0757639 0.0686127 0)
(-0.0721076 0.0704317 0)
(-0.0686289 0.0745314 0)
(-0.0761156 0.060756 0)
(-0.0725573 0.0609743 0)
(-0.0692701 0.0631874 0)
(-0.066118 0.067422 0)
(-0.0717799 0.0534282 0)
(-0.0686399 0.054177 0)
(-0.065713 0.0566897 0)
(-0.0628852 0.0609992 0)
(-0.0669281 0.0470118 0)
(-0.0641808 0.0481799 0)
(-0.0615967 0.0509146 0)
(-0.0590821 0.0552519 0)
(-0.061702 0.0414326 0)
(-0.0593172 0.0429288 0)
(-0.0570536 0.0458236 0)
(-0.0548361 0.0501536 0)
(-0.0562116 0.0366126 0)
(-0.0541571 0.0383638 0)
(-0.05219 0.041371 0)
(-0.0502508 0.0456691 0)
(-0.0505396 0.0324757 0)
(-0.0487841 0.0344247 0)
(-0.047089 0.0375084 0)
(-0.0454087 0.0417591 0)
(-0.0447464 0.0289518 0)
(-0.0432604 0.0310547 0)
(-0.0418145 0.0341892 0)
(-0.0403743 0.0383843 0)
(-0.0388742 0.0259788 0)
(-0.0376316 0.0282026 0)
(-0.0364145 0.0313701 0)
(-0.0351973 0.0355074 0)
(-0.0329526 0.0235048 0)
(-0.0319316 0.0258246 0)
(-0.0309262 0.0290134 0)
(-0.0299174 0.0330949 0)
(-0.027008 0.0214894 0)
(-0.0261923 0.0238863 0)
(-0.0253857 0.0270884 0)
(-0.0245741 0.0311195 0)
(-0.0210912 0.0199065 0)
(-0.0204699 0.0223646 0)
(-0.0198534 0.0255748 0)
(-0.0192314 0.0295637 0)
(-0.0153504 0.0187437 0)
(-0.0149141 0.0212524 0)
(-0.0144794 0.0244663 0)
(-0.0140429 0.0284165 0)
(-0.0101923 0.0179477 0)
(-0.00993307 0.020484 0)
(-0.00968069 0.0237034 0)
(-0.00944118 0.0276386 0)
(-0.00670087 0.0175358 0)
(-0.00655797 0.0200955 0)
(-0.00644229 0.0233857 0)
(-0.00635864 0.0273483 0)
(0.325145 -0.0958664 0)
(0.194447 -0.0563124 0)
(0.151153 -0.0199728 0)
(0.129169 -0.00124477 0)
(0.112716 0.00995724 0)
(0.0998719 0.0171095 0)
(0.0892334 0.0215758 0)
(0.0799067 0.0241793 0)
(0.0714337 0.0255399 0)
(0.0635677 0.0261144 0)
(0.0561633 0.0262193 0)
(0.0491294 0.0260696 0)
(0.0424021 0.0258107 0)
(0.0359238 0.0255454 0)
(0.0296235 0.0253435 0)
(0.0234088 0.0252537 0)
(0.017181 0.0253315 0)
(0.0107688 0.0256371 0)
(0.00395329 0.0256382 0)
(0.301475 0.0127772 0)
(0.220783 0.00935741 0)
(0.173859 0.015088 0)
(0.145447 0.0206112 0)
(0.124682 0.0254728 0)
(0.108662 0.0291897 0)
(0.0957596 0.0316069 0)
(0.0848506 0.0329069 0)
(0.0752636 0.0333896 0)
(0.066599 0.0333358 0)
(0.0586087 0.0329651 0)
(0.0511329 0.0324387 0)
(0.0440596 0.0318768 0)
(0.0372928 0.0313819 0)
(0.0307258 0.0310562 0)
(0.0242393 0.031007 0)
(0.0177275 0.0313215 0)
(0.0110263 0.0319482 0)
(0.00402369 0.0321065 0)
(0.265869 0.0722536 0)
(0.216381 0.0546207 0)
(0.17839 0.0468889 0)
(0.150775 0.0437235 0)
(0.129263 0.0429253 0)
(0.112171 0.0429378 0)
(0.0982771 0.0429095 0)
(0.0865888 0.0425677 0)
(0.0764318 0.0419179 0)
(0.0673663 0.0410552 0)
(0.0591023 0.0400845 0)
(0.0514436 0.0390981 0)
(0.0442484 0.0381806 0)
(0.0373964 0.0374279 0)
(0.0307629 0.0369664 0)
(0.0242225 0.036944 0)
(0.0176763 0.0374536 0)
(0.0109665 0.0383427 0)
(0.00399792 0.0386209 0)
(0.234209 0.104013 0)
(0.2017 0.0860524 0)
(0.172541 0.0734193 0)
(0.148428 0.0652352 0)
(0.128303 0.0602225 0)
(0.111659 0.0570057 0)
(0.0978071 0.0546252 0)
(0.0860304 0.0525992 0)
(0.075775 0.0507376 0)
(0.0666438 0.0489874 0)
(0.0583554 0.0473516 0)
(0.0507083 0.0458569 0)
(0.0435502 0.0445518 0)
(0.0367503 0.0435227 0)
(0.0301788 0.0429114 0)
(0.0237153 0.0428915 0)
(0.0172735 0.0435513 0)
(0.0107016 0.0446597 0)
(0.00389809 0.0450399 0)
(0.206924 0.123862 0)
(0.183899 0.108628 0)
(0.161497 0.0948052 0)
(0.141355 0.0839916 0)
(0.123558 0.0761396 0)
(0.108241 0.0704188 0)
(0.0951292 0.0660349 0)
(0.0837817 0.0624748 0)
(0.0738035 0.0594542 0)
(0.0648802 0.0568261 0)
(0.0567705 0.054519 0)
(0.0492904 0.0525076 0)
(0.0422937 0.0508092 0)
(0.0356514 0.0495008 0)
(0.029238 0.0487343 0)
(0.0229425 0.0486999 0)
(0.0166898 0.0494802 0)
(0.0103336 0.0507846 0)
(0.00376392 0.0512683 0)
(0.182811 0.137856 0)
(0.165535 0.125485 0)
(0.148116 0.111868 0)
(0.131621 0.0998147 0)
(0.116383 0.090179 0)
(0.102787 0.0826611 0)
(0.0908148 0.0767066 0)
(0.0802402 0.0718615 0)
(0.070814 0.0678196 0)
(0.062312 0.064388 0)
(0.0545458 0.0614504 0)
(0.0473614 0.0589457 0)
(0.0406297 0.0568691 0)
(0.0342327 0.0552903 0)
(0.028055 0.0543691 0)
(0.0219967 0.0543092 0)
(0.0159922 0.0551897 0)
(0.00990083 0.0566736 0)
(0.00360771 0.0572601 0)
(0.16098 0.148423 0)
(0.147565 0.138434 0)
(0.133889 0.12547 0)
(0.120517 0.112933 0)
(0.107726 0.102247 0)
(0.0959506 0.0935144 0)
(0.0853039 0.0864013 0)
(0.0757041 0.080544 0)
(0.0670147 0.0756555 0)
(0.0590906 0.0715314 0)
(0.0517966 0.0680342 0)
(0.045013 0.0650831 0)
(0.038633 0.0626595 0)
(0.032555 0.06083 0)
(0.026677 0.0597625 0)
(0.0209113 0.0596736 0)
(0.0152008 0.0606419 0)
(0.00941215 0.0622933 0)
(0.00343119 0.06298 0)
(0.140851 0.156654 0)
(0.130296 0.148533 0)
(0.119535 0.136306 0)
(0.108785 0.123686 0)
(0.0982081 0.112435 0)
(0.0882043 0.102929 0)
(0.0789387 0.0950061 0)
(0.0704149 0.0883926 0)
(0.0625752 0.0828383 0)
(0.0553369 0.0781475 0)
(0.0486108 0.0741786 0)
(0.0423103 0.0708426 0)
(0.0363528 0.068115 0)
(0.0306547 0.0660634 0)
(0.0251294 0.0648655 0)
(0.0197019 0.0647512 0)
(0.0143239 0.0658016 0)
(0.0088715 0.0676115 0)
(0.00323554 0.0683956 0)
(0.122048 0.163088 0)
(0.113774 0.156418 0)
(0.105373 0.144889 0)
(0.0968363 0.132396 0)
(0.0882285 0.120899 0)
(0.0798871 0.110941 0)
(0.0719862 0.102488 0)
(0.0645746 0.0953411 0)
(0.0576451 0.0892912 0)
(0.0511605 0.084161 0)
(0.0450689 0.0798145 0)
(0.0393132 0.0761631 0)
(0.0338332 0.0731823 0)
(0.0285638 0.070944 0)
(0.0234343 0.0696373 0)
(0.0183827 0.0695067 0)
(0.0133699 0.0706378 0)
(0.00828357 0.0725991 0)
(0.00302251 0.0734772 0)
(0.104305 0.168023 0)
(0.0979527 0.162486 0)
(0.0915351 0.151585 0)
(0.0848991 0.139335 0)
(0.0780447 0.127798 0)
(0.0712429 0.117623 0)
(0.0646558 0.108859 0)
(0.0583529 0.101366 0)
(0.0523576 0.0949731 0)
(0.0466642 0.0895242 0)
(0.0412497 0.0848943 0)
(0.0360812 0.081 0)
(0.031119 0.0778206 0)
(0.0263155 0.0754352 0)
(0.0216155 0.0740453 0)
(0.01697 0.0739109 0)
(0.0123495 0.0751237 0)
(0.00765463 0.07723 0)
(0.00279432 0.0781984 0)
(0.0874142 0.171646 0)
(0.0827642 0.166994 0)
(0.0780726 0.156655 0)
(0.0731074 0.144712 0)
(0.0678297 0.133278 0)
(0.062451 0.123058 0)
(0.0571134 0.114153 0)
(0.0518931 0.10647 0)
(0.0468312 0.0998682 0)
(0.0419437 0.0942117 0)
(0.037229 0.0893884 0)
(0.032674 0.0853227 0)
(0.0282565 0.0820005 0)
(0.023945 0.0795094 0)
(0.019699 0.0780643 0)
(0.0154825 0.0779407 0)
(0.0112755 0.0792375 0)
(0.00699229 0.0814826 0)
(0.00255367 0.0825369 0)
(0.0712251 0.174074 0)
(0.0681452 0.170114 0)
(0.0650071 0.16028 0)
(0.0615471 0.148688 0)
(0.0577066 0.13746 0)
(0.0536477 0.127324 0)
(0.0494919 0.118416 0)
(0.0453159 0.110673 0)
(0.0411707 0.103979 0)
(0.0370869 0.0982146 0)
(0.033079 0.0932818 0)
(0.0291498 0.0891135 0)
(0.0252921 0.0857033 0)
(0.0214886 0.0831482 0)
(0.0177127 0.0816766 0)
(0.0139406 0.0815791 0)
(0.0101619 0.0829628 0)
(0.00630512 0.0853402 0)
(0.00230365 0.0864752 0)
(0.0556353 0.17536 0)
(0.05405 0.17195 0)
(0.0523548 0.162586 0)
(0.0502821 0.151382 0)
(0.0477695 0.140441 0)
(0.0449411 0.130496 0)
(0.0419009 0.121698 0)
(0.0387243 0.114005 0)
(0.0354682 0.107319 0)
(0.0321734 0.101537 0)
(0.028867 0.0965715 0)
(0.0255643 0.0923651 0)
(0.022271 0.0889194 0)
(0.0189824 0.0863411 0)
(0.0156847 0.0848713 0)
(0.0123656 0.0848153 0)
(0.00902385 0.0862887 0)
(0.00560225 0.0887914 0)
(0.00204753 0.0900011 0)
(0.0405891 0.175518 0)
(0.0404651 0.172562 0)
(0.040141 0.163658 0)
(0.0393697 0.152885 0)
(0.0380976 0.142305 0)
(0.0364215 0.13264 0)
(0.0344332 0.124049 0)
(0.032207 0.116501 0)
(0.0298047 0.109912 0)
(0.0272751 0.104192 0)
(0.0246548 0.0992644 0)
(0.0219697 0.0950796 0)
(0.0192365 0.0916478 0)
(0.0164616 0.0890849 0)
(0.0136428 0.0876442 0)
(0.0107786 0.0876444 0)
(0.00787629 0.0892099 0)
(0.00489293 0.0918304 0)
(0.00178869 0.093108 0)
(0.0260748 0.174532 0)
(0.0274069 0.17198 0)
(0.0284058 0.163554 0)
(0.0288694 0.153265 0)
(0.0287639 0.14312 0)
(0.0281689 0.133819 0)
(0.0271697 0.12552 0)
(0.0258422 0.118201 0)
(0.0242525 0.111788 0)
(0.0224565 0.106202 0)
(0.0204989 0.101375 0)
(0.0184145 0.0972668 0)
(0.0162292 0.0938947 0)
(0.0139594 0.0913834 0)
(0.0116136 0.0899972 0)
(0.00919997 0.0900674 0)
(0.00673397 0.0917264 0)
(0.00418624 0.0944567 0)
(0.00153043 0.0957946 0)
(0.0121329 0.172369 0)
(0.0149246 0.170221 0)
(0.0172075 0.162319 0)
(0.0188474 0.152583 0)
(0.0198396 0.142949 0)
(0.0202568 0.134091 0)
(0.0201834 0.126164 0)
(0.0196992 0.119149 0)
(0.018876 0.112983 0)
(0.0177757 0.107595 0)
(0.0164505 0.102926 0)
(0.0149428 0.0989431 0)
(0.0132866 0.0956723 0)
(0.0115072 0.0932459 0)
(0.00962228 0.0919377 0)
(0.00764929 0.0920901 0)
(0.00561091 0.0938436 0)
(0.0034909 0.0966751 0)
(0.00127597 0.0980648 0)
(-0.00114866 0.168995 0)
(0.00309749 0.167302 0)
(0.00662161 0.16 0)
(0.00937676 0.150898 0)
(0.0113966 0.141855 0)
(0.0127551 0.133518 0)
(0.0135411 0.126035 0)
(0.0138409 0.119393 0)
(0.0137327 0.113536 0)
(0.0132847 0.108403 0)
(0.0125556 0.103943 0)
(0.0115947 0.100131 0)
(0.0104429 0.0969989 0)
(0.00913329 0.0946873 0)
(0.007692 0.0934782 0)
(0.00614455 0.0937236 0)
(0.0045202 0.0955714 0)
(0.00281506 0.098495 0)
(0.00102836 0.0999278 0)
(-0.0136313 0.164367 0)
(-0.00797021 0.163237 0)
(-0.00326441 0.156644 0)
(0.000535067 0.148272 0)
(0.00350558 0.139905 0)
(0.00572933 0.132163 0)
(0.00730352 0.125192 0)
(0.00832331 0.118985 0)
(0.00887369 0.113494 0)
(0.00902939 0.108666 0)
(0.00885502 0.10446 0)
(0.00840573 0.100857 0)
(0.00772864 0.0978972 0)
(0.00686342 0.0957268 0)
(0.00584368 0.0946353 0)
(0.00470212 0.0949828 0)
(0.0034738 0.0969241 0)
(0.00216624 0.0999305 0)
(0.000790434 0.101397 0)
(-0.025117 0.158542 0)
(-0.0181369 0.158089 0)
(-0.0123447 0.152317 0)
(-0.00759557 0.144773 0)
(-0.0037653 0.137169 0)
(-0.00076095 0.130096 0)
(0.00152458 0.1237 0)
(0.00319535 0.117982 0)
(0.00434348 0.112906 0)
(0.00504971 0.108427 0)
(0.00538421 0.104513 0)
(0.00540707 0.101153 0)
(0.00517058 0.0983942 0)
(0.00472016 0.0963879 0)
(0.00409585 0.0954298 0)
(0.00333659 0.0958868 0)
(0.00248237 0.0979198 0)
(0.00155115 0.101 0)
(0.000564723 0.102491 0)
(-0.0353767 0.151617 0)
(-0.0272424 0.151968 0)
(-0.020503 0.147127 0)
(-0.0149275 0.140503 0)
(-0.0103479 0.133733 0)
(-0.00666071 0.127391 0)
(-0.00374943 0.121625 0)
(-0.00150214 0.116446 0)
(0.000178817 0.111825 0)
(0.00137889 0.107732 0)
(0.00217291 0.104142 0)
(0.0026249 0.101055 0)
(0.00279143 0.0985204 0)
(0.00272281 0.0966974 0)
(0.00246446 0.0958858 0)
(0.00206057 0.0964578 0)
(0.00155521 0.0985801 0)
(0.000975559 0.101724 0)
(0.000353303 0.103231 0)
(-0.0442065 0.14377 0)
(-0.0351442 0.145026 0)
(-0.0276363 0.141208 0)
(-0.0213824 0.135578 0)
(-0.0161808 0.129703 0)
(-0.01192 0.12414 0)
(-0.00847694 0.119044 0)
(-0.00573434 0.114438 0)
(-0.00359044 0.110307 0)
(-0.00195665 0.106631 0)
(-0.000755373 0.103393 0)
(8.01703e-05 0.100599 0)
(0.000609577 0.0983093 0)
(0.000887136 0.096685 0)
(0.000962629 0.0960301 0)
(0.000884558 0.0967211 0)
(0.000700126 0.0989295 0)
(0.000444129 0.102128 0)
(0.000157524 0.103643 0)
(-0.0514655 0.135241 0)
(-0.041742 0.137456 0)
(-0.033671 0.134717 0)
(-0.0269042 0.130129 0)
(-0.0212186 0.125188 0)
(-0.0165007 0.120437 0)
(-0.0126253 0.116041 0)
(-0.00947273 0.112034 0)
(-0.00693942 0.108415 0)
(-0.00493543 0.105175 0)
(-0.00338217 0.102307 0)
(-0.00221112 0.0998254 0)
(-0.00136087 0.0977951 0)
(-0.000774783 0.0963817 0)
(-0.00039956 0.0958915 0)
(-0.000183353 0.0967037 0)
(-7.67147e-05 0.0989945 0)
(-3.97581e-05 0.10224 0)
(-2.18588e-05 0.103755 0)
(-0.0570955 0.1263 0)
(-0.04699 0.129475 0)
(-0.0385712 0.127828 0)
(-0.0314637 0.124298 0)
(-0.0254366 0.120305 0)
(-0.0203811 0.116382 0)
(-0.0161745 0.112698 0)
(-0.0126986 0.109305 0)
(-0.00985079 0.106211 0)
(-0.00754168 0.10342 0)
(-0.00569317 0.100935 0)
(-0.00423643 0.0987765 0)
(-0.00310935 0.0970155 0)
(-0.00225401 0.0958206 0)
(-0.00161478 0.0954999 0)
(-0.00113759 0.0964341 0)
(-0.000771549 0.0988034 0)
(-0.000471883 0.102092 0)
(-0.000179996 0.103589 0)
(-0.0611202 0.11721 0)
(-0.0508978 0.121297 0)
(-0.0423398 0.120716 0)
(-0.0350597 0.118227 0)
(-0.0288311 0.115175 0)
(-0.0235555 0.112073 0)
(-0.0191177 0.109102 0)
(-0.0154042 0.106323 0)
(-0.0123161 0.103759 0)
(-0.00976664 0.101422 0)
(-0.00767974 0.0993243 0)
(-0.0059876 0.0974951 0)
(-0.00462852 0.0960087 0)
(-0.0035442 0.0950368 0)
(-0.00267784 0.0948876 0)
(-0.00197409 0.095943 0)
(-0.0013814 0.0983863 0)
(-0.000850334 0.10171 0)
(-0.000317719 0.103182 0)
(-0.0636302 0.10821 0)
(-0.0535239 0.113123 0)
(-0.0450146 0.113546 0)
(-0.0377172 0.112054 0)
(-0.0314182 0.109909 0)
(-0.0260339 0.107608 0)
(-0.0214601 0.105334 0)
(-0.0175915 0.10316 0)
(-0.0143351 0.101119 0)
(-0.0116086 0.0992336 0)
(-0.00933913 0.0975236 0)
(-0.00746132 0.0960238 0)
(-0.00591484 0.0948131 0)
(-0.004642 0.0940649 0)
(-0.00358574 0.0940871 0)
(-0.00269038 0.095261 0)
(-0.0019044 0.0977729 0)
(-0.0011745 0.101124 0)
(-0.000435335 0.102569 0)
(-0.0647627 0.0994912 0)
(-0.0549628 0.10512 0)
(-0.0466621 0.106461 0)
(-0.0394829 0.1059 0)
(-0.0332309 0.104614 0)
(-0.0278395 0.103076 0)
(-0.0232181 0.101473 0)
(-0.0192718 0.0998847 0)
(-0.0159151 0.0983535 0)
(-0.013072 0.0969093 0)
(-0.0106739 0.0955798 0)
(-0.00865872 0.0944048 0)
(-0.00696851 0.0934667 0)
(-0.00554701 0.0929398 0)
(-0.00433783 0.0931307 0)
(-0.00328575 0.0944193 0)
(-0.00233997 0.096994 0)
(-0.00144434 0.100365 0)
(-0.000532967 0.10178 0)
(-0.0646802 0.0912001 0)
(-0.0553324 0.0974267 0)
(-0.0473681 0.099585 0)
(-0.0404199 0.0998732 0)
(-0.0343158 0.0993819 0)
(-0.0290067 0.09856 0)
(-0.0244172 0.0975909 0)
(-0.0204638 0.09656 0)
(-0.0170701 0.0955173 0)
(-0.014167 0.0944989 0)
(-0.0116912 0.093538 0)
(-0.0095849 0.092679 0)
(-0.00779305 0.0920068 0)
(-0.00626164 0.0916959 0)
(-0.00493571 0.0920506 0)
(-0.00376123 0.0934487 0)
(-0.00268876 0.0960801 0)
(-0.00166044 0.0994624 0)
(-0.000610927 0.100849 0)
(-0.0635538 0.0834378 0)
(-0.0547618 0.0901436 0)
(-0.04723 0.0930123 0)
(-0.0406022 0.0940603 0)
(-0.0347289 0.0942926 0)
(-0.0295784 0.0941299 0)
(-0.0250901 0.0937509 0)
(-0.0211926 0.0932436 0)
(-0.0178192 0.0926628 0)
(-0.0149082 0.0920494 0)
(-0.0124024 0.0914409 0)
(-0.0102484 0.0908852 0)
(-0.00839494 0.090469 0)
(-0.00679075 0.0903662 0)
(-0.00538297 0.0908783 0)
(-0.00411945 0.0923798 0)
(-0.0029526 0.0950616 0)
(-0.00182394 0.0984488 0)
(-0.000669678 0.0998064 0)
(-0.0615496 0.0762666 0)
(-0.0533812 0.0833412 0)
(-0.0463491 0.0868146 0)
(-0.0401086 0.0885307 0)
(-0.0345321 0.089411 0)
(-0.0296029 0.0898467 0)
(-0.0252748 0.0900091 0)
(-0.0214882 0.0899868 0)
(-0.0181861 0.0898369 0)
(-0.0153143 0.0896038 0)
(-0.012822 0.0893281 0)
(-0.0106607 0.08906 0)
(-0.00878318 0.0888873 0)
(-0.00714135 0.0889825 0)
(-0.00568502 0.0896437 0)
(-0.00436442 0.0912418 0)
(-0.00313434 0.0939678 0)
(-0.00193661 0.0973539 0)
(-0.000709862 0.0986832 0)
(-0.0588211 0.0697175 0)
(-0.0513149 0.0770634 0)
(-0.0448251 0.0810418 0)
(-0.0390192 0.0833362 0)
(-0.0337893 0.0847886 0)
(-0.0291316 0.0857603 0)
(-0.0250124 0.0864132 0)
(-0.0213837 0.0868341 0)
(-0.0181973 0.0870814 0)
(-0.0154068 0.0872011 0)
(-0.0129674 0.0872358 0)
(-0.0108358 0.0872372 0)
(-0.00896891 0.0872933 0)
(-0.0073223 0.0875748 0)
(-0.00584881 0.0883757 0)
(-0.00450147 0.0900628 0)
(-0.00323779 0.0928268 0)
(-0.00200079 0.0962067 0)
(-0.000732329 0.0975088 0)
(-0.0555044 0.0637979 0)
(-0.0486765 0.0713323 0)
(-0.0427521 0.0757254 0)
(-0.0374113 0.0785136 0)
(-0.0325641 0.0804649 0)
(-0.0282165 0.0819105 0)
(-0.0243459 0.0830023 0)
(-0.0209142 0.0838237 0)
(-0.0178817 0.0844327 0)
(-0.0152092 0.0848759 0)
(-0.0128578 0.0851968 0)
(-0.0107893 0.0854478 0)
(-0.00896495 0.0857164 0)
(-0.00734397 0.086171 0)
(-0.0058826 0.0871012 0)
(-0.00453698 0.0888692 0)
(-0.00326761 0.0916653 0)
(-0.00201942 0.0950344 0)
(-0.000738161 0.0963112 0)
(-0.051716 0.0584986 0)
(-0.0455671 0.0661539 0)
(-0.0402158 0.0708822 0)
(-0.0353577 0.0740872 0)
(-0.0309176 0.0764683 0)
(-0.026909 0.0783285 0)
(-0.0233181 0.0798085 0)
(-0.0201155 0.0809876 0)
(-0.0172692 0.0819222 0)
(-0.0147464 0.0826587 0)
(-0.012514 0.0832404 0)
(-0.0105384 0.0837198 0)
(-0.00878539 0.0841835 0)
(-0.00721792 0.0847971 0)
(-0.00579572 0.0858453 0)
(-0.00447829 0.087686 0)
(-0.0032292 0.0905083 0)
(-0.00199593 0.0938629 0)
(-0.000728648 0.0951162 0)
(-0.0475543 0.0537996 0)
(-0.0420738 0.0615226 0)
(-0.0372928 0.0665183 0)
(-0.0329249 0.0700712 0)
(-0.0289072 0.0728188 0)
(-0.0252582 0.0750376 0)
(-0.021971 0.0768571 0)
(-0.0190234 0.0783522 0)
(-0.01639 0.0795766 0)
(-0.0140439 0.0805757 0)
(-0.0119573 0.0813924 0)
(-0.0101011 0.0820784 0)
(-0.00844528 0.082719 0)
(-0.00695658 0.0834767 0)
(-0.00559836 0.0846314 0)
(-0.00433349 0.0865361 0)
(-0.00312859 0.089379 0)
(-0.00193413 0.0927158 0)
(-0.000705219 0.0939475 0)
(-0.0430998 0.0496742 0)
(-0.0382706 0.0574257 0)
(-0.03405 0.062632 0)
(-0.0301726 0.0664726 0)
(-0.0265859 0.0695294 0)
(-0.0233105 0.0720548 0)
(-0.0203449 0.0741681 0)
(-0.0176726 0.0759387 0)
(-0.0152741 0.077418 0)
(-0.0131274 0.0786495 0)
(-0.0112095 0.0796753 0)
(-0.0094959 0.0805459 0)
(-0.0079602 0.0813449 0)
(-0.00657308 0.0822315 0)
(-0.0053014 0.0834806 0)
(-0.00411134 0.0854406 0)
(-0.0029724 0.0882983 0)
(-0.00183825 0.0916145 0)
(-0.000669423 0.0928267 0)
(-0.038418 0.0460932 0)
(-0.0342192 0.0538457 0)
(-0.0305453 0.0592165 0)
(-0.0271543 0.0632926 0)
(-0.0240017 0.0666075 0)
(-0.0211091 0.0693923 0)
(-0.018478 0.0717563 0)
(-0.0160969 0.0737643 0)
(-0.0139507 0.0754646 0)
(-0.0120223 0.0768992 0)
(-0.0102927 0.0781084 0)
(-0.00874148 0.0791417 0)
(-0.00734613 0.0800805 0)
(-0.00608093 0.0810806 0)
(-0.00491625 0.0824122 0)
(-0.00382127 0.0844185 0)
(-0.00276795 0.0872853 0)
(-0.00171308 0.0905779 0)
(-0.000623032 0.0917723 0)
(-0.0335615 0.0430267 0)
(-0.0299715 0.0507636 0)
(-0.0268289 0.056262 0)
(-0.0239174 0.0605292 0)
(-0.0211992 0.064057 0)
(-0.0186944 0.0670578 0)
(-0.0164069 0.0696327 0)
(-0.0143288 0.0718419 0)
(-0.0124488 0.0737311 0)
(-0.0107538 0.0753401 0)
(-0.00922865 0.076708 0)
(-0.00785672 0.0778824 0)
(-0.00661922 0.0789428 0)
(-0.00549403 0.0800414 0)
(-0.00445483 0.0814433 0)
(-0.00347346 0.0834869 0)
(-0.00252354 0.0863564 0)
(-0.00156429 0.089622 0)
(-0.000568221 0.0907999 0)
(-0.0285746 0.0404469 0)
(-0.0255729 0.0481606 0)
(-0.0229469 0.0537581 0)
(-0.0205071 0.0581783 0)
(-0.0182209 0.0618785 0)
(-0.0161063 0.065056 0)
(-0.0141681 0.0678049 0)
(-0.0124012 0.0701815 0)
(-0.0107977 0.0722289 0)
(-0.00934773 0.073985 0)
(-0.00803989 0.0754874 0)
(-0.00686109 0.0767822 0)
(-0.00579621 0.0779466 0)
(-0.00482679 0.0791292 0)
(-0.00392977 0.0805897 0)
(-0.00307904 0.0826614 0)
(-0.00224859 0.0855263 0)
(-0.0013985 0.0887599 0)
(-0.000507584 0.0899209 0)
(-0.0235035 0.0383312 0)
(-0.0210728 0.0460225 0)
(-0.0189503 0.0516969 0)
(-0.0169739 0.0562373 0)
(-0.0151153 0.0600739 0)
(-0.0133899 0.0633923 0)
(-0.011803 0.066281 0)
(-0.0103516 0.0687931 0)
(-0.00903083 0.0709696 0)
(-0.00783379 0.0728467 0)
(-0.0067523 0.0744607 0)
(-0.00577685 0.0758562 0)
(-0.00489612 0.0771081 0)
(-0.0040956 0.0783613 0)
(-0.00335564 0.0798697 0)
(-0.0026514 0.0819597 0)
(-0.00195486 0.0848101 0)
(-0.001224 0.0880023 0)
(-0.000443903 0.0891425 0)
(-0.0184208 0.0366654 0)
(-0.016549 0.0443407 0)
(-0.0149178 0.0500737 0)
(-0.0133938 0.0547045 0)
(-0.0119538 0.058644 0)
(-0.0106111 0.0620696 0)
(-0.00937143 0.0650658 0)
(-0.00823404 0.0676834 0)
(-0.0071963 0.0699613 0)
(-0.00625416 0.0719345 0)
(-0.00540248 0.0736381 0)
(-0.00463529 0.0751156 0)
(-0.00394545 0.0764401 0)
(-0.00332322 0.0777524 0)
(-0.00275315 0.0792994 0)
(-0.00221107 0.0813982 0)
(-0.00166316 0.0842208 0)
(-0.00105784 0.0873568 0)
(-0.00038332 0.0884665 0)
(-0.0134953 0.0354282 0)
(-0.0121704 0.0430792 0)
(-0.0110121 0.0488466 0)
(-0.00991837 0.0535358 0)
(-0.00887495 0.0575448 0)
(-0.00789518 0.0610452 0)
(-0.00698587 0.0641184 0)
(-0.00614846 0.0668126 0)
(-0.00538245 0.0691655 0)
(-0.00468617 0.0712108 0)
(-0.00405723 0.0729831 0)
(-0.00349313 0.0745254 0)
(-0.00299141 0.0759096 0)
(-0.00254846 0.0772735 0)
(-0.00215501 0.0788557 0)
(-0.001788 0.0809598 0)
(-0.00140294 0.0837447 0)
(-0.000928686 0.0868064 0)
(-0.000343625 0.0878767 0)
(-0.00916582 0.0346113 0)
(-0.0083348 0.0422143 0)
(-0.00758968 0.0479657 0)
(-0.00686881 0.052668 0)
(-0.00616682 0.0567069 0)
(-0.00549942 0.0602468 0)
(-0.00487519 0.0633649 0)
(-0.00429749 0.066107 0)
(-0.00376758 0.0685087 0)
(-0.00328553 0.0706029 0)
(-0.00285107 0.0724238 0)
(-0.00246441 0.0740152 0)
(-0.00212707 0.0754493 0)
(-0.00184118 0.0768626 0)
(-0.00160391 0.0784859 0)
(-0.00139445 0.0806025 0)
(-0.00116077 0.0833428 0)
(-0.000818026 0.0863038 0)
(-0.000324214 0.087326 0)
(-0.00630405 0.034181 0)
(-0.00582957 0.0417176 0)
(-0.00535315 0.047462 0)
(-0.00486818 0.0521834 0)
(-0.00438388 0.0562586 0)
(-0.00391678 0.0598437 0)
(-0.00347639 0.0630112 0)
(-0.00306708 0.0658039 0)
(-0.00269087 0.068256 0)
(-0.00234858 0.0703996 0)
(-0.00204075 0.0722694 0)
(-0.00176844 0.07391 0)
(-0.00153378 0.0753949 0)
(-0.00133914 0.0768572 0)
(-0.00118188 0.078513 0)
(-0.00104273 0.0806094 0)
(-0.000874885 0.0832275 0)
(-0.000606328 0.0859585 0)
(-0.00022337 0.0867792 0)
)
;

boundaryField
{
    leftWall
    {
        type            noSlip;
    }
    rightWall
    {
        type            noSlip;
    }
    lowerWall
    {
        type            noSlip;
    }
    atmosphere
    {
        type            pressureInletOutletVelocity;
        value           nonuniform List<vector> 
46
(
(0 -0.117599 0)
(0 -0.128957 0)
(0 -0.121074 0)
(0 -0.115521 0)
(0 -0.110457 0)
(0 -0.105382 0)
(0 -0.10001 0)
(0 -0.094195 0)
(0 -0.0878958 0)
(0 -0.0811366 0)
(0 -0.0739754 0)
(0 -0.066487 0)
(0 -0.0587546 0)
(0 -0.0508652 0)
(0 -0.0429046 0)
(0 -0.0349541 0)
(0 -0.0270866 0)
(0 -0.0193699 0)
(0 -0.0119107 0)
(0 -0.00502047 0)
(-0.00704741 0.00130744 0)
(-0.00711108 0.00811696 0)
(-0.00703402 0.0136122 0)
(-0.00670087 0.0175358 0)
(-0.00655797 0.0200955 0)
(-0.00644229 0.0233857 0)
(-0.00635864 0.0273483 0)
(-0.00630405 0.034181 0)
(-0.00582957 0.0417176 0)
(-0.00535315 0.047462 0)
(-0.00486818 0.0521834 0)
(-0.00438388 0.0562586 0)
(-0.00391678 0.0598437 0)
(-0.00347639 0.0630112 0)
(-0.00306708 0.0658039 0)
(-0.00269087 0.068256 0)
(-0.00234858 0.0703996 0)
(-0.00204075 0.0722694 0)
(-0.00176844 0.07391 0)
(-0.00153378 0.0753949 0)
(-0.00133914 0.0768572 0)
(-0.00118188 0.078513 0)
(-0.00104273 0.0806094 0)
(-0.000874885 0.0832275 0)
(-0.000606328 0.0859585 0)
(-0.00022337 0.0867792 0)
)
;
    }
    defaultFaces
    {
        type            empty;
    }
}


// ************************************************************************* //
