/*--------------------------------*- C++ -*----------------------------------*\
| =========                 |                                                 |
| \\      /  F ield         | OpenFOAM: The Open Source CFD Toolbox           |
|  \\    /   O peration     | Version:  v2012                                 |
|   \\  /    A nd           | Website:  www.openfoam.com                      |
|    \\/     M anipulation  |                                                 |
\*---------------------------------------------------------------------------*/
FoamFile
{
    version     2.0;
    format      ascii;
    class       surfaceScalarField;
    location    "0.5";
    object      phi;
}
// * * * * * * * * * * * * * * * * * * * * * * * * * * * * * * * * * * * * * //

dimensions      [0 3 -1 0 0 0 0];
oriented        oriented;


internalField   nonuniform List<scalar> 
4432
(
-5.13781e-06
5.13781e-06
-6.51324e-06
1.37542e-06
-4.44765e-06
-2.06559e-06
-1.13873e-06
-3.30892e-06
2.3969e-06
-3.53564e-06
5.77469e-06
-3.3778e-06
8.84087e-06
-3.06617e-06
1.15641e-05
-2.72324e-06
1.39592e-05
-2.39508e-06
1.60507e-05
-2.09147e-06
1.78564e-05
-1.80576e-06
1.93772e-05
-1.52073e-06
2.05835e-05
-1.20633e-06
2.13958e-05
-8.12342e-07
2.16103e-05
-2.14501e-07
2.08612e-05
7.49147e-07
1.87731e-05
2.08808e-06
1.49309e-05
3.84218e-06
9.11111e-06
5.81981e-06
1.56581e-06
7.54532e-06
-6.48409e-06
8.0499e-06
-1.04049e-05
3.92085e-06
-1.04049e-05
-3.59804e-06
8.73585e-06
-3.06635e-06
8.43718e-07
-8.52157e-07
-4.27979e-06
2.09844e-06
-6.25952e-06
5.26931e-06
-6.70652e-06
8.32599e-06
-6.43449e-06
1.11349e-05
-5.87504e-06
1.36548e-05
-5.24322e-06
1.58854e-05
-4.62563e-06
1.78377e-05
-4.0438e-06
1.95186e-05
-3.4867e-06
2.09209e-05
-2.923e-06
2.20149e-05
-2.30031e-06
2.27386e-05
-1.53599e-06
2.30107e-05
-4.8661e-07
2.2712e-05
1.04778e-06
2.15513e-05
3.24884e-06
1.91238e-05
6.26969e-06
1.49328e-05
1.00107e-05
8.7466e-06
1.37316e-05
1.38798e-06
1.54085e-05
-3.15106e-06
8.45989e-06
-1.3556e-05
-1.63056e-06
1.03664e-05
-3.93969e-07
-3.92874e-07
1.76981e-06
-6.44358e-06
4.49916e-06
-8.98887e-06
7.35877e-06
-9.56612e-06
1.011e-05
-9.18573e-06
1.26487e-05
-8.41374e-06
1.49399e-05
-7.53437e-06
1.69779e-05
-6.66366e-06
1.87654e-05
-5.83126e-06
2.0301e-05
-5.02233e-06
2.15725e-05
-4.19452e-06
2.25511e-05
-3.27889e-06
2.31839e-05
-2.16875e-06
2.33971e-05
-6.99808e-07
2.30979e-05
1.34694e-06
2.21427e-05
4.20403e-06
2.0345e-05
8.06743e-06
1.7462e-05
1.28937e-05
1.33211e-05
1.78726e-05
8.14698e-06
2.05826e-05
2.95532e-06
1.36516e-05
-1.06007e-05
1.90319e-07
1.01761e-05
1.82076e-06
-2.02332e-06
4.08124e-06
-8.70405e-06
6.63744e-06
-1.15451e-05
9.21976e-06
-1.21484e-05
1.16745e-05
-1.16405e-05
1.39401e-05
-1.06793e-05
1.59954e-05
-9.58968e-06
1.78334e-05
-8.50161e-06
1.94496e-05
-7.4475e-06
2.0836e-05
-6.40872e-06
2.19766e-05
-5.33506e-06
2.28443e-05
-4.14668e-06
2.33969e-05
-2.72134e-06
2.35748e-05
-8.77646e-07
2.33075e-05
1.61423e-06
2.25191e-05
4.99242e-06
2.11352e-05
9.45138e-06
1.90764e-05
1.49524e-05
1.6224e-05
2.0725e-05
1.23508e-05
2.44557e-05
7.09279e-06
1.89096e-05
-3.50788e-06
1.85902e-06
8.31707e-06
3.84898e-06
-4.01329e-06
6.21491e-06
-1.107e-05
8.63297e-06
-1.39631e-05
1.09485e-05
-1.44639e-05
1.31062e-05
-1.37982e-05
1.50957e-05
-1.26688e-05
1.69121e-05
-1.14061e-05
1.8547e-05
-1.01366e-05
1.99896e-05
-8.89003e-06
2.12253e-05
-7.64441e-06
2.22353e-05
-6.34506e-06
2.2996e-05
-4.90736e-06
2.34762e-05
-3.20153e-06
2.36324e-05
-1.03386e-06
2.34165e-05
1.83013e-06
2.27928e-05
5.61604e-06
2.17463e-05
1.04979e-05
2.02756e-05
1.64232e-05
1.82771e-05
2.27236e-05
1.53096e-05
2.74232e-05
9.99078e-06
2.42284e-05
6.4829e-06
3.02801e-06
5.28906e-06
5.68522e-06
-6.6705e-06
8.22905e-06
-1.36138e-05
1.05124e-05
-1.62465e-05
1.25468e-05
-1.64983e-05
1.43992e-05
-1.56506e-05
1.61121e-05
-1.43818e-05
1.76924e-05
-1.29864e-05
1.9127e-05
-1.15712e-05
2.03975e-05
-1.01606e-05
2.14835e-05
-8.73042e-06
2.2364e-05
-7.22553e-06
2.30199e-05
-5.56318e-06
2.34323e-05
-3.61403e-06
2.35748e-05
-1.17628e-06
2.34186e-05
1.9863e-06
2.29561e-05
6.0785e-06
2.22068e-05
1.12472e-05
2.12114e-05
1.74186e-05
1.9874e-05
2.4061e-05
1.76326e-05
2.96646e-05
1.24364e-05
2.94246e-05
1.89193e-05
3.90957e-06
1.37949e-06
7.41856e-06
-1.01795e-05
1.01741e-05
-1.63693e-05
1.227e-05
-1.83425e-05
1.39829e-05
-1.82112e-05
1.55198e-05
-1.71875e-05
1.69626e-05
-1.58246e-05
1.83172e-05
-1.4341e-05
1.95603e-05
-1.28143e-05
2.06649e-05
-1.12652e-05
2.16047e-05
-9.67019e-06
2.23571e-05
-7.97799e-06
2.29089e-05
-6.11495e-06
2.32555e-05
-3.96059e-06
2.33873e-05
-1.30817e-06
2.3293e-05
2.08067e-06
2.29855e-05
6.38599e-06
2.25078e-05
1.17249e-05
2.19353e-05
1.79911e-05
2.11989e-05
2.47974e-05
1.97271e-05
3.11364e-05
1.49315e-05
3.42202e-05
3.38508e-05
4.81324e-06
-3.43375e-06
9.2419e-06
-1.46081e-05
1.20778e-05
-1.92053e-05
1.38524e-05
-2.01171e-05
1.51943e-05
-1.9553e-05
1.64208e-05
-1.8414e-05
1.76158e-05
-1.70196e-05
1.87668e-05
-1.54919e-05
1.98348e-05
-1.38824e-05
2.07846e-05
-1.2215e-05
2.15847e-05
-1.04703e-05
2.22116e-05
-8.60484e-06
2.26588e-05
-6.56215e-06
2.29385e-05
-4.24032e-06
2.30593e-05
-1.42895e-06
2.30238e-05
2.11617e-06
2.28608e-05
6.549e-06
2.26314e-05
1.19543e-05
2.2452e-05
1.81704e-05
2.2319e-05
2.49304e-05
2.17927e-05
3.16627e-05
1.81961e-05
3.78168e-05
5.20469e-05
1.7792e-05
-1.7792e-05
1.58834e-05
1.90875e-06
1.54513e-06
1.43385e-05
-2.34677e-05
2.50127e-05
-5.52304e-05
3.17627e-05
-8.89126e-05
3.36819e-05
-0.000120637
3.17245e-05
-0.000148029
2.73925e-05
-0.000170081
2.20517e-05
-0.000186724
1.66432e-05
-0.000198405
1.16811e-05
-0.000206534
8.12904e-06
-0.00021361
7.07589e-06
-0.000221908
8.29751e-06
-0.000232146
1.02382e-05
-0.000239146
6.9996e-06
-0.000218134
-2.10117e-05
-0.000124166
-9.39682e-05
-0.000124166
1.60752e-06
-1.93994e-05
-9.72186e-06
1.32381e-05
-3.30566e-05
3.76733e-05
-6.43219e-05
5.62779e-05
-9.6869e-05
6.43098e-05
-0.000125781
6.25935e-05
-0.000149227
5.5171e-05
-0.000167272
4.54374e-05
-0.000180836
3.56156e-05
-0.000191063
2.68706e-05
-0.000199019
1.96364e-05
-0.000206
1.51102e-05
-0.000213618
1.46943e-05
-0.000222569
1.72479e-05
-0.000230111
1.77804e-05
-0.000228375
5.26346e-06
-0.000196074
-5.33129e-05
-0.000104369
-0.000185673
-0.000228535
-7.99167e-06
-1.14076e-05
-2.51977e-05
3.04441e-05
-4.90384e-05
6.15141e-05
-7.50467e-05
8.2286e-05
-9.89524e-05
8.82155e-05
-0.000119304
8.29451e-05
-0.000136421
7.22879e-05
-0.000150849
5.9866e-05
-0.000162989
4.7755e-05
-0.000173149
3.70312e-05
-0.000181511
2.79979e-05
-0.000188624
2.22232e-05
-0.000195485
2.15553e-05
-0.000202155
2.39179e-05
-0.000204221
1.9846e-05
-0.000192461
-6.49681e-06
-0.000154556
-9.12178e-05
-7.84349e-05
-0.000261794
-0.00030697
-1.20169e-05
6.09393e-07
-2.95011e-05
4.79283e-05
-4.9976e-05
8.1989e-05
-7.00559e-05
0.000102366
-8.79641e-05
0.000106124
-0.000104016
9.89968e-05
-0.000118723
8.69951e-05
-0.000131995
7.31381e-05
-0.000143455
5.92153e-05
-0.000152857
4.64328e-05
-0.000159792
3.49325e-05
-0.000164274
2.67057e-05
-0.00016665
2.39312e-05
-0.000166379
2.3647e-05
-0.000159486
1.29533e-05
-0.000140276
-2.57075e-05
-0.000109832
-0.000121661
-5.88682e-05
-0.000312758
-0.000365838
-1.04561e-05
1.10656e-05
-2.56816e-05
6.31537e-05
-4.22393e-05
9.85467e-05
-5.79836e-05
0.00011811
-7.23852e-05
0.000120525
-8.60706e-05
0.000112682
-9.92009e-05
0.000100125
-0.000111203
8.51399e-05
-0.000121271
6.9284e-05
-0.000128966
5.41275e-05
-0.000133358
3.93243e-05
-0.000133806
2.71539e-05
-0.000129872
1.99976e-05
-0.000120039
1.38135e-05
-0.000100512
-6.57411e-06
-7.18272e-05
-5.4392e-05
-5.21776e-05
-0.000141311
-4.36261e-05
-0.000321309
-0.000409464
-4.60569e-06
1.56712e-05
-1.65507e-05
7.50988e-05
-2.96492e-05
0.000111645
-4.22524e-05
0.000130713
-5.41882e-05
0.000132461
-6.58871e-05
0.000124381
-7.72283e-05
0.000111467
-8.741e-05
9.53217e-05
-9.53961e-05
7.72701e-05
-0.000100822
5.95539e-05
-0.000102287
4.07892e-05
-9.85137e-05
2.33803e-05
-8.85324e-05
1.00164e-05
-7.09529e-05
-3.76591e-06
-4.18252e-05
-3.57018e-05
-6.0788e-06
-9.01385e-05
5.91189e-06
-0.000153302
-2.86816e-05
-0.000286715
-0.000438145
4.06817e-06
1.1603e-05
-4.12428e-06
8.32916e-05
-1.42308e-05
0.000121751
-2.41415e-05
0.000140624
-3.37654e-05
0.000142085
-4.32214e-05
0.000133837
-5.2242e-05
0.000120487
-5.99558e-05
0.000103036
-6.52026e-05
8.2517e-05
-6.80683e-05
6.24197e-05
-6.6708e-05
3.94289e-05
-5.91107e-05
1.57831e-05
-4.37191e-05
-5.37543e-06
-2.05884e-05
-2.68964e-05
9.07685e-06
-6.53672e-05
3.40744e-05
-0.000115136
3.78714e-05
-0.000157099
-1.76538e-06
-0.000247079
-0.000439911
1.85058e-05
-6.90292e-06
9.0967e-06
9.27009e-05
2.71839e-06
0.00012813
-4.19015e-06
0.000147532
-1.11707e-05
0.000149065
-1.78597e-05
0.000140526
-2.38355e-05
0.000126463
-2.81128e-05
0.000107313
-2.92812e-05
8.36853e-05
-2.86487e-05
6.17873e-05
-2.45532e-05
3.53334e-05
-1.36892e-05
4.91913e-06
5.61654e-06
-2.46812e-05
3.08431e-05
-5.21228e-05
4.74568e-05
-8.19811e-05
4.76953e-05
-0.000115374
3.911e-05
-0.000148514
1.77515e-05
-0.00022572
-0.000422159
1.4955e-05
-1.83887e-05
2.63605e-05
-2.60137e-05
3.12597e-05
-2.41045e-05
3.34851e-05
-2.23425e-05
3.51777e-05
-2.12455e-05
3.69608e-05
-2.01971e-05
3.88643e-05
-1.89232e-05
4.07745e-05
-1.7402e-05
4.25665e-05
-1.56745e-05
4.41453e-05
-1.37938e-05
4.54305e-05
-1.17554e-05
4.6367e-05
-9.5414e-06
4.69671e-05
-7.16225e-06
4.73328e-05
-4.606e-06
4.75467e-05
-1.64278e-06
4.76423e-05
2.02055e-06
4.77247e-05
6.46656e-06
4.79503e-05
1.17287e-05
4.87408e-05
1.73799e-05
5.03903e-05
2.32809e-05
5.28227e-05
2.92303e-05
5.61234e-05
3.45161e-05
4.09754e-05
6.71948e-05
2.56813e-05
-4.407e-05
3.44367e-05
-3.47691e-05
3.51484e-05
-2.48162e-05
3.52569e-05
-2.24509e-05
3.60784e-05
-2.20671e-05
3.74692e-05
-2.15879e-05
3.90339e-05
-2.04879e-05
4.05239e-05
-1.8892e-05
4.19146e-05
-1.70651e-05
4.31495e-05
-1.50288e-05
4.40647e-05
-1.26706e-05
4.45705e-05
-1.00472e-05
4.46891e-05
-7.28086e-06
4.46611e-05
-4.57797e-06
4.47429e-05
-1.72461e-06
4.49749e-05
1.78861e-06
4.55071e-05
5.93427e-06
4.62955e-05
1.09404e-05
4.80372e-05
1.56383e-05
5.10215e-05
2.02966e-05
5.51336e-05
2.51183e-05
6.0257e-05
2.93926e-05
3.3849e-05
6.73835e-05
2.79911e-05
-7.20611e-05
3.04912e-05
-3.72692e-05
3.15761e-05
-2.59012e-05
3.3107e-05
-2.39818e-05
3.46818e-05
-2.36418e-05
3.6129e-05
-2.30351e-05
3.74333e-05
-2.17923e-05
3.7805e-05
-1.92636e-05
3.82365e-05
-1.74966e-05
3.94609e-05
-1.62532e-05
4.04022e-05
-1.36119e-05
4.09657e-05
-1.06107e-05
4.11695e-05
-7.48468e-06
4.12441e-05
-4.65259e-06
4.1395e-05
-1.87545e-06
4.17798e-05
1.40382e-06
4.24289e-05
5.2851e-06
4.34089e-05
9.96037e-06
4.58555e-05
1.31917e-05
4.94925e-05
1.66595e-05
5.36699e-05
2.09409e-05
5.82703e-05
2.47922e-05
2.83743e-05
6.3745e-05
-4.10978e-06
-6.79514e-05
3.10697e-06
-4.44861e-05
1.11869e-05
-3.39812e-05
1.78045e-05
-3.05994e-05
2.31766e-05
-2.90138e-05
2.75317e-05
-2.73901e-05
3.10618e-05
-2.53223e-05
3.45038e-05
-2.27055e-05
3.67795e-05
-1.97723e-05
3.75801e-05
-1.70538e-05
3.81194e-05
-1.41512e-05
3.84726e-05
-1.09638e-05
3.85834e-05
-7.59542e-06
3.80645e-05
-4.13361e-06
3.58214e-05
3.67619e-07
3.58053e-05
1.41993e-06
3.72691e-05
3.82128e-06
4.00229e-05
7.20657e-06
4.39113e-05
9.30339e-06
4.78509e-05
1.27199e-05
5.22168e-05
1.6575e-05
5.72541e-05
1.97549e-05
2.28635e-05
6.27649e-05
-1.28506e-05
-5.51008e-05
-6.94471e-06
-5.03922e-05
1.55205e-06
-4.2478e-05
8.81435e-06
-3.78616e-05
1.45637e-05
-3.4763e-05
1.91815e-05
-3.20077e-05
2.30183e-05
-2.9159e-05
2.63904e-05
-2.60777e-05
2.9491e-05
-2.28729e-05
3.20317e-05
-1.95944e-05
3.39746e-05
-1.6094e-05
3.53123e-05
-1.23013e-05
3.59051e-05
-8.18804e-06
3.54362e-05
-3.66453e-06
3.48458e-05
9.58094e-07
3.38724e-05
2.39336e-06
3.44104e-05
3.28328e-06
3.61657e-05
5.45124e-06
4.01671e-05
5.30206e-06
4.54181e-05
7.4688e-06
5.16012e-05
1.0392e-05
5.77401e-05
1.3616e-05
1.68127e-05
6.37909e-05
-4.98556e-06
-5.01154e-05
-3.71086e-06
-5.1667e-05
1.06855e-06
-4.72574e-05
6.20675e-06
-4.29997e-05
1.07951e-05
-3.93513e-05
1.47687e-05
-3.59812e-05
1.82634e-05
-3.26537e-05
2.14424e-05
-2.92567e-05
2.43541e-05
-2.57845e-05
2.6936e-05
-2.21763e-05
2.91856e-05
-1.83434e-05
3.11276e-05
-1.42431e-05
3.28231e-05
-9.88334e-06
3.45318e-05
-5.37302e-06
3.66836e-05
-1.19372e-06
3.79285e-05
1.14853e-06
3.88155e-05
2.39628e-06
4.08269e-05
3.43981e-06
4.04823e-05
5.64665e-06
4.33266e-05
4.62455e-06
4.84815e-05
5.23713e-06
5.50891e-05
7.00837e-06
9.03983e-06
6.2862e-05
-1.83542e-06
-4.828e-05
-7.46821e-07
-5.27557e-05
2.10729e-06
-5.01115e-05
5.5578e-06
-4.64502e-05
8.98268e-06
-4.27761e-05
1.22048e-05
-3.92033e-05
1.52199e-05
-3.56688e-05
1.80687e-05
-3.21056e-05
2.07551e-05
-2.84709e-05
2.32855e-05
-2.47066e-05
2.57008e-05
-2.07586e-05
2.80686e-05
-1.66108e-05
3.04964e-05
-1.23111e-05
3.31457e-05
-8.02224e-06
3.60837e-05
-4.13182e-06
3.85631e-05
-1.33085e-06
4.04264e-05
5.32916e-07
4.17473e-05
2.119e-06
4.43873e-05
3.0067e-06
4.79138e-05
1.09801e-06
5.21615e-05
9.89327e-07
5.45768e-05
4.59305e-06
3.56166e-06
6.00549e-05
-5.62374e-07
-4.77177e-05
5.65012e-07
-5.38832e-05
2.54855e-06
-5.20951e-05
4.95632e-06
-4.88579e-05
7.52407e-06
-4.53437e-05
1.01226e-05
-4.18018e-05
1.27067e-05
-3.82528e-05
1.52673e-05
-3.46661e-05
1.78019e-05
-3.10055e-05
2.0327e-05
-2.72316e-05
2.28852e-05
-2.33168e-05
2.55426e-05
-1.92681e-05
2.83821e-05
-1.51506e-05
3.14784e-05
-1.11186e-05
3.47952e-05
-7.44863e-06
3.79587e-05
-4.49439e-06
4.07669e-05
-2.27528e-06
4.34967e-05
-6.10793e-07
4.6305e-05
1.98379e-07
4.75472e-05
-1.44254e-07
4.876e-05
-2.23663e-07
5.37652e-05
-4.12183e-07
-2.85729e-06
6.01841e-05
2.12673e-07
-4.79305e-05
1.00778e-06
-5.46784e-05
2.29744e-06
-5.33847e-05
3.97281e-06
-5.05332e-05
5.9078e-06
-4.72786e-05
8.01273e-06
-4.39066e-05
1.02373e-05
-4.04773e-05
1.2558e-05
-3.69869e-05
1.49684e-05
-3.34158e-05
1.74807e-05
-2.9744e-05
2.01278e-05
-2.5964e-05
2.29572e-05
-2.20975e-05
2.60185e-05
-1.8212e-05
2.93357e-05
-1.44359e-05
3.285e-05
-1.09631e-05
3.63625e-05
-8.00682e-06
3.97315e-05
-5.64433e-06
4.29996e-05
-3.87887e-06
4.60547e-05
-2.85683e-06
4.85291e-05
-2.61877e-06
5.10027e-05
-2.69733e-06
5.37521e-05
-3.16166e-06
-4.42291e-06
5.53178e-05
3.2762e-07
-4.82582e-05
7.37538e-07
-5.50883e-05
1.50355e-06
-5.41507e-05
2.64136e-06
-5.16709e-05
4.09048e-06
-4.87277e-05
5.79024e-06
-4.56063e-05
7.69807e-06
-4.23851e-05
9.78989e-06
-3.90787e-05
1.20576e-05
-3.56836e-05
1.45089e-05
-3.21953e-05
1.71655e-05
-2.86206e-05
2.00565e-05
-2.49886e-05
2.32058e-05
-2.13614e-05
2.6611e-05
-1.78411e-05
3.02143e-05
-1.45664e-05
3.38896e-05
-1.16822e-05
3.75235e-05
-9.27823e-06
4.10525e-05
-7.40803e-06
4.43471e-05
-6.15145e-06
4.72415e-05
-5.51335e-06
4.98285e-05
-5.28449e-06
5.20661e-05
-5.39922e-06
-5.76754e-06
5.34108e-05
1.27108e-07
-4.83853e-05
1.24737e-07
-5.5086e-05
4.62653e-07
-5.44886e-05
1.17178e-06
-5.238e-05
2.21793e-06
-4.97738e-05
3.55933e-06
-4.69477e-05
5.16362e-06
-4.39894e-05
7.01112e-06
-4.09262e-05
9.09466e-06
-3.77671e-05
1.14187e-05
-3.45193e-05
1.39964e-05
-3.11983e-05
1.68432e-05
-2.78355e-05
1.99667e-05
-2.44849e-05
2.33518e-05
-2.12262e-05
2.69455e-05
-1.81601e-05
3.06542e-05
-1.53909e-05
3.43758e-05
-1.29999e-05
3.80136e-05
-1.1046e-05
4.14422e-05
-9.58021e-06
4.45267e-05
-8.59796e-06
4.72276e-05
-7.98536e-06
4.94603e-05
-7.63186e-06
-7.33239e-06
5.10253e-05
-2.14656e-07
-4.81707e-05
-5.63444e-07
-5.47372e-05
-5.78335e-07
-5.44737e-05
-2.28926e-07
-5.27294e-05
4.63979e-07
-5.04666e-05
1.47258e-06
-4.79563e-05
2.77419e-06
-4.52911e-05
4.35491e-06
-4.2507e-05
6.20982e-06
-3.9622e-05
8.34179e-06
-3.66512e-05
1.07585e-05
-3.36149e-05
1.34667e-05
-3.05437e-05
1.64647e-05
-2.74829e-05
1.9732e-05
-2.44935e-05
2.32206e-05
-2.16488e-05
2.68544e-05
-1.90248e-05
3.05412e-05
-1.66868e-05
3.41808e-05
-1.46858e-05
3.76574e-05
-1.30569e-05
4.08543e-05
-1.1795e-05
4.36985e-05
-1.08295e-05
4.61146e-05
-1.00478e-05
-9.23588e-06
4.80182e-05
-5.66715e-07
-4.7604e-05
-1.16857e-06
-5.41354e-05
-1.466e-06
-5.41763e-05
-1.41995e-06
-5.27754e-05
-1.03959e-06
-5.0847e-05
-3.41369e-07
-4.86546e-05
6.61176e-07
-4.62936e-05
1.96008e-06
-4.38058e-05
3.5533e-06
-4.12151e-05
5.44352e-06
-3.85413e-05
7.63531e-06
-3.58066e-05
1.01308e-05
-3.30391e-05
1.29234e-05
-3.02755e-05
1.59914e-05
-2.75614e-05
1.92921e-05
-2.49494e-05
2.27608e-05
-2.24937e-05
2.63169e-05
-2.02431e-05
2.98682e-05
-1.82373e-05
3.33133e-05
-1.65021e-05
3.65533e-05
-1.50351e-05
3.95127e-05
-1.37888e-05
4.21282e-05
-1.26633e-05
-1.14554e-05
4.43478e-05
-8.34413e-07
-4.67696e-05
-1.61626e-06
-5.33537e-05
-2.12643e-06
-5.36662e-05
-2.32851e-06
-5.25735e-05
-2.21938e-06
-5.09562e-05
-1.80376e-06
-4.90702e-05
-1.0865e-06
-4.70109e-05
-6.99139e-08
-4.48224e-05
1.24689e-06
-4.25319e-05
2.86728e-06
-4.01616e-05
4.7946e-06
-3.77338e-05
7.02872e-06
-3.52731e-05
9.56144e-06
-3.28081e-05
1.23718e-05
-3.03718e-05
1.54225e-05
-2.80002e-05
1.8659e-05
-2.57303e-05
2.20121e-05
-2.35963e-05
2.54025e-05
-2.16277e-05
2.87449e-05
-1.98446e-05
3.19581e-05
-1.82482e-05
3.49764e-05
-1.68071e-05
3.77508e-05
-1.54376e-05
-1.39515e-05
4.0247e-05
-9.96974e-07
-4.57727e-05
-1.88405e-06
-5.24668e-05
-2.54294e-06
-5.30074e-05
-2.93822e-06
-5.21783e-05
-3.05493e-06
-5.08396e-05
-2.88663e-06
-4.92386e-05
-2.42983e-06
-4.74677e-05
-1.6812e-06
-4.5571e-05
-6.36825e-07
-4.35762e-05
7.07594e-07
-4.1506e-05
2.35521e-06
-3.93813e-05
4.30527e-06
-3.7223e-05
6.54968e-06
-3.50524e-05
9.06967e-06
-3.28917e-05
1.18333e-05
-3.07639e-05
1.47951e-05
-2.86921e-05
1.78976e-05
-2.6699e-05
2.10752e-05
-2.48054e-05
2.42591e-05
-2.30284e-05
2.73851e-05
-2.13742e-05
3.04022e-05
-1.98242e-05
3.3276e-05
-1.83115e-05
-1.66617e-05
3.59861e-05
-1.05956e-06
-4.47133e-05
-1.98619e-06
-5.15403e-05
-2.73636e-06
-5.22573e-05
-3.272e-06
-5.16427e-05
-3.56702e-06
-5.05446e-05
-3.60488e-06
-4.92007e-05
-3.37454e-06
-4.76981e-05
-2.86758e-06
-4.6078e-05
-2.07689e-06
-4.43669e-05
-9.96781e-07
-4.25861e-05
3.76189e-07
-4.07542e-05
2.04141e-06
-3.88881e-05
3.99186e-06
-3.70028e-05
6.21161e-06
-3.51114e-05
8.67412e-06
-3.32264e-05
1.13422e-05
-3.13603e-05
1.41694e-05
-2.95262e-05
1.71035e-05
-2.77395e-05
2.00911e-05
-2.60161e-05
2.30845e-05
-2.43676e-05
2.60479e-05
-2.27877e-05
2.89612e-05
-2.12248e-05
-1.95167e-05
3.18161e-05
-1.04204e-06
-4.36714e-05
-1.9562e-06
-5.06263e-05
-2.74892e-06
-5.14647e-05
-3.37669e-06
-5.10149e-05
-3.80341e-06
-5.01179e-05
-4.00402e-06
-4.90002e-05
-3.96104e-06
-4.77411e-05
-3.66167e-06
-4.63775e-05
-3.09598e-06
-4.49326e-05
-2.25665e-06
-4.34254e-05
-1.13938e-06
-4.18714e-05
2.55843e-07
-4.02833e-05
1.9234e-06
-3.86702e-05
3.85041e-06
-3.70384e-05
6.01549e-06
-3.53916e-05
8.38904e-06
-3.37338e-05
1.09347e-05
-3.20719e-05
1.36123e-05
-3.04172e-05
1.63828e-05
-2.87867e-05
1.92132e-05
-2.71982e-05
2.20822e-05
-2.56568e-05
2.49825e-05
-2.41252e-05
-2.24502e-05
2.79161e-05
-9.68277e-07
-4.27031e-05
-1.83441e-06
-4.97602e-05
-2.63168e-06
-5.06674e-05
-3.31026e-06
-5.03364e-05
-3.82595e-06
-4.96022e-05
-4.14715e-06
-4.8679e-05
-4.25148e-06
-4.76369e-05
-4.12261e-06
-4.65064e-05
-3.74835e-06
-4.5307e-05
-3.11982e-06
-4.40539e-05
-2.23169e-06
-4.27595e-05
-1.08277e-06
-4.14321e-05
3.22916e-07
-4.00759e-05
1.97536e-06
-3.86908e-05
3.85798e-06
-3.72742e-05
5.94796e-06
-3.58239e-05
8.2178e-06
-3.43418e-05
1.06384e-05
-3.28378e-05
1.31828e-05
-3.13313e-05
1.58316e-05
-2.9847e-05
1.85757e-05
-2.8401e-05
2.14186e-05
-2.6968e-05
-2.54006e-05
2.4369e-05
-8.61778e-07
-4.18414e-05
-1.65974e-06
-4.89623e-05
-2.43524e-06
-4.9892e-05
-3.13184e-06
-4.96398e-05
-3.69989e-06
-4.90342e-05
-4.10361e-06
-4.82754e-05
-4.31752e-06
-4.74231e-05
-4.32292e-06
-4.65011e-05
-4.10599e-06
-4.5524e-05
-3.65661e-06
-4.45033e-05
-2.96835e-06
-4.34477e-05
-2.03876e-06
-4.23616e-05
-8.69988e-07
-4.12446e-05
5.30676e-07
-4.00914e-05
2.1509e-06
-3.88944e-05
3.97387e-06
-3.76468e-05
5.97978e-06
-3.63477e-05
8.14891e-06
-3.5007e-05
1.04652e-05
-3.36476e-05
1.292e-05
-3.23018e-05
1.55151e-05
-3.09959e-05
1.82614e-05
-2.97143e-05
-2.83101e-05
2.11709e-05
-7.41781e-07
-4.10996e-05
-1.46623e-06
-4.82379e-05
-2.20415e-06
-4.91541e-05
-2.89477e-06
-4.89492e-05
-3.48581e-06
-4.84432e-05
-3.93984e-06
-4.78213e-05
-4.23017e-06
-4.71328e-05
-4.33712e-06
-4.63942e-05
-4.24595e-06
-4.56152e-05
-3.94573e-06
-4.48035e-05
-3.4291e-06
-4.39643e-05
-2.69234e-06
-4.30984e-05
-1.73574e-06
-4.22012e-05
-5.63947e-07
-4.12632e-05
8.1439e-07
-4.02728e-05
2.38758e-06
-3.922e-05
4.14247e-06
-3.81026e-05
6.06729e-06
-3.69318e-05
8.15491e-06
-3.57352e-05
1.04059e-05
-3.45528e-05
1.28301e-05
-3.34201e-05
1.54437e-05
-3.23279e-05
-3.11251e-05
1.82586e-05
-6.23209e-07
-4.04764e-05
-1.27876e-06
-4.75826e-05
-1.97326e-06
-4.84597e-05
-2.64229e-06
-4.82802e-05
-3.2344e-06
-4.7851e-05
-3.71315e-06
-4.73425e-05
-4.05249e-06
-4.67934e-05
-4.23317e-06
-4.62135e-05
-4.24038e-06
-4.5608e-05
-4.06294e-06
-4.4981e-05
-3.69279e-06
-4.43345e-05
-3.12514e-06
-4.3666e-05
-2.35862e-06
-4.29676e-05
-1.39539e-06
-4.22264e-05
-2.4082e-07
-4.14272e-05
1.09768e-06
-4.05584e-05
2.6125e-06
-3.96174e-05
4.29848e-06
-3.86178e-05
6.15579e-06
-3.75925e-05
8.1924e-06
-3.65894e-05
1.04242e-05
-3.56519e-05
1.28708e-05
-3.47746e-05
-3.37958e-05
1.55415e-05
-5.17637e-07
-3.99589e-05
-1.11575e-06
-4.69847e-05
-1.76676e-06
-4.78088e-05
-2.40553e-06
-4.76414e-05
-2.98374e-06
-4.72727e-05
-3.46817e-06
-4.68581e-05
-3.83514e-06
-4.64264e-05
-4.06705e-06
-4.59816e-05
-4.15006e-06
-4.5525e-05
-4.07332e-06
-4.50578e-05
-3.82852e-06
-4.45793e-05
-3.41e-06
-4.40845e-05
-2.815e-06
-4.35626e-05
-2.04359e-06
-4.29977e-05
-1.09826e-06
-4.23725e-05
1.72161e-08
-4.16739e-05
1.2997e-06
-4.09e-05
2.74944e-06
-4.00676e-05
4.37248e-06
-3.92156e-05
6.18267e-06
-3.83996e-05
8.2007e-06
-3.767e-05
1.04478e-05
-3.70217e-05
-3.62779e-05
1.29299e-05
-4.29713e-07
-3.95294e-05
-9.85289e-07
-4.64293e-05
-1.59806e-06
-4.71961e-05
-2.20363e-06
-4.70358e-05
-2.75896e-06
-4.67173e-05
-3.23583e-06
-4.63811e-05
-3.61457e-06
-4.60476e-05
-3.88032e-06
-4.57159e-05
-4.02117e-06
-4.53842e-05
-4.02728e-06
-4.50517e-05
-3.89057e-06
-4.4716e-05
-3.60495e-06
-4.437e-05
-3.16653e-06
-4.40009e-05
-2.57368e-06
-4.35904e-05
-1.82652e-06
-4.31196e-05
-9.25819e-07
-4.25745e-05
1.29063e-07
-4.19549e-05
1.34248e-06
-4.1281e-05
2.72525e-06
-4.05983e-05
4.29602e-06
-3.99704e-05
6.07941e-06
-3.94534e-05
8.09805e-06
-3.90403e-05
-3.85344e-05
1.03547e-05
-3.61021e-07
-3.91685e-05
-8.88457e-07
-4.5902e-05
-1.47152e-06
-4.6613e-05
-2.04518e-06
-4.6462e-05
-2.57333e-06
-4.61891e-05
-3.03423e-06
-4.59202e-05
-3.41346e-06
-4.56685e-05
-3.70002e-06
-4.54294e-05
-3.88474e-06
-4.51995e-05
-3.95946e-06
-4.49769e-05
-3.91691e-06
-4.47585e-05
-3.75102e-06
-4.45359e-05
-3.45715e-06
-4.42947e-05
-3.03234e-06
-4.40152e-05
-2.47482e-06
-4.36771e-05
-1.78291e-06
-4.32664e-05
-9.53224e-07
-4.27845e-05
2.20985e-08
-4.22562e-05
1.15766e-06
-4.17338e-05
2.47622e-06
-4.1289e-05
4.00611e-06
-4.09832e-05
5.77205e-06
-4.08062e-05
-4.0538e-05
7.77574e-06
-3.07061e-07
-3.88616e-05
-8.22884e-07
-4.53862e-05
-1.38544e-06
-4.60503e-05
-1.9308e-06
-4.59166e-05
-2.43059e-06
-4.56894e-05
-2.87061e-06
-4.54802e-05
-3.24259e-06
-4.52965e-05
-3.5403e-06
-4.51317e-05
-3.75804e-06
-4.49817e-05
-3.88993e-06
-4.4845e-05
-3.93006e-06
-4.47183e-05
-3.87281e-06
-4.45931e-05
-3.71325e-06
-4.44543e-05
-3.44754e-06
-4.4281e-05
-3.07248e-06
-4.40522e-05
-2.5846e-06
-4.37543e-05
-1.97826e-06
-4.33907e-05
-1.24308e-06
-4.29913e-05
-3.61242e-07
-4.26157e-05
6.9372e-07
-4.2344e-05
1.95424e-06
-4.22437e-05
3.44881e-06
-4.23007e-05
-4.22712e-05
5.18202e-06
-2.61719e-07
-3.85999e-05
-7.81574e-07
-4.48661e-05
-1.33369e-06
-4.54981e-05
-1.85565e-06
-4.53946e-05
-2.32757e-06
-4.52175e-05
-2.74392e-06
-4.50639e-05
-3.10338e-06
-4.4937e-05
-3.40506e-06
-4.48299e-05
-3.64719e-06
-4.47395e-05
-3.82667e-06
-4.46654e-05
-3.93941e-06
-4.46056e-05
-3.98071e-06
-4.45519e-05
-3.94586e-06
-4.44892e-05
-3.83056e-06
-4.43963e-05
-3.63072e-06
-4.4252e-05
-3.34161e-06
-4.40432e-05
-2.95604e-06
-4.37762e-05
-2.46168e-06
-4.34857e-05
-1.83825e-06
-4.32392e-05
-1.05583e-06
-4.31265e-05
-7.73685e-08
-4.32222e-05
1.132e-06
-4.351e-05
-4.37242e-05
2.58495e-06
-2.19959e-07
-3.83798e-05
-7.58514e-07
-4.43273e-05
-1.30946e-06
-4.4947e-05
-1.81183e-06
-4.48922e-05
-2.25655e-06
-4.47728e-05
-2.64752e-06
-4.46729e-05
-2.99074e-06
-4.45937e-05
-3.29085e-06
-4.45297e-05
-3.55016e-06
-4.44801e-05
-3.76868e-06
-4.4447e-05
-3.94447e-06
-4.44299e-05
-4.07423e-06
-4.44223e-05
-4.15394e-06
-4.44095e-05
-4.17936e-06
-4.43708e-05
-4.146e-06
-4.42852e-05
-4.04842e-06
-4.41407e-05
-3.87851e-06
-4.39461e-05
-3.62281e-06
-4.37415e-05
-3.25932e-06
-4.36029e-05
-2.75536e-06
-4.36306e-05
-2.06866e-06
-4.39089e-05
-1.15542e-06
-4.44232e-05
-4.48902e-05
1.06605e-08
-1.8438e-07
-3.81953e-05
-7.51793e-07
-4.37597e-05
-1.30543e-06
-4.43933e-05
-1.7897e-06
-4.44079e-05
-2.20714e-06
-4.43553e-05
-2.57142e-06
-4.43085e-05
-2.89566e-06
-4.42694e-05
-3.18973e-06
-4.42355e-05
-3.45992e-06
-4.421e-05
-3.7093e-06
-4.41977e-05
-3.93836e-06
-4.4201e-05
-4.14563e-06
-4.42151e-05
-4.32824e-06
-4.42269e-05
-4.4825e-06
-4.42166e-05
-4.60401e-06
-4.41637e-05
-4.68716e-06
-4.40576e-05
-4.72367e-06
-4.39097e-05
-4.69987e-06
-4.37654e-05
-4.59337e-06
-4.37095e-05
-4.36978e-06
-4.38541e-05
-3.98211e-06
-4.42965e-05
-3.3759e-06
-4.50294e-05
-4.57612e-05
-2.50491e-06
-1.54812e-07
-3.80403e-05
-7.58094e-07
-4.31563e-05
-1.31399e-06
-4.38374e-05
-1.77846e-06
-4.39435e-05
-2.1676e-06
-4.39661e-05
-2.50414e-06
-4.39719e-05
-2.80746e-06
-4.3966e-05
-3.09186e-06
-4.39512e-05
-3.36714e-06
-4.39348e-05
-3.63926e-06
-4.39256e-05
-3.91122e-06
-4.3929e-05
-4.18364e-06
-4.39426e-05
-4.45522e-06
-4.39553e-05
-4.72328e-06
-4.39486e-05
-4.98395e-06
-4.39031e-05
-5.23207e-06
-4.38095e-05
-5.45999e-06
-4.36818e-05
-5.65515e-06
-4.35703e-05
-5.79642e-06
-4.35682e-05
-5.84969e-06
-4.38008e-05
-5.7646e-06
-4.43815e-05
-5.47567e-06
-4.53183e-05
-4.63221e-05
-4.91478e-06
-1.41267e-07
-3.7899e-05
-7.73701e-07
-4.25238e-05
-1.32513e-06
-4.32859e-05
-1.76645e-06
-4.35022e-05
-2.12602e-06
-4.36066e-05
-2.43434e-06
-4.36636e-05
-2.7156e-06
-4.36848e-05
-2.98752e-06
-4.36793e-05
-3.26262e-06
-4.36597e-05
-3.54935e-06
-4.36388e-05
-3.8531e-06
-4.36251e-05
-4.17669e-06
-4.3619e-05
-4.52063e-06
-4.36115e-05
-4.8836e-06
-4.35858e-05
-5.2628e-06
-4.35241e-05
-5.65409e-06
-4.34183e-05
-6.0514e-06
-4.32845e-05
-6.44463e-06
-4.31771e-05
-6.81602e-06
-4.31968e-05
-7.13467e-06
-4.34822e-05
-7.35014e-06
-4.41661e-05
-7.38861e-06
-4.52799e-05
-4.6552e-05
-7.15879e-06
-1.41516e-07
-3.77574e-05
-7.90832e-07
-4.18744e-05
-1.3286e-06
-4.27482e-05
-1.74254e-06
-4.30883e-05
-2.07175e-06
-4.32774e-05
-2.35222e-06
-4.33832e-05
-2.61126e-06
-4.34259e-05
-2.86874e-06
-4.34218e-05
-3.13899e-06
-4.33894e-05
-3.43234e-06
-4.33454e-05
-3.75619e-06
-4.33013e-05
-4.11541e-06
-4.32599e-05
-4.51244e-06
-4.32146e-05
-4.94762e-06
-4.31507e-05
-5.4196e-06
-4.30521e-05
-5.92583e-06
-4.2912e-05
-6.46254e-06
-4.27478e-05
-7.02342e-06
-4.26162e-05
-7.59643e-06
-4.26239e-05
-8.1575e-06
-4.29212e-05
-8.66123e-06
-4.36624e-05
-9.03101e-06
-4.49101e-05
-4.64262e-05
-9.15673e-06
-1.47451e-07
-3.76099e-05
-7.99855e-07
-4.1222e-05
-1.31496e-06
-4.22331e-05
-1.69826e-06
-4.2705e-05
-1.99718e-06
-4.29785e-05
-2.25098e-06
-4.31295e-05
-2.48844e-06
-4.31884e-05
-2.7303e-06
-4.31799e-05
-2.99168e-06
-4.31279e-05
-3.284e-06
-4.3053e-05
-3.61605e-06
-4.29693e-05
-3.99438e-06
-4.28818e-05
-4.42327e-06
-4.27859e-05
-4.90485e-06
-4.26692e-05
-5.43943e-06
-4.25175e-05
-6.02632e-06
-4.2325e-05
-6.66449e-06
-4.21096e-05
-7.35236e-06
-4.19284e-05
-8.08559e-06
-4.18906e-05
-8.8509e-06
-4.21558e-05
-9.6143e-06
-4.28989e-05
-1.0305e-05
-4.42192e-05
-4.5928e-05
-1.08032e-05
-1.51321e-07
-3.74586e-05
-7.95767e-07
-4.05776e-05
-1.28074e-06
-4.17482e-05
-1.63064e-06
-4.23551e-05
-1.89945e-06
-4.27096e-05
-2.12782e-06
-4.29011e-05
-2.34455e-06
-4.29716e-05
-2.57001e-06
-4.29544e-05
-2.81907e-06
-4.28787e-05
-3.10326e-06
-4.27688e-05
-3.43197e-06
-4.26406e-05
-3.81287e-06
-4.2501e-05
-4.25172e-06
-4.2347e-05
-4.75227e-06
-4.21686e-05
-5.31643e-06
-4.19532e-05
-5.94525e-06
-4.16961e-05
-6.64041e-06
-4.14144e-05
-7.40526e-06
-4.11635e-05
-8.24429e-06
-4.10515e-05
-9.15798e-06
-4.1242e-05
-1.013e-05
-4.19267e-05
-1.11061e-05
-4.32431e-05
-4.50642e-05
-1.19699e-05
-1.58099e-07
-3.73004e-05
-7.85377e-07
-3.99504e-05
-1.23227e-06
-4.13013e-05
-1.54441e-06
-4.20429e-05
-1.78138e-06
-4.24726e-05
-1.98412e-06
-4.26983e-05
-2.18016e-06
-4.27755e-05
-2.38825e-06
-4.27462e-05
-2.62184e-06
-4.26451e-05
-2.89154e-06
-4.2499e-05
-3.20645e-06
-4.23257e-05
-3.57458e-06
-4.21328e-05
-4.00255e-06
-4.1919e-05
-4.49518e-06
-4.16759e-05
-5.05555e-06
-4.13927e-05
-5.68603e-06
-4.10655e-05
-6.39041e-06
-4.07099e-05
-7.17627e-06
-4.03775e-05
-8.0564e-06
-4.01713e-05
-9.04585e-06
-4.02525e-05
-1.01503e-05
-4.08222e-05
-1.13416e-05
-4.20519e-05
-4.38827e-05
-1.25231e-05
-1.97002e-07
-3.71035e-05
-7.93282e-07
-3.93543e-05
-1.18815e-06
-4.09065e-05
-1.45222e-06
-4.17788e-05
-1.65094e-06
-4.22738e-05
-1.8246e-06
-4.25245e-05
-1.99803e-06
-4.2602e-05
-2.18687e-06
-4.25573e-05
-2.40187e-06
-4.243e-05
-2.65161e-06
-4.22492e-05
-2.94396e-06
-4.20333e-05
-3.28636e-06
-4.17904e-05
-3.68539e-06
-4.152e-05
-4.14618e-06
-4.12151e-05
-4.67228e-06
-4.08666e-05
-5.26666e-06
-4.04711e-05
-5.93416e-06
-4.00424e-05
-6.6849e-06
-3.96267e-05
-7.53766e-06
-3.93185e-05
-8.51988e-06
-3.92702e-05
-9.65918e-06
-3.96829e-05
-1.09594e-05
-4.07516e-05
-4.24837e-05
-1.23583e-05
-3.25771e-07
-3.67778e-05
-8.61382e-07
-3.88188e-05
-1.1775e-06
-4.05904e-05
-1.37218e-06
-4.1584e-05
-1.51857e-06
-4.21273e-05
-1.65505e-06
-4.2388e-05
-1.80128e-06
-4.24558e-05
-1.96772e-06
-4.23908e-05
-2.16085e-06
-4.22368e-05
-2.38611e-06
-4.20238e-05
-2.64918e-06
-4.17701e-05
-2.95603e-06
-4.14835e-05
-3.31231e-06
-4.11637e-05
-3.72258e-06
-4.08047e-05
-4.19009e-06
-4.0399e-05
-4.71748e-06
-3.99436e-05
-5.30932e-06
-3.94506e-05
-5.97608e-06
-3.89601e-05
-6.73898e-06
-3.85557e-05
-7.63289e-06
-3.83764e-05
-8.70211e-06
-3.86137e-05
-9.98064e-06
-3.94731e-05
-4.10162e-05
-1.14483e-05
-6.1178e-07
-3.61662e-05
-1.03673e-06
-3.83939e-05
-1.22946e-06
-4.03977e-05
-1.31967e-06
-4.14938e-05
-1.3917e-06
-4.20553e-05
-1.47875e-06
-4.2301e-05
-1.59115e-06
-4.23434e-05
-1.73111e-06
-4.22508e-05
-1.89904e-06
-4.20687e-05
-2.09616e-06
-4.18265e-05
-2.32523e-06
-4.15409e-05
-2.59009e-06
-4.12186e-05
-2.89475e-06
-4.0859e-05
-3.24257e-06
-4.04568e-05
-3.63566e-06
-4.00058e-05
-4.07551e-06
-3.95038e-05
-4.56517e-06
-3.8961e-05
-5.11346e-06
-3.84119e-05
-5.74045e-06
-3.79287e-05
-6.48223e-06
-3.76346e-05
-7.39068e-06
-3.77053e-05
-8.51993e-06
-3.8344e-05
-3.9649e-05
-9.88716e-06
-1.14044e-06
-3.50258e-05
-1.35985e-06
-3.81746e-05
-1.35542e-06
-4.04021e-05
-1.29457e-06
-4.15547e-05
-1.26725e-06
-4.20828e-05
-1.29265e-06
-4.22757e-05
-1.36507e-06
-4.22709e-05
-1.4748e-06
-4.21409e-05
-1.61454e-06
-4.19287e-05
-1.78064e-06
-4.16602e-05
-1.97263e-06
-4.13488e-05
-2.192e-06
-4.09992e-05
-2.44093e-06
-4.06099e-05
-2.72114e-06
-4.01765e-05
-3.03316e-06
-3.96938e-05
-3.37666e-06
-3.91603e-05
-3.75248e-06
-3.85853e-05
-4.1665e-06
-3.79979e-05
-4.63504e-06
-3.74602e-05
-5.19026e-06
-3.70794e-05
-5.88224e-06
-3.70135e-05
-6.77114e-06
-3.74552e-05
-3.85225e-05
-7.8976e-06
-2.03247e-06
-3.29934e-05
-1.84853e-06
-3.83586e-05
-1.53166e-06
-4.0719e-05
-1.27075e-06
-4.18157e-05
-1.12679e-06
-4.22268e-05
-1.0856e-06
-4.23169e-05
-1.11638e-06
-4.224e-05
-1.19434e-06
-4.20627e-05
-1.30385e-06
-4.18191e-05
-1.43666e-06
-4.15274e-05
-1.5895e-06
-4.11961e-05
-1.76188e-06
-4.08268e-05
-1.95436e-06
-4.04174e-05
-2.16714e-06
-3.99637e-05
-2.39914e-06
-3.94618e-05
-2.64825e-06
-3.89112e-05
-2.91292e-06
-3.83206e-05
-3.19556e-06
-3.77153e-05
-3.50749e-06
-3.71484e-05
-3.87408e-06
-3.6713e-05
-4.33765e-06
-3.65499e-05
-4.95227e-06
-3.68405e-05
-3.7708e-05
-5.76677e-06
-3.38092e-06
-2.96125e-05
-2.46191e-06
-3.92776e-05
-1.68387e-06
-4.14971e-05
-1.18949e-06
-4.23102e-05
-9.36283e-07
-4.24801e-05
-8.40172e-07
-4.2413e-05
-8.36322e-07
-4.22438e-05
-8.84764e-07
-4.20142e-05
-9.63335e-07
-4.17406e-05
-1.0609e-06
-4.14299e-05
-1.17269e-06
-4.10843e-05
-1.29719e-06
-4.07023e-05
-1.43399e-06
-4.02806e-05
-1.58237e-06
-3.98153e-05
-1.74028e-06
-3.93039e-05
-1.90441e-06
-3.87471e-05
-2.07133e-06
-3.81537e-05
-2.24022e-06
-3.75464e-05
-2.41718e-06
-3.69715e-05
-2.62029e-06
-3.65099e-05
-2.883e-06
-3.62872e-05
-3.24926e-06
-3.64743e-05
-3.72032e-05
-3.75415e-06
-4.9134e-06
-2.46991e-05
-2.9922e-06
-4.11988e-05
-1.61994e-06
-4.28695e-05
-9.46504e-07
-4.29837e-05
-6.51568e-07
-4.2775e-05
-5.39594e-07
-4.25249e-05
-5.18561e-07
-4.22648e-05
-5.43028e-07
-4.19897e-05
-5.90512e-07
-4.16931e-05
-6.50653e-07
-4.13698e-05
-7.19238e-07
-4.10157e-05
-7.94839e-07
-4.06266e-05
-8.76832e-07
-4.01985e-05
-9.64242e-07
-3.97279e-05
-1.05499e-06
-3.92131e-05
-1.14571e-06
-3.86563e-05
-1.23248e-06
-3.80669e-05
-1.31261e-06
-3.74663e-05
-1.3881e-06
-3.6896e-05
-1.47029e-06
-3.64276e-05
-1.58404e-06
-3.61734e-05
-1.76977e-06
-3.62885e-05
-3.69034e-05
-2.06943e-06
-5.81252e-06
-2.29462e-06
-8.98753e-07
-4.29034e-07
-2.50128e-07
-1.8622e-07
-1.71505e-07
-1.77787e-07
-1.93209e-07
-2.12966e-07
-2.35245e-07
-2.59479e-07
-2.85465e-07
-3.12878e-07
-3.40924e-07
-3.68096e-07
-3.92221e-07
-4.10904e-07
-4.22939e-07
-4.30941e-07
-4.4506e-07
-4.87537e-07
-5.88003e-07
5.06428e-05
1.65521e-05
3.85611e-05
1.20816e-05
3.13486e-05
7.21255e-06
3.1039e-06
2.82447e-05
6.75136e-05
1.6422e-05
6.42907e-05
1.53045e-05
5.81726e-05
1.33307e-05
1.12749e-05
5.00016e-05
6.58587e-05
1.43083e-05
6.64721e-05
1.46912e-05
6.50668e-05
1.47359e-05
1.46177e-05
6.1724e-05
6.48669e-05
1.22063e-05
6.65594e-05
1.29987e-05
6.7653e-05
1.36423e-05
1.41372e-05
6.81335e-05
6.62801e-05
9.71701e-06
6.86622e-05
1.06167e-05
7.09567e-05
1.13477e-05
1.19022e-05
7.31917e-05
6.67792e-05
5.7998e-06
7.06953e-05
6.70055e-06
7.4433e-05
7.61003e-06
8.34497e-06
7.79903e-05
6.38553e-05
1.99939e-06
6.8079e-05
2.47688e-06
7.23573e-05
3.33176e-06
4.53946e-06
7.61628e-05
6.44358e-05
-2.25237e-06
6.90395e-05
-2.12675e-06
7.31007e-05
-7.29424e-07
1.19781e-06
7.64423e-05
5.52133e-05
-2.14777e-06
5.50814e-05
-1.99489e-06
5.59048e-05
-1.55275e-06
-1.09532e-06
5.81979e-05
5.3888e-05
-2.62497e-06
5.43465e-05
-2.45333e-06
5.4987e-05
-2.19326e-06
-1.89996e-06
5.57916e-05
5.16039e-05
-3.20345e-06
5.21206e-05
-2.97001e-06
5.26172e-05
-2.68984e-06
-2.35981e-06
5.30771e-05
4.87455e-05
-3.93067e-06
4.93649e-05
-3.58941e-06
4.98638e-05
-3.18864e-06
-2.70951e-06
5.02135e-05
4.52477e-05
-4.83054e-06
4.60348e-05
-4.37649e-06
4.66756e-05
-3.8294e-06
-3.16659e-06
4.71328e-05
4.13123e-05
-5.89587e-06
4.2281e-05
-5.34523e-06
4.31132e-05
-4.6616e-06
-3.82105e-06
4.37677e-05
3.71925e-05
-7.10237e-06
3.8328e-05
-6.48066e-06
3.9352e-05
-5.68567e-06
-4.69193e-06
4.02229e-05
3.31309e-05
-8.41716e-06
3.44016e-05
-7.75135e-06
3.559e-05
-6.87406e-06
-5.75759e-06
3.66556e-05
2.93026e-05
-9.80369e-06
3.0669e-05
-9.11777e-06
3.19798e-05
-8.18488e-06
-6.9748e-06
3.3197e-05
2.57905e-05
-1.12252e-05
2.72106e-05
-1.0538e-05
2.85966e-05
-9.57093e-06
-8.29152e-06
2.99133e-05
2.25921e-05
-1.26465e-05
2.4025e-05
-1.19709e-05
2.54392e-05
-1.09851e-05
-9.65446e-06
2.6802e-05
1.96465e-05
-1.40345e-05
2.10538e-05
-1.33782e-05
2.24519e-05
-1.23832e-05
-1.10134e-05
2.38107e-05
1.68661e-05
-1.53592e-05
1.82134e-05
-1.47255e-05
1.95564e-05
-1.37261e-05
-1.23242e-05
2.08672e-05
1.41658e-05
-1.6595e-05
1.54248e-05
-1.59845e-05
1.66811e-05
-1.49825e-05
-1.35522e-05
1.7909e-05
1.14824e-05
-1.77228e-05
1.26325e-05
-1.71347e-05
1.37806e-05
-1.61305e-05
-1.46744e-05
1.49027e-05
8.78316e-06
-1.87302e-05
9.8129e-06
-1.81645e-05
1.08423e-05
-1.71599e-05
-1.56819e-05
1.18496e-05
6.06367e-06
-1.96119e-05
6.97023e-06
-1.90711e-05
7.8813e-06
-1.8071e-05
-1.65786e-05
8.77796e-06
3.34045e-06
-2.03674e-05
4.1273e-06
-1.9858e-05
4.92839e-06
-1.88721e-05
-1.73787e-05
5.7284e-06
6.41692e-07
-2.09984e-05
1.31472e-06
-2.05311e-05
2.01724e-06
-1.95745e-05
-1.81e-05
2.73855e-06
-1.99836e-06
-2.1505e-05
-1.4354e-06
-2.10941e-05
-8.22979e-07
-2.01869e-05
-1.87572e-05
-1.65791e-07
-4.53826e-06
-2.18816e-05
-4.08899e-06
-2.15434e-05
-3.56733e-06
-2.07085e-05
-1.93535e-05
-2.97094e-06
-6.92493e-06
-2.21154e-05
-6.6032e-06
-2.18651e-05
-6.18639e-06
-2.11253e-05
-1.98758e-05
-5.66416e-06
-9.0842e-06
-2.21879e-05
-8.91328e-06
-2.20361e-05
-8.6287e-06
-2.14099e-05
-2.02929e-05
-8.21164e-06
-1.09116e-05
-2.20795e-05
-1.09191e-05
-2.20286e-05
-1.08028e-05
-2.15262e-05
-2.05598e-05
-1.05359e-05
-1.22707e-05
-2.17788e-05
-1.24788e-05
-2.18205e-05
-1.25651e-05
-2.14399e-05
-2.06288e-05
-1.24962e-05
-1.30085e-05
-2.12934e-05
-1.34209e-05
-2.14081e-05
-1.37273e-05
-2.11335e-05
-2.0466e-05
-1.38901e-05
-1.29916e-05
-2.06602e-05
-1.35809e-05
-2.08188e-05
-1.40922e-05
-2.06221e-05
-2.00708e-05
-1.44875e-05
-1.21609e-05
-1.99476e-05
-1.28621e-05
-2.01176e-05
-1.35207e-05
-1.99635e-05
-1.94897e-05
-1.41018e-05
-1.05885e-05
-1.92462e-05
-1.13064e-05
-1.93997e-05
-1.20152e-05
-1.92548e-05
-1.88183e-05
-1.26866e-05
-8.50109e-06
-1.86427e-05
-9.13634e-06
-1.87645e-05
-9.78431e-06
-1.86068e-05
-1.81776e-05
-1.04251e-05
-6.22592e-06
-1.81836e-05
-6.71728e-06
-1.82732e-05
-7.22734e-06
-1.80967e-05
-1.76616e-05
-7.74333e-06
-4.0714e-06
-1.78663e-05
-4.41374e-06
-1.79309e-05
-4.76889e-06
-1.77416e-05
-1.7305e-05
-5.12549e-06
-2.23447e-06
-1.77012e-05
-2.41444e-06
-1.7751e-05
-2.59565e-06
-1.75604e-05
-1.71345e-05
-2.76608e-06
-6.40183e-07
-6.98008e-07
-7.52197e-07
-7.95544e-07
1.79664e-05
3.37525e-06
4.30291e-05
6.76383e-05
6.47084e-05
0.00010645
6.3211e-05
0.00014903
5.86747e-05
0.000153602
5.55231e-05
0.000143678
5.58099e-05
0.000126176
6.36428e-05
9.948e-05
8.75176e-05
5.98104e-05
0.000116245
3.30601e-05
0.00013658
1.49985e-05
0.000144133
-2.63417e-06
0.000143333
-2.38809e-05
0.000139742
-4.85324e-05
0.000131946
-7.41854e-05
0.000118632
-0.00010206
0.000104279
-0.000134161
7.35852e-05
-0.000195027
-0.000348574
2.76856e-05
2.56913e-05
5.3099e-05
4.22247e-05
8.34738e-05
7.60757e-05
0.000120746
0.000111758
0.000147847
0.0001265
0.000163272
0.000128252
0.000172615
0.000116834
0.000169838
0.000102258
0.000163514
6.61337e-05
0.000163473
3.31009e-05
0.000164397
1.4075e-05
0.000163154
-1.3913e-06
0.000159825
-2.05515e-05
0.000152868
-4.15755e-05
0.000143663
-6.4981e-05
0.000132174
-9.05711e-05
0.000117149
-0.000119135
8.55071e-05
-0.000163385
-0.000263067
5.24057e-05
3.50096e-05
4.99315e-05
4.4699e-05
6.58683e-05
6.01388e-05
9.86227e-05
7.90037e-05
0.000124508
0.000100615
0.000143103
0.000109657
0.000155641
0.000104296
0.000170952
8.69471e-05
0.000177949
5.9136e-05
0.000175398
3.56521e-05
0.000172199
1.72737e-05
0.000168663
2.14465e-06
0.000162891
-1.47788e-05
0.000155077
-3.37621e-05
0.000145114
-5.5018e-05
0.00013243
-7.78872e-05
0.00011508
-0.000101785
8.31566e-05
-0.000131461
-0.00017991
6.78764e-05
3.52667e-05
7.07923e-05
4.17831e-05
7.8748e-05
5.21831e-05
9.25591e-05
6.51925e-05
0.000114384
7.87903e-05
0.000137493
8.65484e-05
0.000157645
8.41434e-05
0.000172282
7.23104e-05
0.000177513
5.39051e-05
0.00017768
3.54849e-05
0.000174797
2.01563e-05
0.00016991
7.03194e-06
0.000161792
-6.66072e-06
0.00015087
-2.28405e-05
0.000137921
-4.20685e-05
0.000122637
-6.26037e-05
0.000102922
-8.20693e-05
7.14935e-05
-0.000100033
-0.000108417
7.87097e-05
2.97487e-05
8.52142e-05
3.52786e-05
9.36533e-05
4.3744e-05
0.000105202
5.36443e-05
0.000121014
6.29774e-05
0.000139082
6.8481e-05
0.00015592
6.73057e-05
0.000168916
5.93135e-05
0.000176152
4.66699e-05
0.000177989
3.36479e-05
0.00017491
2.3235e-05
0.000167397
1.45454e-05
0.000155421
5.31515e-06
0.000140252
-7.67146e-06
0.000124475
-2.62922e-05
0.000108297
-4.64257e-05
8.91575e-05
-6.29295e-05
6.04617e-05
-7.13372e-05
-4.79551e-05
8.61093e-05
2.16297e-05
9.45011e-05
2.68868e-05
0.000103931
3.4314e-05
0.000115043
4.25327e-05
0.000128293
4.97267e-05
0.000142846
5.39286e-05
0.000156852
5.32995e-05
0.00016858
4.75851e-05
0.000176295
3.89559e-05
0.00017864
3.13019e-05
0.000174001
2.78744e-05
0.000161647
2.68991e-05
0.000142207
2.47558e-05
0.00012094
1.35954e-05
0.000103042
-8.39451e-06
8.93806e-05
-3.27641e-05
7.51121e-05
-4.86609e-05
5.19417e-05
-4.81667e-05
3.98657e-06
8.55026e-05
1.22899e-05
9.55457e-05
1.68436e-05
0.00010663
2.32302e-05
0.000118798
3.03645e-05
0.000131935
3.65899e-05
0.000145491
4.03718e-05
0.000158545
4.02454e-05
0.000169964
3.61665e-05
0.000178169
3.07503e-05
0.000180201
2.92706e-05
0.000171008
3.70669e-05
0.000144886
5.30215e-05
0.000104211
6.54311e-05
7.546e-05
4.23459e-05
6.48505e-05
2.21502e-06
6.16188e-05
-2.95324e-05
5.84813e-05
-4.55235e-05
4.55245e-05
-3.52099e-05
4.95111e-05
8.26105e-05
6.12174e-06
9.10122e-05
8.44188e-06
0.000101908
1.23343e-05
0.000115348
1.69243e-05
0.000129982
2.19559e-05
0.000144841
2.5513e-05
0.000158877
2.62091e-05
0.000171076
2.39676e-05
0.000179395
2.24322e-05
0.000178429
3.02358e-05
0.00015816
5.73365e-05
8.84517e-05
0.000122729
8.11648e-07
0.000153071
-6.64647e-06
4.98041e-05
8.36237e-06
-1.27938e-05
2.48112e-05
-4.59812e-05
3.65549e-05
-5.72671e-05
3.42975e-05
-3.29526e-05
8.38086e-05
6.52087e-05
-8.89053e-07
7.34816e-05
1.68891e-07
8.5772e-05
4.3817e-08
0.000101587
1.10931e-06
0.000116313
7.23032e-06
0.000127741
1.40845e-05
0.00013136
2.25902e-05
0.00012007
3.52579e-05
9.04797e-05
5.20224e-05
4.27864e-05
7.79292e-05
-2.77482e-05
0.000127871
-0.000115205
0.000210186
-0.000156248
0.000194115
-8.53314e-05
-2.11129e-05
-3.98474e-05
-5.82779e-05
-1.26292e-05
-7.31994e-05
5.11055e-06
-7.50069e-05
1.06402e-05
-3.84822e-05
9.44488e-05
5.84063e-05
-3.50385e-06
6.00619e-05
-1.48674e-06
5.98622e-05
2.43577e-07
5.81586e-05
2.81299e-06
5.62743e-05
9.1147e-06
5.1819e-05
1.854e-05
4.21925e-05
3.22168e-05
2.59321e-05
5.15183e-05
-2.86244e-07
7.82407e-05
-4.16716e-05
0.000119314
-9.96774e-05
0.000185877
-0.000140829
0.000251338
-0.000144747
0.000198033
-9.89551e-05
-6.6905e-05
-6.67813e-05
-9.04518e-05
-4.55766e-05
-9.44041e-05
-3.0222e-05
-9.03615e-05
-2.39696e-05
-4.47346e-05
7.04792e-05
5.36169e-05
-4.04363e-06
5.30706e-05
-9.40392e-07
5.02328e-05
3.0815e-06
4.44655e-05
8.58027e-06
3.65163e-05
1.70641e-05
2.56382e-05
2.94183e-05
1.10571e-05
4.67981e-05
-8.13204e-06
7.07076e-05
-3.35627e-05
0.000103671
-6.62036e-05
0.000151955
-9.97232e-05
0.000219397
-0.000115788
0.000267403
-0.000115365
0.00019761
-0.000106897
-7.53728e-05
-8.51697e-05
-0.000112179
-7.16709e-05
-0.000107903
-6.18796e-05
-0.000100153
-4.62228e-05
-6.03914e-05
2.42564e-05
5.03074e-05
-4.13742e-06
4.89144e-05
4.5273e-07
4.53839e-05
6.61213e-06
3.9141e-05
1.48232e-05
3.01268e-05
2.60784e-05
1.81971e-05
4.1348e-05
3.28176e-06
6.17134e-05
-1.46042e-05
8.85936e-05
-3.51488e-05
0.000124216
-5.53057e-05
0.000172112
-6.66093e-05
0.0002307
-6.48838e-05
0.000265677
-6.4573e-05
0.000197299
-9.82554e-05
-4.16904e-05
-8.85718e-05
-0.000121863
-7.77825e-05
-0.000118692
-7.19626e-05
-0.000105973
-4.48624e-05
-8.74916e-05
-2.06061e-05
4.73688e-05
-4.37339e-06
4.60839e-05
1.7377e-06
4.28623e-05
9.83381e-06
3.73243e-05
2.03613e-05
2.93434e-05
3.40593e-05
1.89712e-05
5.17201e-05
6.49399e-06
7.41906e-05
-7.37176e-06
0.000102459
-2.09328e-05
0.000137777
-2.98042e-05
0.000180984
-2.62935e-05
0.00022719
-1.12858e-05
0.000250669
-1.23963e-05
0.00019841
-7.2103e-05
1.80163e-05
-8.03106e-05
-0.000113655
-6.65901e-05
-0.000132413
-5.4956e-05
-0.000117607
-3.86522e-05
-0.000103795
-5.92582e-05
4.44833e-05
-5.08889e-06
4.38031e-05
2.41787e-06
4.14676e-05
1.21694e-05
3.72612e-05
2.45676e-05
3.11462e-05
4.01743e-05
2.32972e-05
5.9569e-05
1.42101e-05
8.32778e-05
4.96038e-06
0.000111709
-2.24116e-06
0.000144978
-3.26939e-06
0.000182012
6.84338e-06
0.000217077
2.65879e-05
0.000230925
3.48747e-05
0.000190123
-1.9051e-05
7.1942e-05
-6.863e-05
-6.40763e-05
-5.40215e-05
-0.000147021
-3.71439e-05
-0.000134484
-2.45986e-05
-0.000116341
-8.38568e-05
4.1542e-05
-6.40797e-06
4.16652e-05
2.29468e-06
4.04433e-05
1.33913e-05
3.77768e-05
2.72342e-05
3.37034e-05
4.42476e-05
2.84655e-05
6.48068e-05
2.2628e-05
8.91152e-05
1.72935e-05
0.000117044
1.4435e-05
0.000147837
1.71514e-05
0.000179295
2.87206e-05
0.000205508
4.68692e-05
0.000212776
5.60798e-05
0.000180912
3.26662e-05
9.53557e-05
-6.26159e-06
-2.51485e-05
-3.76855e-05
-0.000115597
-2.41788e-05
-0.000147991
-6.60264e-06
-0.000133917
-9.04594e-05
3.85583e-05
-8.31068e-06
3.94831e-05
1.36981e-06
3.93507e-05
1.35238e-05
3.81298e-05
2.8455e-05
3.58943e-05
4.6483e-05
3.28872e-05
6.78141e-05
2.96161e-05
9.23863e-05
2.70014e-05
0.000119658
2.65488e-05
0.000148289
3.03425e-05
0.000175502
4.01469e-05
0.000195703
5.43519e-05
0.000198571
6.48885e-05
0.000170376
5.99579e-05
0.000100286
4.0422e-05
-5.61257e-06
1.62572e-05
-9.14324e-05
4.41403e-06
-0.000136148
7.21257e-06
-0.000136716
-8.32469e-05
3.5581e-05
-1.06947e-05
3.71854e-05
-2.34708e-07
3.79675e-05
1.27418e-05
3.79234e-05
2.84991e-05
3.71214e-05
4.72849e-05
3.57459e-05
6.91895e-05
3.41618e-05
9.39703e-05
3.30024e-05
0.000120818
3.32453e-05
0.000148046
3.61321e-05
0.000172615
4.25697e-05
0.000189266
5.16463e-05
0.000189495
5.969e-05
0.000162332
6.13306e-05
9.86459e-05
5.99604e-05
-4.24233e-06
5.41667e-05
-8.56387e-05
3.74031e-05
-0.000119384
1.90499e-05
-0.000118362
-6.4197e-05
3.26368e-05
-1.34183e-05
3.47397e-05
-2.33766e-06
3.61896e-05
1.12919e-05
3.69792e-05
2.77095e-05
3.71384e-05
4.71258e-05
3.6754e-05
6.95736e-05
3.60051e-05
9.4719e-05
3.52066e-05
0.000121616
3.48412e-05
0.000148412
3.54917e-05
0.000171964
3.75045e-05
0.000187253
4.03349e-05
0.000186664
4.25997e-05
0.000160067
4.41615e-05
9.70841e-05
5.04299e-05
-1.05107e-05
6.35868e-05
-9.87957e-05
6.40325e-05
-0.00011983
3.13031e-05
-8.56329e-05
-3.28939e-05
2.97128e-05
-1.63291e-05
3.21159e-05
-4.74081e-06
3.39716e-05
9.43618e-06
3.52486e-05
2.64324e-05
3.5919e-05
4.64556e-05
3.59574e-05
6.9535e-05
3.53508e-05
9.53256e-05
3.41143e-05
0.000122852
3.23122e-05
0.000150214
3.0048e-05
0.000174229
2.73781e-05
0.000189923
2.42512e-05
0.000189791
2.11396e-05
0.000163179
2.18237e-05
9.64001e-05
3.22292e-05
-2.09162e-05
6.38477e-05
-0.000130414
5.92591e-05
-0.000115241
3.94889e-05
-6.58628e-05
6.59505e-06
2.67648e-05
-1.92832e-05
2.92812e-05
-7.25715e-06
3.13022e-05
7.41521e-06
3.27615e-05
2.49731e-05
3.35674e-05
4.56496e-05
3.35874e-05
6.95148e-05
3.26377e-05
9.62753e-05
3.04819e-05
0.000125008
2.68561e-05
0.00015384
2.15239e-05
0.000179561
1.43906e-05
0.000197056
5.87327e-06
0.000198309
-2.13756e-06
0.000171189
-6.95839e-06
0.000101221
-8.6153e-06
-1.92593e-05
1.18371e-05
-0.000150867
4.63981e-05
-0.000149802
4.27538e-05
-6.22185e-05
4.93488e-05
2.37415e-05
-2.21576e-05
2.62141e-05
-9.72977e-06
2.82045e-05
5.42477e-06
2.96078e-05
2.35698e-05
3.02723e-05
4.49849e-05
2.99769e-05
6.98102e-05
2.84065e-05
9.78457e-05
2.51361e-05
0.000128278
1.96611e-05
0.000159315
1.14926e-05
0.000187729
3.38897e-07
0.00020821
-1.32705e-05
0.000211918
-2.74666e-05
0.000185386
-4.03814e-05
0.000114136
-4.96297e-05
-1.00112e-05
-3.3122e-05
-0.000167374
5.97495e-05
-0.000242674
3.86539e-05
-4.11229e-05
8.80028e-05
2.061e-05
-2.48587e-05
2.29254e-05
-1.20452e-05
2.47507e-05
3.59936e-06
2.59437e-05
2.23768e-05
2.63027e-05
4.46257e-05
2.55435e-05
7.05695e-05
2.32696e-05
0.00010012
1.89394e-05
0.000132609
1.18931e-05
0.000166361
1.45027e-06
0.000198172
-1.28846e-05
0.000222545
-3.05769e-05
0.00022961
-4.91025e-05
0.000203911
-6.641e-05
0.000131443
-7.35237e-05
-2.8975e-06
-6.01455e-05
-0.000180752
1.71943e-05
-0.000320013
3.52241e-05
-5.91529e-05
0.000123227
1.73739e-05
-2.73299e-05
1.94728e-05
-1.41441e-05
2.1074e-05
1.99819e-06
2.20032e-05
2.14476e-05
2.20219e-05
4.4607e-05
2.08119e-05
7.17795e-05
1.79519e-05
0.00010298
1.2856e-05
0.000137705
4.78724e-06
0.00017443
-7.07945e-06
0.000210039
-2.35915e-05
0.000239057
-4.41059e-05
0.000250125
-6.22376e-05
0.000222043
-7.33271e-05
0.000142533
-6.16922e-05
-1.45325e-05
-7.60025e-05
-0.000166442
-6.99896e-05
-0.000326026
4.03754e-05
-0.000169518
0.000163602
1.40756e-05
-2.95558e-05
1.59601e-05
-1.60286e-05
1.73642e-05
5.94055e-07
1.80929e-05
2.07191e-05
1.78889e-05
4.48111e-05
1.64339e-05
7.32345e-05
1.33524e-05
0.000106061
8.10403e-06
0.000142953
-3.30596e-08
0.000182567
-1.19252e-05
0.000221931
-2.8295e-05
0.000255427
-4.82788e-05
0.000270109
-4.97035e-05
0.000223468
-6.43226e-06
9.92615e-05
4.92096e-05
-7.01744e-05
2.70752e-05
-0.000144307
-5.47579e-05
-0.000244193
3.0917e-05
-0.000255193
0.000194519
1.07837e-05
-3.15613e-05
1.25166e-05
-1.77614e-05
1.38382e-05
-7.27519e-07
1.45518e-05
2.00055e-05
1.44104e-05
4.49524e-05
1.31354e-05
7.45095e-05
1.04922e-05
0.000108704
6.15904e-06
0.000147286
-3.84555e-07
0.00018911
-9.72011e-06
0.000231267
-1.91886e-05
0.000264895
-2.60673e-05
0.000276987
3.60441e-05
0.000161356
0.00011323
2.20756e-05
0.000113054
-6.99979e-05
9.09764e-05
-0.00012223
3.03874e-05
-0.000183604
3.10092e-05
-0.000255815
0.000225528
7.57045e-06
-3.34032e-05
9.26233e-06
-1.94532e-05
1.06862e-05
-2.15135e-06
1.16707e-05
1.90211e-05
1.20194e-05
4.46036e-05
1.15441e-05
7.49848e-05
1.0224e-05
0.000110025
8.12893e-06
0.000149381
5.28966e-06
0.00019195
2.40511e-06
0.000234151
-1.37615e-07
0.000267438
1.9231e-05
0.000257618
9.74852e-05
8.3102e-05
0.000130626
-1.10647e-05
0.000135094
-7.44659e-05
0.000121829
-0.000108966
8.42862e-05
-0.000146061
3.39094e-05
-0.000205438
0.000259438
4.48763e-06
-3.51522e-05
6.27134e-06
-2.12368e-05
8.01487e-06
-3.89483e-06
9.59841e-06
1.74375e-05
1.09097e-05
4.32923e-05
1.19121e-05
7.39824e-05
1.27946e-05
0.000109142
1.42191e-05
0.000147957
1.68597e-05
0.000189309
2.24755e-05
0.000228536
3.66865e-05
0.000253227
7.00116e-05
0.000224293
0.000120128
3.29858e-05
0.000142135
-3.30723e-05
0.000139676
-7.20067e-05
0.000126565
-9.58547e-05
9.73016e-05
-0.000116798
3.04693e-05
-0.000138606
0.000289907
1.5522e-06
-3.68702e-05
3.54894e-06
-2.32337e-05
5.81316e-06
-6.15909e-06
8.29452e-06
1.49561e-05
1.09744e-05
4.06124e-05
1.39765e-05
7.09804e-05
1.76577e-05
0.000105461
2.32301e-05
0.000142384
3.23846e-05
0.000180155
4.76838e-05
0.000213236
7.32882e-05
0.000227623
0.000112001
0.00018558
0.000132095
1.28921e-05
0.000139692
-4.06692e-05
0.000135258
-6.75733e-05
0.000121968
-8.25643e-05
9.82737e-05
-9.31037e-05
2.65254e-05
-6.68574e-05
0.000316432
-1.25423e-06
-3.85869e-05
1.03096e-06
-2.5519e-05
3.95406e-06
-9.08225e-06
7.54262e-06
1.13676e-05
1.18586e-05
3.62964e-05
1.71228e-05
6.57162e-05
2.37685e-05
9.88153e-05
3.30983e-05
0.000133055
4.78164e-05
0.000165436
7.00414e-05
0.000191011
0.000100072
0.000197592
0.000130995
0.000154658
0.00012663
1.7257e-05
0.000128873
-4.29124e-05
0.000125872
-6.45726e-05
0.000114867
-7.15586e-05
9.78173e-05
-7.60544e-05
3.50635e-05
-4.10354e-06
0.000351496
-3.97146e-06
-4.02796e-05
-1.39573e-06
-2.80948e-05
2.22345e-06
-1.27015e-05
6.99983e-06
6.59122e-06
1.30597e-05
3.02366e-05
2.06422e-05
5.81336e-05
3.01407e-05
8.93168e-05
4.23445e-05
0.000120851
6.04056e-05
0.000147375
8.51948e-05
0.000166222
0.000112935
0.000169852
0.000131785
0.000135808
0.000123259
2.57835e-05
0.000119791
-3.94445e-05
0.000116812
-6.15934e-05
0.000107895
-6.2642e-05
9.6364e-05
-6.45234e-05
5.57222e-05
3.65382e-05
0.000407218
-6.62248e-06
-4.18687e-05
-3.85466e-06
-3.08626e-05
3.63246e-07
-1.69194e-05
6.24209e-06
7.12304e-07
1.39706e-05
2.25081e-05
2.37788e-05
4.83254e-05
3.59801e-05
7.71157e-05
5.06692e-05
0.000106162
6.93708e-05
0.000128674
9.15994e-05
0.000143994
0.000114215
0.000147236
0.000126017
0.000124006
0.000122849
2.89519e-05
0.000115766
-3.23612e-05
0.000110697
-5.65244e-05
0.000100733
-5.26781e-05
8.9084e-05
-5.28747e-05
6.27013e-05
6.2921e-05
0.000469919
-9.19265e-06
-4.32119e-05
-6.42686e-06
-3.36283e-05
-1.85725e-06
-2.1489e-05
4.82831e-06
-5.97333e-06
1.38968e-05
1.34396e-05
2.55856e-05
3.66366e-05
4.0072e-05
6.26294e-05
5.68179e-05
8.9416e-05
7.43821e-05
0.000111109
9.27563e-05
0.000125619
0.000109243
0.000130749
0.000116371
0.000116878
0.000116137
2.91855e-05
0.000112314
-2.8538e-05
0.000106321
-5.05317e-05
9.4091e-05
-4.04476e-05
7.83253e-05
-3.7109e-05
4.75091e-05
9.37373e-05
0.000517428
-1.15696e-05
-4.41385e-05
-9.07806e-06
-3.61199e-05
-4.54002e-06
-2.6027e-05
2.46567e-06
-1.2979e-05
1.22682e-05
3.63725e-06
2.50514e-05
2.38535e-05
4.07749e-05
4.69059e-05
5.87862e-05
7.14046e-05
7.61553e-05
9.37403e-05
9.24393e-05
0.000109335
0.000105108
0.00011808
0.000110198
0.000111788
0.000109498
2.98859e-05
0.000109312
-2.83518e-05
0.000102266
-4.34865e-05
8.81295e-05
-2.63107e-05
6.69547e-05
-1.59342e-05
3.20536e-05
0.000128638
0.000549482
-1.35347e-05
-4.44939e-05
-1.16043e-05
-3.80503e-05
-7.53083e-06
-3.01005e-05
-7.83974e-07
-1.97259e-05
9.02678e-06
-6.17339e-06
2.20985e-05
1.07819e-05
3.82742e-05
3.07302e-05
5.70231e-05
5.26557e-05
7.61072e-05
7.46562e-05
9.26024e-05
9.28403e-05
0.000105339
0.000105343
0.000112216
0.000104911
0.000108033
3.40692e-05
0.000105106
-2.54247e-05
9.71025e-05
-3.54835e-05
8.24757e-05
-1.16839e-05
5.57114e-05
1.08301e-05
2.42856e-05
0.000160064
0.000573768
-1.47848e-05
-4.41966e-05
-1.36445e-05
-3.91906e-05
-1.04415e-05
-3.33035e-05
-4.54732e-06
-2.562e-05
4.57759e-06
-1.52982e-05
1.72288e-05
-1.86922e-06
3.33248e-05
1.46342e-05
5.23278e-05
3.36527e-05
7.29959e-05
5.39881e-05
9.21957e-05
7.36402e-05
0.000108092
8.94466e-05
0.000118411
9.45924e-05
0.000103403
4.90774e-05
9.74087e-05
-1.94307e-05
9.10586e-05
-2.91333e-05
7.81597e-05
1.21505e-06
4.60227e-05
4.2967e-05
1.77793e-05
0.000188308
0.000591547
-1.5007e-05
-4.32915e-05
-1.47476e-05
-3.945e-05
-1.26878e-05
-3.53632e-05
-8.12191e-06
-3.01857e-05
-3.64233e-07
-2.30559e-05
1.1097e-05
-1.33306e-05
2.64319e-05
-7.00783e-07
4.53231e-05
1.47614e-05
6.68332e-05
3.24783e-05
8.91769e-05
5.12965e-05
0.000109657
6.89661e-05
0.000123988
8.02616e-05
0.000108518
6.45468e-05
7.86178e-05
1.04702e-05
8.46827e-05
-3.51982e-05
7.60338e-05
9.86397e-06
4.58736e-05
7.31272e-05
1.6296e-05
0.000217885
0.000607843
-1.40034e-05
-4.19748e-05
-1.4515e-05
-3.89383e-05
-1.36443e-05
-3.6234e-05
-1.06811e-05
-3.31489e-05
-4.83694e-06
-2.89002e-05
4.64118e-06
-2.28087e-05
1.82917e-05
-1.43512e-05
3.62302e-05
-3.17721e-06
5.79508e-05
1.07577e-05
8.2246e-05
2.70011e-05
0.000106858
4.43541e-05
0.000127426
5.96932e-05
0.000130146
6.18268e-05
0.000103039
3.75768e-05
7.20127e-05
-4.17159e-06
7.47046e-05
7.17212e-06
5.16895e-05
9.61423e-05
2.24388e-05
0.000247136
0.000630282
-1.184e-05
-4.05599e-05
-1.28026e-05
-3.79756e-05
-1.28734e-05
-3.61632e-05
-1.14445e-05
-3.45779e-05
-7.74021e-06
-3.26045e-05
-8.69267e-07
-2.96796e-05
1.00245e-05
-2.5245e-05
2.56121e-05
-1.87649e-05
4.60472e-05
-9.67746e-06
7.06629e-05
2.3855e-06
9.76729e-05
1.73443e-05
0.000123229
3.41374e-05
0.000136859
4.81968e-05
0.000121433
5.30029e-05
8.44545e-05
3.28067e-05
6.21825e-05
2.94443e-05
5.50964e-05
0.000103228
2.87382e-05
0.000273494
0.00065902
-8.92865e-06
-3.93747e-05
-9.91016e-06
-3.6994e-05
-1.04365e-05
-3.56369e-05
-1.00956e-05
-3.49188e-05
-8.27961e-06
-3.44206e-05
-4.17706e-06
-3.3782e-05
3.20395e-06
-3.2626e-05
1.49161e-05
-3.0477e-05
3.18338e-05
-2.65953e-05
5.42536e-05
-2.00344e-05
8.13455e-05
-9.74761e-06
0.000110348
5.1348e-06
0.000134387
2.41579e-05
0.000140031
4.73593e-05
0.000107139
6.56985e-05
7.02307e-05
6.63523e-05
5.28787e-05
0.00012058
2.93837e-05
0.000296989
0.000688404
-5.88226e-06
-3.86179e-05
-6.55625e-06
-3.632e-05
-7.04961e-06
-3.51436e-05
-7.16693e-06
-3.48015e-05
-6.56167e-06
-3.5026e-05
-4.69638e-06
-3.56473e-05
-8.01925e-07
-3.65204e-05
6.10871e-06
-3.73875e-05
1.73249e-05
-3.78113e-05
3.41409e-05
-3.68505e-05
5.73659e-05
-3.29726e-05
8.63694e-05
-2.38688e-05
0.000116977
-6.44935e-06
0.000139204
2.51326e-05
0.000136439
6.84637e-05
0.000100094
0.000102697
5.55892e-05
0.000165086
2.8278e-05
0.0003243
0.000716681
-3.16399e-06
-3.82199e-05
-3.47463e-06
-3.60095e-05
-3.71679e-06
-3.49015e-05
-3.84989e-06
-3.46683e-05
-3.75225e-06
-3.51237e-05
-3.21262e-06
-3.61871e-05
-1.90494e-06
-3.78281e-05
6.93655e-07
-3.9986e-05
5.41669e-06
-4.25343e-05
1.3704e-05
-4.51376e-05
2.77359e-05
-4.70044e-05
5.01151e-05
-4.62481e-05
8.10451e-05
-3.73794e-05
0.000114707
-8.52929e-06
0.000127867
5.53038e-05
0.000103698
0.000126866
5.16012e-05
0.000217183
3.17761e-05
0.000344125
0.000748458
-8.90725e-07
-9.36759e-07
-9.72174e-07
-1.00485e-06
-1.01943e-06
-9.8491e-07
-8.57813e-07
-5.77667e-07
-4.49792e-08
9.82268e-07
3.31061e-06
9.45563e-06
2.60091e-05
6.34777e-05
0.000100838
0.000106093
6.99263e-05
6.96648e-05
)
;

boundaryField
{
    leftWall
    {
        type            calculated;
        value           uniform 0;
    }
    rightWall
    {
        type            calculated;
        value           uniform 0;
    }
    lowerWall
    {
        type            calculated;
        value           uniform 0;
    }
    atmosphere
    {
        type            calculated;
        value           nonuniform List<scalar> 
46
(
-1.88866e-05
-4.47168e-05
-4.42654e-05
-4.34534e-05
-4.29539e-05
-4.25887e-05
-4.22793e-05
-4.19834e-05
-4.16777e-05
-4.135e-05
-4.09934e-05
-4.06023e-05
-4.01725e-05
-3.97004e-05
-3.9185e-05
-3.86292e-05
-3.80428e-05
-3.74477e-05
-3.6884e-05
-3.64196e-05
-3.61593e-05
-3.6246e-05
-3.6803e-05
-1.7649e-05
-1.76932e-05
-1.75062e-05
-1.70912e-05
-3.81248e-05
-3.59636e-05
-3.48661e-05
-3.46356e-05
-3.51091e-05
-3.62216e-05
-3.79552e-05
-4.02662e-05
-4.30672e-05
-4.61646e-05
-4.93327e-05
-5.23931e-05
-5.39329e-05
-4.59976e-05
1.79428e-05
0.000121611
0.00025335
0.000344387
0.000818123
)
;
    }
    defaultFaces
    {
        type            empty;
        value           nonuniform List<scalar> 0();
    }
}


// ************************************************************************* //
