/*--------------------------------*- C++ -*----------------------------------*\
| =========                 |                                                 |
| \\      /  F ield         | OpenFOAM: The Open Source CFD Toolbox           |
|  \\    /   O peration     | Version:  v2012                                 |
|   \\  /    A nd           | Website:  www.openfoam.com                      |
|    \\/     M anipulation  |                                                 |
\*---------------------------------------------------------------------------*/
FoamFile
{
    version     2.0;
    format      ascii;
    class       volVectorField;
    location    "0.5";
    object      U;
}
// * * * * * * * * * * * * * * * * * * * * * * * * * * * * * * * * * * * * * //

dimensions      [0 1 -1 0 0 0 0];


internalField   nonuniform List<vector> 
2268
(
(-0.0478326 0.0178049 0)
(-0.0776079 0.00527842 0)
(-0.06574 -0.00899288 0)
(-0.0323378 -0.01372 0)
(0.00728778 -0.0142025 0)
(0.0470656 -0.0133748 0)
(0.0840064 -0.0120016 0)
(0.117146 -0.0105628 0)
(0.14639 -0.00923082 0)
(0.171993 -0.00803162 0)
(0.194239 -0.00693256 0)
(0.213261 -0.00586475 0)
(0.228935 -0.00471142 0)
(0.240637 -0.0032812 0)
(0.247462 -0.000952294 0)
(0.245493 0.00267417 0)
(0.230804 0.00821297 0)
(0.198899 0.0155326 0)
(0.145957 0.0234869 0)
(0.068117 0.0295773 0)
(-0.0267431 0.0299417 0)
(-0.142549 0.000486131 0)
(-0.0665018 -0.0495972 0)
(-0.0462962 0.039025 0)
(-0.0424717 0.00749637 0)
(-0.0245787 -0.0168568 0)
(0.00640168 -0.026604 0)
(0.0421856 -0.028795 0)
(0.0781264 -0.0276615 0)
(0.111784 -0.0252169 0)
(0.142251 -0.0224601 0)
(0.169361 -0.0197838 0)
(0.193222 -0.0172841 0)
(0.213967 -0.0149127 0)
(0.231616 -0.0125304 0)
(0.245982 -0.00989878 0)
(0.256567 -0.0066325 0)
(0.262398 -0.00193324 0)
(0.262829 0.00506867 0)
(0.255636 0.0152366 0)
(0.236848 0.0289475 0)
(0.201773 0.0453788 0)
(0.142057 0.0609941 0)
(0.0664198 0.0669858 0)
(-0.046209 0.0341613 0)
(-0.0104125 -0.0745648 0)
(-0.0279746 0.0528599 0)
(-0.0135686 0.00159537 0)
(0.0058711 -0.0286584 0)
(0.0352765 -0.0412251 0)
(0.0678451 -0.0441784 0)
(0.100215 -0.0424935 0)
(0.130553 -0.0389097 0)
(0.15816 -0.0348094 0)
(0.182871 -0.0307613 0)
(0.204707 -0.0269136 0)
(0.223696 -0.0231991 0)
(0.239775 -0.0194166 0)
(0.252726 -0.0152329 0)
(0.262108 -0.0101259 0)
(0.267134 -0.00326969 0)
(0.266979 0.00646373 0)
(0.26038 0.0202651 0)
(0.245437 0.0391145 0)
(0.220268 0.0626627 0)
(0.180018 0.086577 0)
(0.129383 0.0984316 0)
(0.0419508 0.0610456 0)
(0.0378191 -0.0700296 0)
(-0.00813533 0.0580847 0)
(0.0108252 -0.00598494 0)
(0.0325309 -0.0405857 0)
(0.0609913 -0.0553911 0)
(0.0907941 -0.0587568 0)
(0.119751 -0.0564301 0)
(0.146773 -0.0517592 0)
(0.171462 -0.046425 0)
(0.193697 -0.0411131 0)
(0.213432 -0.0359996 0)
(0.230607 -0.0309956 0)
(0.24509 -0.0258485 0)
(0.256647 -0.0201511 0)
(0.264904 -0.0132779 0)
(0.26925 -0.00429299 0)
(0.268961 0.00802387 0)
(0.263223 0.0249583 0)
(0.251123 0.0475996 0)
(0.232216 0.0757642 0)
(0.20426 0.105141 0)
(0.169037 0.122642 0)
(0.102941 0.0882848 0)
(0.0733175 -0.0399798 0)
(0.00782674 0.0519443 0)
(0.0319238 -0.0152176 0)
(0.0570828 -0.0530294 0)
(0.0850426 -0.068883 0)
(0.112227 -0.0720611 0)
(0.137776 -0.0689498 0)
(0.161449 -0.063293 0)
(0.183187 -0.0569079 0)
(0.202914 -0.0505097 0)
(0.220519 -0.0442725 0)
(0.235856 -0.0380858 0)
(0.248735 -0.0316624 0)
(0.258917 -0.0245509 0)
(0.26611 -0.016063 0)
(0.269879 -0.00518141 0)
(0.269677 0.00935259 0)
(0.265013 0.0288012 0)
(0.255541 0.0541752 0)
(0.241509 0.0852431 0)
(0.222012 0.118091 0)
(0.196698 0.140928 0)
(0.14572 0.11664 0)
(0.0983131 0.00675837 0)
(0.0178026 0.0379205 0)
(0.0499508 -0.0277298 0)
(0.0801879 -0.0662427 0)
(0.107897 -0.0816068 0)
(0.132249 -0.0838373 0)
(0.154233 -0.0797858 0)
(0.17452 -0.0732818 0)
(0.193332 -0.0660662 0)
(0.21059 -0.0587868 0)
(0.22609 -0.0515919 0)
(0.239604 -0.0443536 0)
(0.250888 -0.0367702 0)
(0.259709 -0.0283806 0)
(0.265875 -0.0184749 0)
(0.269133 -0.00598207 0)
(0.269126 0.0103679 0)
(0.265622 0.0317432 0)
(0.25863 0.0590135 0)
(0.248786 0.0918506 0)
(0.235938 0.127 0)
(0.218176 0.154968 0)
(0.179511 0.145589 0)
(0.120405 0.0685809 0)
(0.023075 0.0188447 0)
(0.0663024 -0.0440033 0)
(0.102762 -0.0803177 0)
(0.129715 -0.0933497 0)
(0.150547 -0.093885 0)
(0.168707 -0.0888579 0)
(0.185635 -0.0817272 0)
(0.201643 -0.0739271 0)
(0.216548 -0.0659665 0)
(0.230029 -0.0579663 0)
(0.241773 -0.0497956 0)
(0.251487 -0.041162 0)
(0.258955 -0.0316337 0)
(0.264105 -0.0205228 0)
(0.26688 -0.00672097 0)
(0.267112 0.0110486 0)
(0.264777 0.0338256 0)
(0.260125 0.0623163 0)
(0.254084 0.0960637 0)
(0.247106 0.132603 0)
(0.236544 0.165179 0)
(0.210876 0.173748 0)
(0.143948 0.142886 0)
(0.0265632 -0.0041075 0)
(0.0842676 -0.0646759 0)
(0.125855 -0.0953817 0)
(0.150067 -0.104052 0)
(0.166348 -0.10234 0)
(0.180559 -0.0964628 0)
(0.194359 -0.0889577 0)
(0.207839 -0.0807757 0)
(0.220612 -0.0722655 0)
(0.232232 -0.0635423 0)
(0.242307 -0.0544922 0)
(0.250501 -0.0448604 0)
(0.256621 -0.0342933 0)
(0.260742 -0.0221832 0)
(0.263025 -0.0073914 0)
(0.263488 0.0113925 0)
(0.262272 0.0350651 0)
(0.259788 0.0641752 0)
(0.257256 0.098011 0)
(0.255803 0.134833 0)
(0.25329 0.170444 0)
(0.241902 0.195742 0)
(0.184337 0.239924 0)
(0.135515 -0.0726722 0)
(0.235715 -0.0165376 0)
(0.140073 0.0317495 0)
(-0.0990617 0.0709115 0)
(-0.445739 0.0962919 0)
(-0.833543 0.103876 0)
(-1.21366 0.0977304 0)
(-1.5532 0.0831534 0)
(-1.83436 0.0648075 0)
(-2.05261 0.0460062 0)
(-2.21071 0.0284755 0)
(-2.31859 0.0152762 0)
(-2.39617 0.00898296 0)
(-2.48109 0.00916875 0)
(-2.62704 0.0127234 0)
(-2.79973 0.00537932 0)
(-2.68572 -0.0704454 0)
(-1.92084 -0.251754 0)
(-0.660382 -0.344528 0)
(0.0271599 -0.107696 0)
(0.000362304 0.0331079 0)
(-0.20749 0.128461 0)
(-0.541898 0.205398 0)
(-0.93047 0.243921 0)
(-1.29076 0.244109 0)
(-1.59027 0.219661 0)
(-1.82405 0.183551 0)
(-2.00017 0.144904 0)
(-2.13166 0.10904 0)
(-2.23081 0.0784064 0)
(-2.31157 0.0586617 0)
(-2.39035 0.0560337 0)
(-2.4861 0.0680164 0)
(-2.62099 0.0798414 0)
(-2.73447 0.0472899 0)
(-2.53458 -0.172617 0)
(-1.69219 -0.676437 0)
(-0.464391 -0.893134 0)
(-0.0498421 -0.0779091 0)
(-0.156955 0.10705 0)
(-0.406922 0.243883 0)
(-0.710752 0.340785 0)
(-1.00684 0.374962 0)
(-1.25922 0.357399 0)
(-1.4707 0.312343 0)
(-1.64876 0.257355 0)
(-1.79901 0.203281 0)
(-1.92509 0.155653 0)
(-2.02848 0.116402 0)
(-2.11341 0.0920417 0)
(-2.1908 0.0904802 0)
(-2.27162 0.103878 0)
(-2.35572 0.0966725 0)
(-2.37871 -0.00656555 0)
(-2.09628 -0.390455 0)
(-1.29385 -1.13435 0)
(-0.243545 -1.34257 0)
(-0.0833525 -0.0259919 0)
(-0.215388 0.19299 0)
(-0.449401 0.352684 0)
(-0.692594 0.453065 0)
(-0.911132 0.475754 0)
(-1.10208 0.444197 0)
(-1.27696 0.38787 0)
(-1.43725 0.323306 0)
(-1.57931 0.25995 0)
(-1.69904 0.203206 0)
(-1.79124 0.154247 0)
(-1.85369 0.121699 0)
(-1.89305 0.115354 0)
(-1.91198 0.122709 0)
(-1.88998 0.0884847 0)
(-1.78522 -0.0759087 0)
(-1.51634 -0.561984 0)
(-0.967857 -1.43443 0)
(-0.0942931 -1.64783 0)
(-0.0741962 0.0307426 0)
(-0.191052 0.273096 0)
(-0.388309 0.442712 0)
(-0.578577 0.539331 0)
(-0.749166 0.553227 0)
(-0.907203 0.515813 0)
(-1.06125 0.455502 0)
(-1.20675 0.385227 0)
(-1.33461 0.313026 0)
(-1.43781 0.245427 0)
(-1.50698 0.182426 0)
(-1.53296 0.134711 0)
(-1.51599 0.113148 0)
(-1.45081 0.100162 0)
(-1.29196 0.0257029 0)
(-0.999634 -0.18546 0)
(-0.681382 -0.649936 0)
(-0.71185 -1.56597 0)
(0.0403409 -1.88078 0)
(-0.0285006 0.0719545 0)
(-0.106305 0.338917 0)
(-0.265221 0.513932 0)
(-0.414675 0.607189 0)
(-0.553365 0.616662 0)
(-0.686971 0.577647 0)
(-0.820319 0.515692 0)
(-0.94589 0.440175 0)
(-1.05176 0.357955 0)
(-1.1309 0.277859 0)
(-1.17125 0.196842 0)
(-1.15749 0.126732 0)
(-1.0831 0.079598 0)
(-0.942342 0.0314353 0)
(-0.680871 -0.10449 0)
(-0.249064 -0.375808 0)
(0.263804 -0.765958 0)
(-0.453094 -1.62545 0)
(0.191794 -2.07187 0)
(0.0496099 0.0890615 0)
(0.0176581 0.393583 0)
(-0.106102 0.568835 0)
(-0.221087 0.661032 0)
(-0.332762 0.668908 0)
(-0.44108 0.629483 0)
(-0.5487 0.566005 0)
(-0.647294 0.484889 0)
(-0.722936 0.392353 0)
(-0.771751 0.300962 0)
(-0.78211 0.198511 0)
(-0.731875 0.0961484 0)
(-0.606606 0.011993 0)
(-0.403738 -0.0826763 0)
(-0.0696326 -0.280345 0)
(0.284716 -0.563221 0)
(0.657543 -0.788225 0)
(-0.168398 -1.3825 0)
(0.330218 -2.22486 0)
(0.22592 -0.0193369 0)
(0.148584 0.465196 0)
(0.0680961 0.611187 0)
(-0.007803 0.701757 0)
(-0.0900038 0.708987 0)
(-0.168235 0.668542 0)
(-0.243091 0.602162 0)
(-0.30543 0.513603 0)
(-0.337656 0.408585 0)
(-0.340834 0.3097 0)
(-0.311772 0.190956 0)
(-0.232163 0.0459853 0)
(-0.0706218 -0.0969218 0)
(0.18214 -0.234607 0)
(0.522901 -0.380944 0)
(0.565447 -0.541794 0)
(0.589142 -0.700058 0)
(0.117017 -1.07934 0)
(0.43429 -2.17039 0)
(0.039383 -0.0530559 0)
(0.120506 -0.110571 0)
(0.160436 -0.122225 0)
(0.175457 -0.119812 0)
(0.184241 -0.114033 0)
(0.193354 -0.107101 0)
(0.203388 -0.0992595 0)
(0.21378 -0.09062 0)
(0.223846 -0.0813162 0)
(0.233025 -0.0714738 0)
(0.240815 -0.0610163 0)
(0.246816 -0.0497749 0)
(0.250889 -0.0376024 0)
(0.253373 -0.0241609 0)
(0.254838 -0.00830461 0)
(0.255591 0.0114249 0)
(0.255971 0.0356885 0)
(0.256497 0.0649114 0)
(0.258859 0.0975327 0)
(0.26538 0.132576 0)
(0.276826 0.168523 0)
(0.293284 0.204744 0)
(0.327312 0.278189 0)
(0.0888993 -0.135579 0)
(0.175667 -0.180881 0)
(0.192265 -0.152887 0)
(0.188606 -0.131995 0)
(0.190302 -0.122421 0)
(0.196879 -0.116015 0)
(0.20521 -0.109088 0)
(0.213552 -0.100815 0)
(0.22133 -0.0912525 0)
(0.228582 -0.0806174 0)
(0.234484 -0.0687958 0)
(0.238312 -0.0556739 0)
(0.239911 -0.0413779 0)
(0.240019 -0.026182 0)
(0.239926 -0.00943369 0)
(0.24058 0.0102982 0)
(0.242546 0.0335129 0)
(0.245646 0.0613088 0)
(0.252001 0.0896248 0)
(0.264625 0.118597 0)
(0.283627 0.148191 0)
(0.306465 0.17545 0)
(0.341894 0.203977 0)
(0.173406 -0.251881 0)
(0.160959 -0.165351 0)
(0.162881 -0.128759 0)
(0.172809 -0.120561 0)
(0.182148 -0.116287 0)
(0.190171 -0.111882 0)
(0.197451 -0.105502 0)
(0.202024 -0.0969935 0)
(0.20345 -0.0889749 0)
(0.209115 -0.0798944 0)
(0.214878 -0.0683774 0)
(0.218784 -0.0550252 0)
(0.220678 -0.0407478 0)
(0.221506 -0.0268866 0)
(0.221891 -0.011488 0)
(0.22303 0.00800799 0)
(0.225595 0.0310106 0)
(0.229392 0.0568646 0)
(0.238419 0.0780374 0)
(0.254777 0.0989403 0)
(0.275944 0.123125 0)
(0.299247 0.1449 0)
(0.327683 0.163857 0)
(-0.0509671 -0.553463 0)
(-0.00058297 -0.255926 0)
(0.0401883 -0.140412 0)
(0.0796679 -0.129919 0)
(0.111485 -0.136815 0)
(0.137137 -0.137937 0)
(0.158113 -0.130827 0)
(0.17692 -0.113709 0)
(0.193103 -0.0982815 0)
(0.2001 -0.086584 0)
(0.203487 -0.0709409 0)
(0.205808 -0.0549763 0)
(0.207176 -0.0389181 0)
(0.206378 -0.0243136 0)
(0.196402 -0.009302 0)
(0.191381 0.00790535 0)
(0.194824 0.0277567 0)
(0.207117 0.051044 0)
(0.226093 0.0671706 0)
(0.246009 0.0840864 0)
(0.267629 0.102994 0)
(0.293101 0.11963 0)
(0.322326 0.135836 0)
(-0.0825153 -0.301427 0)
(-0.0564826 -0.253724 0)
(-0.0127129 -0.20998 0)
(0.0293709 -0.188249 0)
(0.0640767 -0.17461 0)
(0.091619 -0.162305 0)
(0.113998 -0.149127 0)
(0.133307 -0.134369 0)
(0.150756 -0.120098 0)
(0.165732 -0.104994 0)
(0.177738 -0.0862094 0)
(0.186518 -0.064591 0)
(0.191649 -0.0413274 0)
(0.192818 -0.0167906 0)
(0.193456 0.0118724 0)
(0.182677 0.00960719 0)
(0.177086 0.0232946 0)
(0.184922 0.0452827 0)
(0.206358 0.0524341 0)
(0.230617 0.0666203 0)
(0.260727 0.0852143 0)
(0.293528 0.101731 0)
(0.326613 0.116935 0)
(-0.0249737 -0.271609 0)
(-0.0299806 -0.274591 0)
(-0.00752413 -0.244441 0)
(0.0199087 -0.220371 0)
(0.0462751 -0.201269 0)
(0.0692489 -0.184026 0)
(0.0891664 -0.166953 0)
(0.10699 -0.149304 0)
(0.123314 -0.13116 0)
(0.138038 -0.112393 0)
(0.150982 -0.092397 0)
(0.162176 -0.0708317 0)
(0.171819 -0.0475966 0)
(0.180822 -0.0228471 0)
(0.19159 0.00147191 0)
(0.2001 0.0122322 0)
(0.206668 0.0074092 0)
(0.223329 0.006715 0)
(0.211089 0.0250378 0)
(0.217713 0.0479273 0)
(0.243792 0.0656855 0)
(0.279144 0.0752405 0)
(0.316785 0.0871434 0)
(-0.00926282 -0.268726 0)
(-0.0101312 -0.28277 0)
(0.00274715 -0.264255 0)
(0.0204009 -0.242845 0)
(0.0391773 -0.222695 0)
(0.0571183 -0.203564 0)
(0.0738478 -0.184732 0)
(0.089556 -0.165697 0)
(0.104389 -0.146245 0)
(0.118356 -0.126123 0)
(0.131566 -0.10498 0)
(0.144304 -0.0826154 0)
(0.157038 -0.0591635 0)
(0.170608 -0.0353807 0)
(0.185948 -0.0135656 0)
(0.200644 0.00102118 0)
(0.211804 0.00958494 0)
(0.221504 0.0154622 0)
(0.23038 0.00832295 0)
(0.249683 -0.0170362 0)
(0.272086 -0.0154736 0)
(0.280283 0.031929 0)
(0.304484 0.0584072 0)
(-0.0037974 -0.257272 0)
(-0.00156151 -0.287988 0)
(0.00781971 -0.276716 0)
(0.0198269 -0.258188 0)
(0.0333754 -0.238643 0)
(0.047347 -0.219233 0)
(0.0612936 -0.199912 0)
(0.075107 -0.18043 0)
(0.0887678 -0.160563 0)
(0.102307 -0.140057 0)
(0.115882 -0.118696 0)
(0.129789 -0.0964586 0)
(0.144449 -0.0736691 0)
(0.160381 -0.0512033 0)
(0.177849 -0.0308104 0)
(0.195506 -0.0149449 0)
(0.211499 -0.00320707 0)
(0.226399 0.0061527 0)
(0.240787 0.0109559 0)
(0.251762 0.00752487 0)
(0.258586 0.000581885 0)
(0.273121 -0.0169492 0)
(0.30345 -0.0487793 0)
(0.00053647 -0.257901 0)
(0.0022781 -0.293433 0)
(0.00837454 -0.28536 0)
(0.0164348 -0.268947 0)
(0.0262412 -0.250591 0)
(0.0371699 -0.231802 0)
(0.0488371 -0.212832 0)
(0.0610546 -0.193601 0)
(0.0737459 -0.173958 0)
(0.0869268 -0.153746 0)
(0.100722 -0.132873 0)
(0.115357 -0.11143 0)
(0.131118 -0.0897861 0)
(0.148262 -0.0687076 0)
(0.166761 -0.049427 0)
(0.185818 -0.0333723 0)
(0.204351 -0.0208197 0)
(0.222221 -0.0114664 0)
(0.23938 -0.006381 0)
(0.254248 -0.00596547 0)
(0.267011 -0.00489357 0)
(0.280951 -0.00420285 0)
(0.294263 -0.0111357 0)
(0.00200097 -0.259688 0)
(0.0021262 -0.29681 0)
(0.0055195 -0.290775 0)
(0.0106913 -0.276361 0)
(0.0177044 -0.259579 0)
(0.0262175 -0.241978 0)
(0.0359413 -0.223941 0)
(0.0466953 -0.205507 0)
(0.0583942 -0.186616 0)
(0.0710388 -0.167209 0)
(0.0847135 -0.14729 0)
(0.099566 -0.127004 0)
(0.11576 -0.106703 0)
(0.133385 -0.0870048 0)
(0.152308 -0.0687818 0)
(0.17199 -0.0529678 0)
(0.191713 -0.0400472 0)
(0.211055 -0.0302269 0)
(0.229558 -0.0240637 0)
(0.246226 -0.0216553 0)
(0.260873 -0.021222 0)
(0.274015 -0.0227661 0)
(0.284304 -0.0266118 0)
(0.00168176 -0.261186 0)
(2.58331e-05 -0.297787 0)
(0.00107535 -0.293615 0)
(0.00393599 -0.28122 0)
(0.00869014 -0.266221 0)
(0.0151397 -0.250133 0)
(0.0230765 -0.233407 0)
(0.0323564 -0.21616 0)
(0.042907 -0.198413 0)
(0.0547234 -0.18018 0)
(0.0678585 -0.161525 0)
(0.0823993 -0.142617 0)
(0.0984231 -0.12377 0)
(0.115929 -0.105468 0)
(0.134747 -0.0883406 0)
(0.154464 -0.0730455 0)
(0.174528 -0.0600585 0)
(0.194418 -0.0497066 0)
(0.21355 -0.0423296 0)
(0.231142 -0.0379215 0)
(0.246768 -0.0356953 0)
(0.260132 -0.0351268 0)
(0.270592 -0.0352245 0)
(0.000534499 -0.261049 0)
(-0.0027136 -0.296663 0)
(-0.00356045 -0.29436 0)
(-0.00261551 -0.28398 0)
(0.000206174 -0.270846 0)
(0.00479899 -0.256437 0)
(0.0110197 -0.241241 0)
(0.0187658 -0.225433 0)
(0.0279863 -0.20909 0)
(0.0386783 -0.192278 0)
(0.0508749 -0.175096 0)
(0.064623 -0.157716 0)
(0.0799471 -0.140405 0)
(0.0967994 -0.123538 0)
(0.115004 -0.107574 0)
(0.134221 -0.0929914 0)
(0.153988 -0.0801869 0)
(0.173788 -0.0694635 0)
(0.193037 -0.0610459 0)
(0.211075 -0.0549059 0)
(0.227419 -0.0505829 0)
(0.241597 -0.0474483 0)
(0.253377 -0.0443098 0)
(-0.000785525 -0.258821 0)
(-0.00525582 -0.293972 0)
(-0.00754009 -0.293408 0)
(-0.00817382 -0.284963 0)
(-0.00702075 -0.273681 0)
(-0.00411368 -0.261004 0)
(0.000461658 -0.247442 0)
(0.0066429 -0.233209 0)
(0.014403 -0.218422 0)
(0.0237459 -0.203178 0)
(0.0346954 -0.187595 0)
(0.047275 -0.171834 0)
(0.0614807 -0.156115 0)
(0.0772443 -0.140722 0)
(0.0943982 -0.125989 0)
(0.112654 -0.11226 0)
(0.131615 -0.0998412 0)
(0.150815 -0.0889757 0)
(0.169723 -0.079823 0)
(0.187786 -0.0723618 0)
(0.20455 -0.0662839 0)
(0.219535 -0.0610085 0)
(0.232672 -0.0554052 0)
(-0.00188367 -0.254876 0)
(-0.00714721 -0.290124 0)
(-0.0104581 -0.291133 0)
(-0.0123483 -0.284463 0)
(-0.0126041 -0.27494 0)
(-0.0111962 -0.263963 0)
(-0.00815403 -0.252052 0)
(-0.00350132 -0.239442 0)
(0.00275687 -0.226275 0)
(0.0106341 -0.212668 0)
(0.0201519 -0.198741 0)
(0.0313231 -0.184638 0)
(0.0441304 -0.170535 0)
(0.0585011 -0.156641 0)
(0.0742831 -0.14319 0)
(0.0912305 -0.130423 0)
(0.109009 -0.118561 0)
(0.127214 -0.107788 0)
(0.145394 -0.0982226 0)
(0.163093 -0.0898621 0)
(0.179929 -0.082497 0)
(0.195475 -0.0756303 0)
(0.20976 -0.0682092 0)
(-0.00259236 -0.24978 0)
(-0.00824772 -0.285524 0)
(-0.0122248 -0.287894 0)
(-0.0150553 -0.282777 0)
(-0.0164496 -0.274854 0)
(-0.0163227 -0.265484 0)
(-0.014652 -0.255177 0)
(-0.0114233 -0.244173 0)
(-0.00661768 -0.232626 0)
(-0.000212469 -0.220659 0)
(0.00781451 -0.208389 0)
(0.0174732 -0.195939 0)
(0.0287433 -0.183444 0)
(0.0415561 -0.171049 0)
(0.0557791 -0.15891 0)
(0.0712058 -0.147185 0)
(0.0875584 -0.136025 0)
(0.104501 -0.125561 0)
(0.121664 -0.115891 0)
(0.138684 -0.107034 0)
(0.155263 -0.0988565 0)
(0.171055 -0.0909528 0)
(0.186159 -0.0823471 0)
(-0.00290665 -0.24411 0)
(-0.00861127 -0.280555 0)
(-0.0129432 -0.284022 0)
(-0.0164175 -0.280197 0)
(-0.018679 -0.273679 0)
(-0.0195939 -0.265778 0)
(-0.019092 -0.256979 0)
(-0.0171247 -0.247518 0)
(-0.0136516 -0.237543 0)
(-0.00863767 -0.227173 0)
(-0.00205695 -0.216518 0)
(0.00609948 -0.20568 0)
(0.0158138 -0.194754 0)
(0.0270271 -0.183835 0)
(0.0396275 -0.173015 0)
(0.0534455 -0.162387 0)
(0.0682558 -0.152043 0)
(0.0837884 -0.142078 0)
(0.099751 -0.132579 0)
(0.115869 -0.123593 0)
(0.131928 -0.115053 0)
(0.147666 -0.106641 0)
(0.163245 -0.0974519 0)
(-0.00290209 -0.238355 0)
(-0.0083899 -0.275536 0)
(-0.0128229 -0.279805 0)
(-0.0166787 -0.277 0)
(-0.0195505 -0.271673 0)
(-0.0212638 -0.265077 0)
(-0.021708 -0.257663 0)
(-0.0208051 -0.249645 0)
(-0.0184957 -0.241159 0)
(-0.0147335 -0.232314 0)
(-0.00948636 -0.223204 0)
(-0.00274165 -0.213908 0)
(0.0054862 -0.204491 0)
(0.0151495 -0.195003 0)
(0.0261584 -0.185485 0)
(0.0383769 -0.175979 0)
(0.0516272 -0.166536 0)
(0.0656994 -0.157225 0)
(0.0803729 -0.148132 0)
(0.0954517 -0.139337 0)
(0.110801 -0.130835 0)
(0.126239 -0.12239 0)
(0.141979 -0.113156 0)
(-0.00267534 -0.232881 0)
(-0.00776841 -0.270702 0)
(-0.0121137 -0.275476 0)
(-0.0161352 -0.273429 0)
(-0.0193891 -0.269079 0)
(-0.0216709 -0.263616 0)
(-0.0228389 -0.257446 0)
(-0.0227926 -0.250752 0)
(-0.0214569 -0.243649 0)
(-0.0187757 -0.236232 0)
(-0.0147108 -0.228575 0)
(-0.00924404 -0.220736 0)
(-0.00238248 -0.212749 0)
(0.00583657 -0.20463 0)
(0.0153435 -0.19638 0)
(0.0260336 -0.188001 0)
(0.0377707 -0.179513 0)
(0.0503987 -0.170973 0)
(0.0637597 -0.162477 0)
(0.0777274 -0.154137 0)
(0.0922376 -0.146013 0)
(0.107177 -0.137939 0)
(0.1228 -0.129109 0)
(-0.00231575 -0.22792 0)
(-0.0069246 -0.2662 0)
(-0.0110613 -0.271209 0)
(-0.0150847 -0.269684 0)
(-0.0185314 -0.266114 0)
(-0.0211786 -0.261616 0)
(-0.0228653 -0.256542 0)
(-0.0234758 -0.25104 0)
(-0.0229245 -0.245201 0)
(-0.0211479 -0.239099 0)
(-0.0181018 -0.232789 0)
(-0.0137623 -0.226306 0)
(-0.00812804 -0.21966 0)
(-0.0012244 -0.212835 0)
(0.0068966 -0.205802 0)
(0.0161579 -0.198533 0)
(0.0264601 -0.191031 0)
(0.0376928 -0.183346 0)
(0.0497528 -0.17559 0)
(0.0625732 -0.167919 0)
(0.0761491 -0.160447 0)
(0.0904236 -0.153067 0)
(0.105677 -0.144993 0)
(-0.00189725 -0.223592 0)
(-0.00600807 -0.262098 0)
(-0.00987854 -0.267116 0)
(-0.0137917 -0.265919 0)
(-0.017285 -0.262955 0)
(-0.0201297 -0.259266 0)
(-0.0221574 -0.255144 0)
(-0.0232466 -0.250698 0)
(-0.0233065 -0.245994 0)
(-0.022269 -0.241084 0)
(-0.0200855 -0.236004 0)
(-0.0167261 -0.230769 0)
(-0.0121818 -0.225363 0)
(-0.00646534 -0.219746 0)
(0.000387481 -0.213865 0)
(0.00832251 -0.207673 0)
(0.0172724 -0.201161 0)
(0.0271658 -0.194382 0)
(0.037945 -0.187472 0)
(0.0495926 -0.180628 0)
(0.0621519 -0.174017 0)
(0.0756099 -0.167576 0)
(0.0902589 -0.160508 0)
(-0.00147637 -0.219924 0)
(-0.00513045 -0.258392 0)
(-0.00873009 -0.263252 0)
(-0.0124668 -0.262238 0)
(-0.0159026 -0.259741 0)
(-0.0188148 -0.256721 0)
(-0.0210395 -0.253414 0)
(-0.0224577 -0.24989 0)
(-0.0229798 -0.246189 0)
(-0.0225367 -0.242342 0)
(-0.0210772 -0.238367 0)
(-0.0185668 -0.23426 0)
(-0.014989 -0.229985 0)
(-0.0103458 -0.225482 0)
(-0.00465696 -0.220677 0)
(0.00204267 -0.215511 0)
(0.00971158 -0.20997 0)
(0.0183115 -0.204118 0)
(0.0278223 -0.198119 0)
(0.0382664 -0.192211 0)
(0.0497258 -0.186607 0)
(0.0622204 -0.181273 0)
(0.076046 -0.175371 0)
(-0.00109816 -0.21687 0)
(-0.0043641 -0.255033 0)
(-0.00772698 -0.259631 0)
(-0.0112582 -0.258705 0)
(-0.0145706 -0.25657 0)
(-0.0174568 -0.254103 0)
(-0.0197679 -0.251485 0)
(-0.021396 -0.248752 0)
(-0.0222583 -0.245919 0)
(-0.0222893 -0.243002 0)
(-0.0214375 -0.240001 0)
(-0.0196654 -0.236897 0)
(-0.0169503 -0.233636 0)
(-0.0132849 -0.230142 0)
(-0.00867569 -0.226326 0)
(-0.0031399 -0.222118 0)
(0.00330188 -0.217508 0)
(0.0106376 -0.212576 0)
(0.0188778 -0.207515 0)
(0.0280773 -0.202604 0)
(0.0383484 -0.198099 0)
(0.0497366 -0.193975 0)
(0.0625364 -0.189325 0)
(-0.000785604 -0.214345 0)
(-0.00374587 -0.251948 0)
(-0.00692792 -0.256234 0)
(-0.010253 -0.255349 0)
(-0.0134076 -0.253505 0)
(-0.0162062 -0.251496 0)
(-0.018524 -0.249456 0)
(-0.0202715 -0.24739 0)
(-0.0213783 -0.245295 0)
(-0.0217865 -0.243172 0)
(-0.0214477 -0.24101 0)
(-0.0203236 -0.238777 0)
(-0.0183871 -0.236406 0)
(-0.0156231 -0.233807 0)
(-0.0120274 -0.230878 0)
(-0.00760239 -0.227548 0)
(-0.0023516 -0.223809 0)
(0.00373344 -0.219762 0)
(0.0106879 -0.215632 0)
(0.0185927 -0.211742 0)
(0.0275856 -0.208379 0)
(0.0377333 -0.205516 0)
(0.0493284 -0.202147 0)
(-0.000536691 -0.212242 0)
(-0.00327706 -0.249054 0)
(-0.00634619 -0.253023 0)
(-0.00948537 -0.252174 0)
(-0.012472 -0.25058 0)
(-0.0151473 -0.248959 0)
(-0.0174177 -0.2474 0)
(-0.0192181 -0.245886 0)
(-0.0204959 -0.244401 0)
(-0.0212049 -0.242937 0)
(-0.021303 -0.241477 0)
(-0.0207537 -0.239979 0)
(-0.0195276 -0.238367 0)
(-0.0176039 -0.236539 0)
(-0.0149695 -0.234388 0)
(-0.0116161 -0.231838 0)
(-0.00753283 -0.228891 0)
(-0.00269518 -0.225669 0)
(0.00295075 -0.222434 0)
(0.00950825 -0.219551 0)
(0.0171374 -0.217339 0)
(0.0259269 -0.21575 0)
(0.0361705 -0.213664 0)
(-0.000326914 -0.210464 0)
(-0.00293449 -0.246264 0)
(-0.00596346 -0.249948 0)
(-0.00895089 -0.249162 0)
(-0.011775 -0.247808 0)
(-0.0143095 -0.246525 0)
(-0.0164974 -0.245367 0)
(-0.0183031 -0.2443 0)
(-0.0196961 -0.243303 0)
(-0.0206452 -0.242366 0)
(-0.021118 -0.241469 0)
(-0.0210824 -0.240567 0)
(-0.0205089 -0.239577 0)
(-0.0193733 -0.23839 0)
(-0.0176564 -0.236894 0)
(-0.0153414 -0.235014 0)
(-0.0124073 -0.232761 0)
(-0.0088171 -0.230285 0)
(-0.00450203 -0.227884 0)
(0.000659828 -0.225968 0)
(0.00685072 -0.224884 0)
(0.0141852 -0.224564 0)
(0.0229673 -0.223757 0)
(-0.000110949 -0.208942 0)
(-0.00268977 -0.243491 0)
(-0.00574717 -0.246955 0)
(-0.00862021 -0.24629 0)
(-0.0112944 -0.245189 0)
(-0.013681 -0.244214 0)
(-0.015764 -0.243389 0)
(-0.017541 -0.242675 0)
(-0.0190061 -0.242053 0)
(-0.0201459 -0.241515 0)
(-0.0209399 -0.241045 0)
(-0.0213632 -0.240597 0)
(-0.0213889 -0.240089 0)
(-0.0209917 -0.239407 0)
(-0.0201488 -0.238435 0)
(-0.018838 -0.237101 0)
(-0.0170311 -0.235432 0)
(-0.0146828 -0.2336 0)
(-0.0117127 -0.231949 0)
(-0.00798327 -0.230935 0)
(-0.00329063 -0.230938 0)
(0.00251252 -0.231873 0)
(0.00975495 -0.232359 0)
(0.000142357 -0.207648 0)
(-0.00252054 -0.240653 0)
(-0.00566347 -0.243989 0)
(-0.00845155 -0.243532 0)
(-0.0109871 -0.242718 0)
(-0.0132224 -0.242035 0)
(-0.0151857 -0.241489 0)
(-0.016909 -0.241046 0)
(-0.0184117 -0.240692 0)
(-0.0196994 -0.240431 0)
(-0.0207655 -0.240255 0)
(-0.0215942 -0.240123 0)
(-0.0221641 -0.239954 0)
(-0.0224515 -0.239635 0)
(-0.0224325 -0.23905 0)
(-0.0220822 -0.238131 0)
(-0.0213687 -0.23692 0)
(-0.0202418 -0.235618 0)
(-0.0186143 -0.234611 0)
(-0.0163371 -0.234409 0)
(-0.0131861 -0.235439 0)
(-0.00897499 -0.23761 0)
(-0.00333283 -0.23943 0)
(0.000420266 -0.206565 0)
(-0.00241914 -0.23768 0)
(-0.00568245 -0.241012 0)
(-0.00839734 -0.240871 0)
(-0.0107974 -0.240392 0)
(-0.012878 -0.239996 0)
(-0.0147113 -0.239686 0)
(-0.0163618 -0.239437 0)
(-0.0178733 -0.239256 0)
(-0.0192698 -0.239159 0)
(-0.0205593 -0.23915 0)
(-0.0217372 -0.239199 0)
(-0.0227899 -0.23923 0)
(-0.023698 -0.239132 0)
(-0.0244394 -0.238793 0)
(-0.0249887 -0.238152 0)
(-0.0253139 -0.237263 0)
(-0.0253642 -0.236358 0)
(-0.0250518 -0.23587 0)
(-0.0242227 -0.236369 0)
(-0.0226381 -0.238342 0)
(-0.0200711 -0.241719 0)
(-0.0160896 -0.244935 0)
(0.000664052 -0.20567 0)
(-0.00239145 -0.234522 0)
(-0.00577216 -0.238015 0)
(-0.00840375 -0.238309 0)
(-0.0106628 -0.238215 0)
(-0.0125846 -0.238104 0)
(-0.0142809 -0.237991 0)
(-0.0158446 -0.237873 0)
(-0.01734 -0.237778 0)
(-0.018808 -0.237742 0)
(-0.0202709 -0.237785 0)
(-0.0217364 -0.237888 0)
(-0.0232008 -0.237984 0)
(-0.0246513 -0.23797 0)
(-0.0260697 -0.237738 0)
(-0.0274336 -0.237234 0)
(-0.0287138 -0.236526 0)
(-0.0298647 -0.235873 0)
(-0.0308053 -0.235757 0)
(-0.0313874 -0.236817 0)
(-0.031368 -0.239615 0)
(-0.0304861 -0.244144 0)
(-0.0282371 -0.248818 0)
(0.00082695 -0.204898 0)
(-0.002429 -0.231179 0)
(-0.00589229 -0.235017 0)
(-0.00841185 -0.23586 0)
(-0.0105189 -0.236194 0)
(-0.012279 -0.236364 0)
(-0.0138357 -0.236413 0)
(-0.0153031 -0.236369 0)
(-0.0167616 -0.236287 0)
(-0.0182655 -0.236223 0)
(-0.0198501 -0.236216 0)
(-0.0215356 -0.23626 0)
(-0.0233288 -0.2363 0)
(-0.0252258 -0.236241 0)
(-0.0272148 -0.235982 0)
(-0.0292787 -0.235476 0)
(-0.0313951 -0.234804 0)
(-0.0335292 -0.234251 0)
(-0.0356161 -0.234342 0)
(-0.0375268 -0.235789 0)
(-0.0390315 -0.239252 0)
(-0.0398522 -0.244827 0)
(-0.0394176 -0.250979 0)
(0.000883533 -0.204147 0)
(-0.00250214 -0.227704 0)
(-0.00598709 -0.232066 0)
(-0.00836121 -0.233547 0)
(-0.0103064 -0.234335 0)
(-0.0119062 -0.234777 0)
(-0.0133258 -0.234956 0)
(-0.0146927 -0.234939 0)
(-0.0160974 -0.234809 0)
(-0.0176039 -0.234647 0)
(-0.0192577 -0.234507 0)
(-0.0210898 -0.234397 0)
(-0.0231181 -0.234275 0)
(-0.0253486 -0.234056 0)
(-0.0277776 -0.233649 0)
(-0.0303961 -0.233013 0)
(-0.0331916 -0.232239 0)
(-0.0361448 -0.23163 0)
(-0.0392158 -0.231748 0)
(-0.0423107 -0.233375 0)
(-0.0452373 -0.237285 0)
(-0.0477298 -0.243722 0)
(-0.0491785 -0.251289 0)
(0.000856233 -0.20336 0)
(-0.00255948 -0.224172 0)
(-0.00600566 -0.229214 0)
(-0.00820421 -0.231392 0)
(-0.00998238 -0.23264 0)
(-0.0114276 -0.233338 0)
(-0.0127168 -0.233618 0)
(-0.0139833 -0.233591 0)
(-0.0153216 -0.23337 0)
(-0.0168002 -0.233057 0)
(-0.0184712 -0.232722 0)
(-0.0203739 -0.232386 0)
(-0.0225358 -0.232018 0)
(-0.024973 -0.231547 0)
(-0.0276916 -0.23089 0)
(-0.0306916 -0.230014 0)
(-0.033972 -0.229014 0)
(-0.0375319 -0.2282 0)
(-0.0413631 -0.22816 0)
(-0.0454219 -0.229735 0)
(-0.049581 -0.233815 0)
(-0.0536274 -0.240833 0)
(-0.0569636 -0.249617 0)
(0.00078154 -0.202577 0)
(-0.00255866 -0.220654 0)
(-0.00593128 -0.226507 0)
(-0.00792415 -0.229409 0)
(-0.00953134 -0.231108 0)
(-0.0108278 -0.232038 0)
(-0.0119939 -0.232393 0)
(-0.0131618 -0.232329 0)
(-0.0144236 -0.231988 0)
(-0.0158472 -0.231493 0)
(-0.0174862 -0.230925 0)
(-0.0193846 -0.230317 0)
(-0.0215771 -0.229649 0)
(-0.0240888 -0.228861 0)
(-0.0269347 -0.227881 0)
(-0.0301239 -0.22668 0)
(-0.0336663 -0.225354 0)
(-0.0375791 -0.22421 0)
(-0.0418883 -0.223838 0)
(-0.0466092 -0.225119 0)
(-0.0517032 -0.22905 0)
(-0.0570544 -0.23627 0)
(-0.0621456 -0.245915 0)
(0.000596787 -0.201841 0)
(-0.00250055 -0.217195 0)
(-0.00581035 -0.223979 0)
(-0.00755098 -0.227615 0)
(-0.00897247 -0.229739 0)
(-0.0101173 -0.230874 0)
(-0.0111616 -0.231279 0)
(-0.0122299 -0.231158 0)
(-0.0134056 -0.230683 0)
(-0.0147498 -0.229992 0)
(-0.0163128 -0.229177 0)
(-0.0181385 -0.228278 0)
(-0.0202653 -0.227285 0)
(-0.0227236 -0.226147 0)
(-0.0255356 -0.224803 0)
(-0.0287172 -0.223229 0)
(-0.0322866 -0.221514 0)
(-0.0362758 -0.219949 0)
(-0.0407396 -0.21911 0)
(-0.0457515 -0.219881 0)
(-0.0513721 -0.223333 0)
(-0.0576183 -0.230311 0)
(-0.0641257 -0.240308 0)
(-2.53897e-05 -0.200975 0)
(-0.00245885 -0.213831 0)
(-0.00577124 -0.22167 0)
(-0.00716774 -0.226036 0)
(-0.00835875 -0.228549 0)
(-0.0093281 -0.22985 0)
(-0.0102385 -0.230278 0)
(-0.0111987 -0.230084 0)
(-0.0122764 -0.229469 0)
(-0.0135196 -0.228584 0)
(-0.0149695 -0.227529 0)
(-0.0166653 -0.226347 0)
(-0.0186439 -0.225033 0)
(-0.020937 -0.223546 0)
(-0.0235698 -0.221834 0)
(-0.0265618 -0.219876 0)
(-0.0299356 -0.217753 0)
(-0.0337299 -0.215731 0)
(-0.038018 -0.214345 0)
(-0.0429168 -0.21445 0)
(-0.0485767 -0.217145 0)
(-0.0551588 -0.223434 0)
(-0.0625075 -0.233187 0)
(-0.00165621 -0.199566 0)
(-0.00260437 -0.210691 0)
(-0.00601443 -0.219679 0)
(-0.00689712 -0.224748 0)
(-0.00776212 -0.227586 0)
(-0.00850066 -0.228994 0)
(-0.00924628 -0.229403 0)
(-0.01008 -0.229116 0)
(-0.0110441 -0.228359 0)
(-0.0121665 -0.227293 0)
(-0.0134743 -0.226019 0)
(-0.0149969 -0.224581 0)
(-0.0167649 -0.222976 0)
(-0.0188068 -0.221171 0)
(-0.021146 -0.219121 0)
(-0.0238016 -0.216809 0)
(-0.026795 -0.214306 0)
(-0.0301636 -0.211845 0)
(-0.0339835 -0.209909 0)
(-0.0383915 -0.209287 0)
(-0.0435971 -0.211052 0)
(-0.0498814 -0.2163 0)
(-0.0573104 -0.225238 0)
(-0.00489042 -0.19721 0)
(-0.00322006 -0.208084 0)
(-0.00673588 -0.218237 0)
(-0.00685076 -0.223922 0)
(-0.00723728 -0.226957 0)
(-0.00766046 -0.228366 0)
(-0.00819572 -0.22869 0)
(-0.00887684 -0.228277 0)
(-0.0097089 -0.227373 0)
(-0.0106927 -0.226142 0)
(-0.0118365 -0.22468 0)
(-0.0131569 -0.223026 0)
(-0.0146743 -0.221178 0)
(-0.0164101 -0.219107 0)
(-0.0183825 -0.216777 0)
(-0.0206056 -0.214172 0)
(-0.0230942 -0.211355 0)
(-0.0258769 -0.208526 0)
(-0.0290189 -0.206107 0)
(-0.0326515 -0.204803 0)
(-0.0370011 -0.205613 0)
(-0.0424133 -0.20965 0)
(-0.0491311 -0.217369 0)
(-0.0103871 -0.193243 0)
(-0.00469679 -0.206329 0)
(-0.00799809 -0.217704 0)
(-0.00704715 -0.223848 0)
(-0.00677062 -0.226858 0)
(-0.00678983 -0.228091 0)
(-0.00707215 -0.228221 0)
(-0.00757682 -0.227633 0)
(-0.00825956 -0.226572 0)
(-0.00908905 -0.225191 0)
(-0.010053 -0.223573 0)
(-0.0111536 -0.221749 0)
(-0.0124008 -0.219714 0)
(-0.0138067 -0.217442 0)
(-0.0153818 -0.214903 0)
(-0.0171319 -0.212088 0)
(-0.0190621 -0.209049 0)
(-0.0211869 -0.205957 0)
(-0.0235522 -0.203175 0)
(-0.0262651 -0.20132 0)
(-0.0295316 -0.201292 0)
(-0.0336982 -0.204161 0)
(-0.0391021 -0.210521 0)
(-0.01905 -0.185927 0)
(-0.00747205 -0.205448 0)
(-0.00962096 -0.218357 0)
(-0.00734505 -0.224742 0)
(-0.00624514 -0.227407 0)
(-0.00581213 -0.228229 0)
(-0.00583083 -0.228035 0)
(-0.00615221 -0.227214 0)
(-0.00667542 -0.225985 0)
(-0.00733806 -0.22447 0)
(-0.00810978 -0.22273 0)
(-0.00898079 -0.220781 0)
(-0.00995188 -0.218615 0)
(-0.0110273 -0.216208 0)
(-0.0122093 -0.213535 0)
(-0.0134953 -0.210594 0)
(-0.0148795 -0.207431 0)
(-0.016361 -0.204195 0)
(-0.0179626 -0.201192 0)
(-0.0197588 -0.19896 0)
(-0.0219144 -0.198299 0)
(-0.0247278 -0.200213 0)
(-0.0285498 -0.205358 0)
(-0.0318946 -0.173028 0)
(-0.0116456 -0.206209 0)
(-0.0110313 -0.220418 0)
(-0.00740522 -0.226329 0)
(-0.00544261 -0.228178 0)
(-0.00460348 -0.228343 0)
(-0.00440873 -0.227711 0)
(-0.00457015 -0.22662 0)
(-0.00493505 -0.225221 0)
(-0.00542122 -0.22359 0)
(-0.00598881 -0.221756 0)
(-0.00662207 -0.219719 0)
(-0.00731687 -0.217466 0)
(-0.00807252 -0.214976 0)
(-0.00888612 -0.21223 0)
(-0.00974906 -0.209233 0)
(-0.010647 -0.206028 0)
(-0.0115656 -0.202745 0)
(-0.0125055 -0.199647 0)
(-0.0135091 -0.197196 0)
(-0.014697 -0.196107 0)
(-0.0163009 -0.197331 0)
(-0.0186314 -0.2016 0)
(-0.0493024 -0.15011 0)
(-0.0154708 -0.214608 0)
(-0.0108331 -0.225925 0)
(-0.00651844 -0.228736 0)
(-0.00404299 -0.228818 0)
(-0.00303766 -0.228023 0)
(-0.00275863 -0.226869 0)
(-0.00281086 -0.225494 0)
(-0.00302527 -0.223939 0)
(-0.00332478 -0.22221 0)
(-0.00367458 -0.220302 0)
(-0.00406101 -0.218201 0)
(-0.00447957 -0.215886 0)
(-0.00492785 -0.213338 0)
(-0.00540115 -0.210546 0)
(-0.00588925 -0.207519 0)
(-0.00637535 -0.204304 0)
(-0.00683917 -0.201018 0)
(-0.00726815 -0.197891 0)
(-0.00767994 -0.195331 0)
(-0.00815962 -0.193973 0)
(-0.00890436 -0.194698 0)
(-0.0102362 -0.198251 0)
(-0.0624992 -0.103789 0)
(-0.0121107 -0.239178 0)
(-0.00640202 -0.238483 0)
(-0.00334106 -0.234849 0)
(-0.0016757 -0.232262 0)
(-0.00108706 -0.230308 0)
(-0.000923716 -0.228642 0)
(-0.000922407 -0.227047 0)
(-0.000989464 -0.225399 0)
(-0.00108771 -0.223635 0)
(-0.00120194 -0.221716 0)
(-0.00132671 -0.219615 0)
(-0.00146045 -0.217306 0)
(-0.00160233 -0.214772 0)
(-0.00175036 -0.212006 0)
(-0.00189964 -0.209022 0)
(-0.00204116 -0.20587 0)
(-0.00216189 -0.202666 0)
(-0.00224857 -0.199626 0)
(-0.00229802 -0.197119 0)
(-0.00233766 -0.195717 0)
(-0.00245916 -0.196205 0)
(-0.00286792 -0.199259 0)
(0.330428 0.221686 0)
(0.252807 0.142303 0)
(0.175683 0.0626403 0)
(0.133212 0.000458242 0)
(0.368652 0.194535 0)
(0.35924 0.1689 0)
(0.329301 0.131318 0)
(0.288843 0.0960599 0)
(0.349013 0.17251 0)
(0.357336 0.173942 0)
(0.355608 0.169145 0)
(0.342278 0.161738 0)
(0.342838 0.150235 0)
(0.353483 0.158893 0)
(0.36115 0.16551 0)
(0.365344 0.170158 0)
(0.349068 0.129784 0)
(0.362329 0.13781 0)
(0.374874 0.144619 0)
(0.38702 0.150083 0)
(0.347864 0.102218 0)
(0.369005 0.112433 0)
(0.389817 0.121149 0)
(0.409329 0.128143 0)
(0.330148 0.079923 0)
(0.353252 0.0883035 0)
(0.377622 0.091467 0)
(0.399925 0.0948026 0)
(0.333864 -0.0630547 0)
(0.357866 -0.0560139 0)
(0.382122 -0.0204737 0)
(0.402235 0.0233462 0)
(0.296428 -0.0170502 0)
(0.29572 -0.0196852 0)
(0.297216 -0.0211906 0)
(0.305099 -0.0237079 0)
(0.287958 -0.0263959 0)
(0.290344 -0.0238213 0)
(0.293102 -0.0189145 0)
(0.296898 -0.0129649 0)
(0.275421 -0.0332176 0)
(0.278434 -0.0311544 0)
(0.281147 -0.0285412 0)
(0.283523 -0.0254474 0)
(0.25971 -0.0402227 0)
(0.263463 -0.0369801 0)
(0.266502 -0.0332351 0)
(0.268634 -0.0288216 0)
(0.240478 -0.0495114 0)
(0.245165 -0.0449478 0)
(0.249054 -0.0395431 0)
(0.251873 -0.0330498 0)
(0.218892 -0.0607865 0)
(0.224515 -0.0549851 0)
(0.229413 -0.0479002 0)
(0.233292 -0.0392659 0)
(0.196371 -0.0738369 0)
(0.202817 -0.0670669 0)
(0.208678 -0.0585459 0)
(0.213666 -0.0479957 0)
(0.17425 -0.0883318 0)
(0.181341 -0.0809091 0)
(0.188003 -0.0712844 0)
(0.193964 -0.0591566 0)
(0.153482 -0.10386 0)
(0.161014 -0.0960838 0)
(0.168256 -0.0856839 0)
(0.174961 -0.0723314 0)
(0.134517 -0.119991 0)
(0.142279 -0.112108 0)
(0.149861 -0.101212 0)
(0.157042 -0.0869461 0)
(0.117336 -0.136315 0)
(0.125125 -0.128507 0)
(0.132812 -0.117326 0)
(0.140199 -0.10239 0)
(0.101606 -0.152444 0)
(0.109231 -0.144827 0)
(0.116804 -0.133501 0)
(0.124143 -0.118065 0)
(0.0868477 -0.16801 0)
(0.0941366 -0.160643 0)
(0.1014 -0.149252 0)
(0.108469 -0.133422 0)
(0.0725908 -0.182689 0)
(0.0794003 -0.17559 0)
(0.0861924 -0.164166 0)
(0.0928142 -0.147997 0)
(0.0584798 -0.196222 0)
(0.0647022 -0.189384 0)
(0.0709083 -0.177932 0)
(0.0769619 -0.161454 0)
(0.0443178 -0.208429 0)
(0.0498885 -0.201841 0)
(0.0554481 -0.190368 0)
(0.0608778 -0.173608 0)
(0.0300613 -0.219216 0)
(0.0349574 -0.212887 0)
(0.0398628 -0.201423 0)
(0.044676 -0.184439 0)
(0.0157826 -0.228554 0)
(0.0200117 -0.222534 0)
(0.0242944 -0.21116 0)
(0.0285468 -0.194068 0)
(0.00162598 -0.236462 0)
(0.00520712 -0.230848 0)
(0.00891386 -0.219708 0)
(0.0126815 -0.202697 0)
(-0.0122204 -0.242958 0)
(-0.00927865 -0.237898 0)
(-0.00611532 -0.227195 0)
(-0.00277176 -0.210532 0)
(-0.025517 -0.248024 0)
(-0.0232406 -0.243701 0)
(-0.0206337 -0.233689 0)
(-0.0177096 -0.217702 0)
(-0.0379544 -0.251552 0)
(-0.0364177 -0.248155 0)
(-0.0344448 -0.239106 0)
(-0.0320151 -0.224153 0)
(-0.049113 -0.253358 0)
(-0.0484312 -0.251044 0)
(-0.0472314 -0.243205 0)
(-0.0454533 -0.229629 0)
(-0.0584247 -0.253205 0)
(-0.0587259 -0.252056 0)
(-0.0584726 -0.245603 0)
(-0.0575625 -0.233677 0)
(-0.0651764 -0.250885 0)
(-0.0665496 -0.250874 0)
(-0.0673948 -0.24586 0)
(-0.0675713 -0.235724 0)
(-0.0685989 -0.246343 0)
(-0.071029 -0.247308 0)
(-0.0730264 -0.243632 0)
(-0.0744233 -0.23525 0)
(-0.0680593 -0.239813 0)
(-0.0713667 -0.241463 0)
(-0.0743956 -0.238867 0)
(-0.0769686 -0.232007 0)
(-0.0633355 -0.2319 0)
(-0.0671525 -0.233864 0)
(-0.0708758 -0.231964 0)
(-0.0743371 -0.226228 0)
(-0.0548852 -0.223557 0)
(-0.0587054 -0.225466 0)
(-0.0625995 -0.223839 0)
(-0.0664252 -0.218744 0)
(-0.0439231 -0.215893 0)
(-0.0472454 -0.217478 0)
(-0.0507423 -0.215786 0)
(-0.0543071 -0.210908 0)
(-0.0320972 -0.20984 0)
(-0.0346377 -0.211014 0)
(-0.0373742 -0.209104 0)
(-0.0402166 -0.204204 0)
(-0.0209299 -0.205483 0)
(-0.0226863 -0.20637 0)
(-0.0246118 -0.20426 0)
(-0.0265849 -0.199223 0)
(-0.0114902 -0.201553 0)
(-0.0124257 -0.202209 0)
(-0.0134384 -0.199977 0)
(-0.0144378 -0.194914 0)
(-0.00327381 -0.202109 0)
(-0.00357886 -0.202615 0)
(-0.00390095 -0.200498 0)
(-0.0041759 -0.195801 0)
(0.185563 -0.0324206 0)
(0.119495 0.422119 0)
(0.298735 0.704564 0)
(0.349108 0.763939 0)
(0.324613 0.744391 0)
(0.300131 0.691274 0)
(0.2881 0.611404 0)
(0.30197 0.496996 0)
(0.376633 0.340547 0)
(0.537393 0.197463 0)
(0.713192 0.0843226 0)
(0.770096 -0.0169756 0)
(0.781294 -0.117992 0)
(0.761998 -0.226213 0)
(0.730357 -0.354861 0)
(0.681702 -0.495785 0)
(0.621338 -0.648447 0)
(0.414098 -0.945828 0)
(0.480986 -1.79637 0)
(0.229871 0.0952612 0)
(0.184412 0.18065 0)
(0.310019 0.383101 0)
(0.567303 0.754327 0)
(0.732237 0.852947 0)
(0.835122 0.813474 0)
(0.905216 0.725587 0)
(0.944736 0.612733 0)
(0.90287 0.324489 0)
(0.860337 0.156807 0)
(0.882047 0.0651011 0)
(0.881611 -0.0161681 0)
(0.869636 -0.0978897 0)
(0.841436 -0.192878 0)
(0.799363 -0.303923 0)
(0.74604 -0.431232 0)
(0.678013 -0.575208 0)
(0.541642 -0.803597 0)
(0.464111 -1.35741 0)
(0.303417 0.170588 0)
(0.271268 0.223265 0)
(0.298242 0.286688 0)
(0.426184 0.363122 0)
(0.602974 0.464458 0)
(0.731666 0.527183 0)
(0.809219 0.494246 0)
(0.882959 0.402506 0)
(0.942142 0.289681 0)
(0.946131 0.179529 0)
(0.934682 0.0943759 0)
(0.916778 0.0164886 0)
(0.892466 -0.0686151 0)
(0.856756 -0.169816 0)
(0.808966 -0.284695 0)
(0.748439 -0.405213 0)
(0.668952 -0.530073 0)
(0.549354 -0.692871 0)
(0.420122 -1.00086 0)
(0.364259 0.179133 0)
(0.36645 0.220819 0)
(0.395012 0.277565 0)
(0.454131 0.335747 0)
(0.549116 0.399334 0)
(0.677565 0.439519 0)
(0.796741 0.428468 0)
(0.894533 0.3716 0)
(0.945252 0.279778 0)
(0.958488 0.180404 0)
(0.94968 0.0928868 0)
(0.928482 0.0179537 0)
(0.894342 -0.0581279 0)
(0.843233 -0.145138 0)
(0.777588 -0.243018 0)
(0.701182 -0.346301 0)
(0.606942 -0.449472 0)
(0.490507 -0.560903 0)
(0.354385 -0.674869 0)
(0.407016 0.158894 0)
(0.437964 0.187114 0)
(0.476395 0.234509 0)
(0.529072 0.290144 0)
(0.60298 0.339482 0)
(0.697254 0.36682 0)
(0.794431 0.360861 0)
(0.876942 0.318904 0)
(0.932692 0.246744 0)
(0.957024 0.168529 0)
(0.953187 0.104872 0)
(0.92514 0.0520926 0)
(0.872689 -0.00495997 0)
(0.7974 -0.0780349 0)
(0.710471 -0.168861 0)
(0.623128 -0.265585 0)
(0.528852 -0.350727 0)
(0.42626 -0.413582 0)
(0.301984 -0.369107 0)
(0.440089 0.138544 0)
(0.484232 0.159921 0)
(0.530719 0.193325 0)
(0.585003 0.234854 0)
(0.650698 0.273718 0)
(0.726872 0.296178 0)
(0.805771 0.291846 0)
(0.877022 0.259199 0)
(0.93107 0.208627 0)
(0.959478 0.159888 0)
(0.955251 0.125087 0)
(0.911891 0.0996595 0)
(0.824592 0.0711288 0)
(0.708595 0.017708 0)
(0.595208 -0.0749848 0)
(0.507815 -0.182478 0)
(0.437546 -0.262748 0)
(0.365566 -0.284117 0)
(0.271577 -0.0993986 0)
(0.434603 0.103426 0)
(0.485751 0.125241 0)
(0.541222 0.157741 0)
(0.603177 0.193285 0)
(0.671803 0.223444 0)
(0.744243 0.240686 0)
(0.817212 0.238016 0)
(0.88484 0.214397 0)
(0.939487 0.179255 0)
(0.970186 0.148429 0)
(0.957011 0.135501 0)
(0.867598 0.135666 0)
(0.671219 0.141832 0)
(0.472387 0.11137 0)
(0.3672 0.00499903 0)
(0.325401 -0.129042 0)
(0.316978 -0.212778 0)
(0.298727 -0.194651 0)
(0.253927 0.128858 0)
(0.424829 0.0605641 0)
(0.463367 0.0964082 0)
(0.513251 0.134158 0)
(0.580504 0.166588 0)
(0.658041 0.190616 0)
(0.737811 0.205139 0)
(0.81667 0.204081 0)
(0.889441 0.185584 0)
(0.946655 0.160813 0)
(0.97407 0.143982 0)
(0.925283 0.158643 0)
(0.694934 0.225327 0)
(0.160352 0.318331 0)
(-0.0355586 0.236933 0)
(0.00966796 0.00160582 0)
(0.0894754 -0.172178 0)
(0.161239 -0.239639 0)
(0.199309 -0.164597 0)
(0.216049 0.289175 0)
(0.328763 -0.0340395 0)
(0.370635 -0.0429524 0)
(0.42129 -0.044634 0)
(0.492906 -0.0196654 0)
(0.583613 0.0387974 0)
(0.661891 0.0802953 0)
(0.709922 0.0902283 0)
(0.708951 0.0868761 0)
(0.596081 0.0960572 0)
(0.353369 0.1962 0)
(0.092177 0.470959 0)
(-0.543438 1.00138 0)
(-0.968649 1.01728 0)
(-0.454658 0.112438 0)
(-0.248341 -0.155289 0)
(-0.124999 -0.285786 0)
(-0.0168484 -0.320326 0)
(0.0403581 -0.169051 0)
(0.114113 0.447867 0)
(0.30613 -0.00369293 0)
(0.318498 0.00493365 0)
(0.322879 0.00701681 0)
(0.31774 0.000449576 0)
(0.309452 -0.0041008 0)
(0.29419 0.0183402 0)
(0.259589 0.0816127 0)
(0.195456 0.184007 0)
(0.0842527 0.311787 0)
(-0.0915495 0.482925 0)
(-0.31065 0.792027 0)
(-0.71013 1.20602 0)
(-1.04828 1.03644 0)
(-0.495498 -0.242067 0)
(-0.37272 -0.364328 0)
(-0.280937 -0.415301 0)
(-0.205162 -0.405081 0)
(-0.170397 -0.165697 0)
(-0.0258049 0.476608 0)
(0.287235 -0.0194944 0)
(0.288155 -0.00845895 0)
(0.280014 0.00598977 0)
(0.25719 0.0274505 0)
(0.220675 0.0620702 0)
(0.170996 0.114619 0)
(0.104186 0.191471 0)
(0.0159277 0.300895 0)
(-0.102462 0.45233 0)
(-0.26042 0.675942 0)
(-0.417278 1.00462 0)
(-0.568585 1.27774 0)
(-0.838618 1.05402 0)
(-0.517824 -0.36633 0)
(-0.461865 -0.497523 0)
(-0.390806 -0.499473 0)
(-0.347364 -0.465997 0)
(-0.344429 -0.245124 0)
(-0.132267 0.283882 0)
(0.27106 -0.0201761 0)
(0.268365 -0.00171592 0)
(0.256097 0.0230488 0)
(0.230229 0.0570885 0)
(0.189505 0.106245 0)
(0.133714 0.174474 0)
(0.0622494 0.266976 0)
(-0.025113 0.391557 0)
(-0.128904 0.561427 0)
(-0.245325 0.801309 0)
(-0.334559 1.11127 0)
(-0.344441 1.30026 0)
(-0.369176 0.95527 0)
(-0.468117 -0.337919 0)
(-0.480173 -0.56938 0)
(-0.415695 -0.547165 0)
(-0.36177 -0.501991 0)
(-0.367541 -0.392763 0)
(-0.176629 0.00841183 0)
(0.255033 -0.0202643 0)
(0.252838 0.00573814 0)
(0.241463 0.0405145 0)
(0.218288 0.0863835 0)
(0.182192 0.147537 0)
(0.133018 0.228161 0)
(0.0715343 0.333063 0)
(4.75211e-05 0.468405 0)
(-0.0759699 0.64308 0)
(-0.143194 0.867476 0)
(-0.168611 1.1243 0)
(-0.112771 1.26174 0)
(0.024118 0.935474 0)
(-0.262481 -0.0788295 0)
(-0.428843 -0.593257 0)
(-0.368935 -0.593051 0)
(-0.286233 -0.529513 0)
(-0.271524 -0.4633 0)
(-0.174346 -0.242301 0)
(0.238187 -0.0222902 0)
(0.238769 0.0109496 0)
(0.231186 0.0545858 0)
(0.213833 0.110674 0)
(0.186205 0.182336 0)
(0.148575 0.27294 0)
(0.102519 0.385909 0)
(0.0517935 0.524679 0)
(0.00430686 0.692348 0)
(-0.0244291 0.887419 0)
(-0.00651835 1.08359 0)
(0.0778986 1.1747 0)
(0.219579 0.950137 0)
(0.0600676 0.272768 0)
(-0.330745 -0.528741 0)
(-0.303978 -0.66227 0)
(-0.214986 -0.596223 0)
(-0.150849 -0.517975 0)
(-0.0845181 -0.380419 0)
(0.220602 -0.0272024 0)
(0.224852 0.0123915 0)
(0.222259 0.0633396 0)
(0.211901 0.127477 0)
(0.193777 0.207168 0)
(0.168507 0.304722 0)
(0.13801 0.421887 0)
(0.106372 0.559235 0)
(0.0813631 0.714889 0)
(0.0765738 0.880153 0)
(0.111954 1.02613 0)
(0.196375 1.07619 0)
(0.304862 0.9103 0)
(0.267253 0.431614 0)
(0.0598585 -0.152687 0)
(-0.182721 -0.709447 0)
(-0.146347 -0.722664 0)
(-0.060223 -0.611717 0)
(0.00063846 -0.418907 0)
(0.202807 -0.0351201 0)
(0.210689 0.00974889 0)
(0.213066 0.0664911 0)
(0.209431 0.136696 0)
(0.200065 0.222142 0)
(0.185694 0.324195 0)
(0.168118 0.443127 0)
(0.150889 0.577161 0)
(0.140275 0.720917 0)
(0.146234 0.861859 0)
(0.181504 0.971922 0)
(0.250261 0.994882 0)
(0.331645 0.855126 0)
(0.34504 0.49142 0)
(0.344476 -0.0386864 0)
(0.0754114 -0.491023 0)
(0.0428378 -0.723663 0)
(0.0351025 -0.676671 0)
(0.0506315 -0.420842 0)
(0.185334 -0.0456854 0)
(0.19627 0.00341464 0)
(0.202861 0.0646557 0)
(0.204807 0.139405 0)
(0.202452 0.229005 0)
(0.196373 0.334118 0)
(0.187885 0.453912 0)
(0.179484 0.584968 0)
(0.175386 0.719726 0)
(0.1819 0.843822 0)
(0.206377 0.931021 0)
(0.250971 0.937078 0)
(0.304329 0.80554 0)
(0.325175 0.49105 0)
(0.38459 -0.00460347 0)
(0.246744 -0.381021 0)
(0.281806 -0.602878 0)
(0.172496 -0.634116 0)
(0.0546209 -0.37407 0)
(0.168457 -0.0582668 0)
(0.181602 -0.00581952 0)
(0.191294 0.05893 0)
(0.19728 0.137185 0)
(0.199794 0.230022 0)
(0.199079 0.337679 0)
(0.195741 0.458668 0)
(0.190995 0.588601 0)
(0.186935 0.718746 0)
(0.186662 0.833988 0)
(0.193573 0.909554 0)
(0.208522 0.907306 0)
(0.227442 0.778169 0)
(0.235101 0.477289 0)
(0.197889 -0.0438007 0)
(0.307145 -0.43013 0)
(0.409415 -0.528163 0)
(0.311694 -0.497859 0)
(0.0676083 -0.241742 0)
(0.152146 -0.0721277 0)
(0.166577 -0.0169957 0)
(0.17816 0.0505981 0)
(0.186581 0.131772 0)
(0.191857 0.227508 0)
(0.1938 0.337904 0)
(0.192241 0.461235 0)
(0.18712 0.592738 0)
(0.178622 0.723205 0)
(0.167289 0.837276 0)
(0.153829 0.910932 0)
(0.138712 0.908253 0)
(0.124379 0.780108 0)
(0.121946 0.469418 0)
(0.0989712 -0.0674173 0)
(0.282297 -0.58173 0)
(0.31639 -0.601937 0)
(0.356263 -0.368351 0)
(0.14144 -0.0790823 0)
(0.13614 -0.0865342 0)
(0.150982 -0.0291533 0)
(0.163325 0.0409157 0)
(0.172732 0.124791 0)
(0.178954 0.223517 0)
(0.181364 0.337293 0)
(0.179075 0.464512 0)
(0.170925 0.600492 0)
(0.155528 0.73601 0)
(0.131495 0.855579 0)
(0.0977478 0.934959 0)
(0.0545609 0.93703 0)
(0.00739697 0.806981 0)
(-0.0212264 0.475311 0)
(-0.0382676 -0.101089 0)
(-0.0956242 -0.675636 0)
(0.203722 -0.509992 0)
(0.33746 -0.270636 0)
(0.192125 0.130284 0)
(0.120096 -0.100823 0)
(0.134608 -0.0414357 0)
(0.146774 0.0309703 0)
(0.156008 0.117595 0)
(0.161791 0.219664 0)
(0.163109 0.337662 0)
(0.158508 0.470356 0)
(0.145988 0.613477 0)
(0.122992 0.758076 0)
(0.0867222 0.88854 0)
(0.0345973 0.979643 0)
(-0.0340987 0.990999 0)
(-0.112223 0.860726 0)
(-0.174465 0.516647 0)
(-0.231469 -0.0719656 0)
(-0.382921 -0.732057 0)
(0.212294 -0.914868 0)
(0.219949 -0.286285 0)
(0.239602 0.312994 0)
(0.103745 -0.114453 0)
(0.117375 -0.0531659 0)
(0.128705 0.0215886 0)
(0.136989 0.111165 0)
(0.141471 0.217051 0)
(0.140833 0.340121 0)
(0.133248 0.47966 0)
(0.116205 0.632031 0)
(0.0864431 0.788753 0)
(0.0402518 0.93412 0)
(-0.0264018 1.04192 0)
(-0.115904 1.06731 0)
(-0.219547 0.940757 0)
(-0.308634 0.595802 0)
(-0.374397 -0.014242 0)
(-0.445801 -0.864367 0)
(-0.056769 -1.59211 0)
(0.105017 -0.2156 0)
(0.289526 0.526468 0)
(0.0869847 -0.127047 0)
(0.0994211 -0.0639084 0)
(0.109596 0.0132622 0)
(0.116625 0.106034 0)
(0.119555 0.216201 0)
(0.116868 0.345049 0)
(0.106591 0.492405 0)
(0.0860569 0.655388 0)
(0.0517717 0.826137 0)
(-0.000374866 0.989162 0)
(-0.076154 1.11766 0)
(-0.182235 1.16225 0)
(-0.300915 1.03894 0)
(-0.381483 0.687865 0)
(-0.363141 -0.000310539 0)
(-0.394633 -1.01623 0)
(-0.422982 -1.69992 0)
(-0.0919028 -0.306892 0)
(0.337812 0.721065 0)
(0.0699093 -0.138428 0)
(0.081108 -0.0735186 0)
(0.090198 0.00607917 0)
(0.0962012 0.102196 0)
(0.0980423 0.216944 0)
(0.094119 0.351971 0)
(0.0825994 0.507522 0)
(0.061075 0.681542 0)
(0.0264565 0.867127 0)
(-0.0252069 1.04946 0)
(-0.100166 1.20139 0)
(-0.213417 1.26582 0)
(-0.310542 1.09427 0)
(-0.255098 0.662177 0)
(0.187442 -0.275699 0)
(0.321955 -0.686663 0)
(0.00395874 -1.34031 0)
(-0.295528 -1.25794 0)
(0.375092 0.855797 0)
(0.0527548 -0.148629 0)
(0.0629349 -0.0821649 0)
(0.0713966 -0.000316746 0)
(0.0771546 0.0990349 0)
(0.0791228 0.218288 0)
(0.0757712 0.359335 0)
(0.0658367 0.522549 0)
(0.0477393 0.706604 0)
(0.0195278 0.905429 0)
(-0.020609 1.10526 0)
(-0.0725533 1.27297 0)
(-0.165355 1.34436 0)
(-0.0733848 1.02115 0)
(0.517427 0.194248 0)
(0.605707 -0.303739 0)
(0.609406 -0.60042 0)
(0.441964 -0.945319 0)
(-0.0986369 -1.38684 0)
(0.392856 1.0115 0)
(0.0358053 -0.157869 0)
(0.0453926 -0.0902996 0)
(0.0539911 -0.0066961 0)
(0.0607286 0.095342 0)
(0.0646711 0.218408 0)
(0.0645576 0.364449 0)
(0.0601586 0.533425 0)
(0.0513359 0.724225 0)
(0.0379321 0.931344 0)
(0.0202304 1.13944 0)
(0.0196166 1.30731 0)
(-0.0660188 1.32265 0)
(0.370341 0.633952 0)
(0.638973 0.0585423 0)
(0.744659 -0.335264 0)
(0.722079 -0.537097 0)
(0.629549 -0.742846 0)
(0.10048 -1.09977 0)
(0.419628 1.18029 0)
(0.0192945 -0.16649 0)
(0.0288082 -0.0985589 0)
(0.0384522 -0.0141005 0)
(0.0475905 0.0895289 0)
(0.0556088 0.214975 0)
(0.0617966 0.364037 0)
(0.0667378 0.535457 0)
(0.0728944 0.727069 0)
(0.0825302 0.933829 0)
(0.102787 1.13554 0)
(0.158647 1.28052 0)
(0.143485 1.18966 0)
(0.606295 0.182987 0)
(0.751915 -0.134418 0)
(0.775483 -0.357142 0)
(0.732397 -0.494948 0)
(0.670646 -0.623157 0)
(0.0645345 -0.749455 0)
(0.450085 1.36821 0)
(0.00334567 -0.174843 0)
(0.0132487 -0.107605 0)
(0.0247759 -0.0236104 0)
(0.0376257 0.0799813 0)
(0.0515903 0.205704 0)
(0.0666988 0.354808 0)
(0.0838357 0.524951 0)
(0.107969 0.710275 0)
(0.144623 0.904868 0)
(0.207649 1.0834 0)
(0.314776 1.1794 0)
(0.436872 0.994134 0)
(0.705094 0.0627128 0)
(0.763955 -0.179699 0)
(0.753964 -0.337716 0)
(0.704021 -0.431087 0)
(0.655096 -0.511197 0)
(0.0335895 -0.484174 0)
(0.452087 1.50807 0)
(-0.0120317 -0.183176 0)
(-0.00148356 -0.117956 0)
(0.0124798 -0.0360994 0)
(0.0299648 0.0654111 0)
(0.0511749 0.188912 0)
(0.0766995 0.334843 0)
(0.107717 0.49977 0)
(0.148747 0.673236 0)
(0.209758 0.845335 0)
(0.307527 0.988738 0)
(0.447363 1.03521 0)
(0.616022 0.816708 0)
(0.693516 0.0872667 0)
(0.704773 -0.198223 0)
(0.706772 -0.324308 0)
(0.662978 -0.373382 0)
(0.615667 -0.410065 0)
(0.179065 -0.173494 0)
(0.410278 1.5607 0)
(-0.0268758 -0.191524 0)
(-0.0157598 -0.129825 0)
(0.000724843 -0.0520329 0)
(0.0231594 0.0450767 0)
(0.0521633 0.163695 0)
(0.0885846 0.303529 0)
(0.133853 0.46027 0)
(0.189307 0.619605 0)
(0.268469 0.761975 0)
(0.38335 0.867949 0)
(0.529257 0.888815 0)
(0.674391 0.696827 0)
(0.692397 0.106484 0)
(0.639028 -0.226589 0)
(0.661252 -0.309145 0)
(0.623898 -0.326098 0)
(0.578512 -0.336154 0)
(0.342937 0.0660013 0)
(0.362419 1.76437 0)
(-0.0411318 -0.199641 0)
(-0.0299436 -0.142992 0)
(-0.0114655 -0.0712919 0)
(0.0154216 0.0189474 0)
(0.05182 0.129927 0)
(0.0987591 0.260932 0)
(0.157272 0.406746 0)
(0.227276 0.553279 0)
(0.319214 0.668629 0)
(0.428111 0.747538 0)
(0.552931 0.761379 0)
(0.666927 0.622749 0)
(0.675662 0.133304 0)
(0.624332 -0.175084 0)
(0.629454 -0.288569 0)
(0.592445 -0.281587 0)
(0.54158 -0.279769 0)
(0.343031 0.257608 0)
(0.346328 2.1579 0)
(-0.0544872 -0.206964 0)
(-0.0441277 -0.156731 0)
(-0.0248648 -0.0930325 0)
(0.00500858 -0.0120595 0)
(0.0471222 0.0885488 0)
(0.102711 0.208048 0)
(0.172151 0.341327 0)
(0.257578 0.476892 0)
(0.352453 0.580591 0)
(0.447371 0.649727 0)
(0.546979 0.667855 0)
(0.62135 0.581071 0)
(0.626323 0.149164 0)
(0.604578 -0.137155 0)
(0.607094 -0.260214 0)
(0.566645 -0.227803 0)
(0.508328 -0.223184 0)
(0.229133 0.384883 0)
(0.326888 2.44169 0)
(-0.0662284 -0.212688 0)
(-0.0578614 -0.169852 0)
(-0.0395569 -0.115659 0)
(-0.00904346 -0.0459694 0)
(0.0358163 0.0419252 0)
(0.0964229 0.14772 0)
(0.172659 0.267079 0)
(0.266194 0.391751 0)
(0.36287 0.499217 0)
(0.454756 0.569424 0)
(0.536223 0.601991 0)
(0.590447 0.554022 0)
(0.582331 0.147129 0)
(0.59235 -0.1359 0)
(0.584809 -0.227736 0)
(0.541978 -0.16226 0)
(0.478305 -0.136421 0)
(0.107939 0.545893 0)
(0.312206 2.59707 0)
(-0.0751985 -0.215956 0)
(-0.0699651 -0.180916 0)
(-0.0545506 -0.137093 0)
(-0.0261707 -0.0800769 0)
(0.0179044 -0.00654937 0)
(0.0794019 0.0840506 0)
(0.158244 0.188765 0)
(0.253633 0.301786 0)
(0.358111 0.411541 0)
(0.456986 0.493246 0)
(0.535786 0.543386 0)
(0.602722 0.526297 0)
(0.582744 0.117249 0)
(0.578352 -0.134732 0)
(0.553128 -0.191297 0)
(0.511177 -0.0901359 0)
(0.447624 -0.0187295 0)
(0.0259893 0.719572 0)
(0.306277 2.73519 0)
(-0.0799643 -0.216128 0)
(-0.0786298 -0.18858 0)
(-0.067785 -0.155189 0)
(-0.0441694 -0.111428 0)
(-0.00442021 -0.05336 0)
(0.0539231 0.0207301 0)
(0.131503 0.109722 0)
(0.226888 0.209787 0)
(0.336172 0.313256 0)
(0.445707 0.409191 0)
(0.540624 0.478975 0)
(0.6333 0.488852 0)
(0.589963 0.205274 0)
(0.535528 -0.0996745 0)
(0.511123 -0.152468 0)
(0.47356 -0.0265635 0)
(0.427069 0.118948 0)
(-0.0474801 0.879688 0)
(0.307182 2.83851 0)
(-0.0792147 -0.213059 0)
(-0.0818113 -0.191972 0)
(-0.0764563 -0.168177 0)
(-0.0596245 -0.137308 0)
(-0.0273785 -0.0951078 0)
(0.023771 -0.0387456 0)
(0.0958668 0.0325386 0)
(0.18856 0.117167 0)
(0.298879 0.210818 0)
(0.418993 0.305845 0)
(0.534025 0.390829 0)
(0.648787 0.431727 0)
(0.669137 0.297429 0)
(0.442228 -0.0900947 0)
(0.457202 -0.111387 0)
(0.436349 0.0302485 0)
(0.425046 0.289189 0)
(-0.0523648 0.993993 0)
(0.313588 2.91289 0)
(-0.0723618 -0.207331 0)
(-0.0779683 -0.191092 0)
(-0.077827 -0.175183 0)
(-0.0685508 -0.155744 0)
(-0.0459543 -0.128649 0)
(-0.00567973 -0.0904964 0)
(0.0560331 -0.0390462 0)
(0.141129 0.0265009 0)
(0.248631 0.10484 0)
(0.374024 0.191738 0)
(0.50712 0.278684 0)
(0.641359 0.34668 0)
(0.730478 0.322423 0)
(0.663415 0.160939 0)
(0.401135 -0.14271 0)
(0.391313 0.0848162 0)
(0.413384 0.411609 0)
(0.0267811 1.08939 0)
(0.328998 2.99228 0)
(-0.0601737 -0.200335 0)
(-0.0670107 -0.187111 0)
(-0.0704345 -0.176759 0)
(-0.0677034 -0.166212 0)
(-0.0550275 -0.151992 0)
(-0.0278337 -0.130904 0)
(0.0188721 -0.100041 0)
(0.0895097 -0.0569117 0)
(0.186433 0.000224583 0)
(0.308629 0.071166 0)
(0.449309 0.152398 0)
(0.598039 0.234144 0)
(0.720543 0.280905 0)
(0.758496 0.243331 0)
(0.567873 0.0456644 0)
(0.308057 0.0461043 0)
(0.352017 0.516244 0)
(0.106655 1.23084 0)
(0.345854 3.11413 0)
(-0.0449943 -0.19385 0)
(-0.0509994 -0.182064 0)
(-0.0554344 -0.174862 0)
(-0.056582 -0.170036 0)
(-0.0517094 -0.165089 0)
(-0.0369696 -0.157728 0)
(-0.00745466 -0.145498 0)
(0.0425512 -0.125529 0)
(0.118542 -0.0940865 0)
(0.224161 -0.0472929 0)
(0.358666 0.0173952 0)
(0.513746 0.0993112 0)
(0.664354 0.186645 0)
(0.76697 0.263174 0)
(0.787367 0.25878 0)
(0.428677 0.224197 0)
(0.260748 0.565052 0)
(0.147041 1.39562 0)
(0.329776 3.23261 0)
(-0.0297528 -0.188637 0)
(-0.0336019 -0.17722 0)
(-0.036865 -0.171239 0)
(-0.038828 -0.169086 0)
(-0.038064 -0.169186 0)
(-0.032228 -0.170346 0)
(-0.0179213 -0.171348 0)
(0.00968459 -0.17035 0)
(0.0567324 -0.164112 0)
(0.130293 -0.147119 0)
(0.237088 -0.111498 0)
(0.379349 -0.0478465 0)
(0.544855 0.050306 0)
(0.696322 0.190419 0)
(0.784705 0.344308 0)
(0.843034 0.391965 0)
(0.291862 0.653863 0)
(0.116376 1.59023 0)
(0.30087 3.40444 0)
(-0.0160166 -0.184364 0)
(-0.01791 -0.173102 0)
(-0.0194157 -0.167321 0)
(-0.0205182 -0.165776 0)
(-0.0208109 -0.167445 0)
(-0.0194125 -0.171846 0)
(-0.014929 -0.178724 0)
(-0.00517563 -0.187558 0)
(0.0132497 -0.197264 0)
(0.0459305 -0.204834 0)
(0.102483 -0.203734 0)
(0.196569 -0.180183 0)
(0.341969 -0.105588 0)
(0.520431 0.0790791 0)
(0.663537 0.327206 0)
(0.771272 0.580012 0)
(0.448929 0.950521 0)
(0.00900892 1.70127 0)
(0.282455 3.59124 0)
(-0.00455237 -0.185994 0)
(-0.004926 -0.175586 0)
(-0.00513208 -0.170386 0)
(-0.00532011 -0.169431 0)
(-0.00547571 -0.171929 0)
(-0.00547106 -0.177574 0)
(-0.00510316 -0.186299 0)
(-0.00409746 -0.197932 0)
(-0.00208671 -0.21211 0)
(0.00167594 -0.227998 0)
(0.00946237 -0.244407 0)
(0.0282989 -0.259771 0)
(0.080748 -0.263813 0)
(0.177061 -0.205669 0)
(0.478058 0.117157 0)
(0.621268 0.596401 0)
(0.670768 1.1807 0)
(0.189007 1.6401 0)
(0.348136 3.88307 0)
)
;

boundaryField
{
    leftWall
    {
        type            noSlip;
    }
    rightWall
    {
        type            noSlip;
    }
    lowerWall
    {
        type            noSlip;
    }
    atmosphere
    {
        type            pressureInletOutletVelocity;
        value           nonuniform List<vector> 
46
(
(0 -0.103789 0)
(0 -0.239178 0)
(0 -0.238483 0)
(0 -0.234849 0)
(0 -0.232262 0)
(0 -0.230308 0)
(0 -0.228642 0)
(0 -0.227047 0)
(0 -0.225399 0)
(0 -0.223635 0)
(0 -0.221716 0)
(0 -0.219615 0)
(0 -0.217306 0)
(0 -0.214772 0)
(0 -0.212006 0)
(0 -0.209022 0)
(0 -0.20587 0)
(0 -0.202666 0)
(0 -0.199626 0)
(0 -0.197119 0)
(0 -0.195717 0)
(0 -0.196205 0)
(0 -0.199259 0)
(0 -0.202109 0)
(0 -0.202615 0)
(0 -0.200498 0)
(0 -0.195801 0)
(0 -0.185994 0)
(0 -0.175586 0)
(0 -0.170386 0)
(0 -0.169431 0)
(0 -0.171929 0)
(0 -0.177574 0)
(0 -0.186299 0)
(0 -0.197932 0)
(0 -0.21211 0)
(0 -0.227998 0)
(0 -0.244407 0)
(0 -0.259771 0)
(0 -0.263813 0)
(0 -0.205669 0)
(0.478058 0.117157 0)
(0.621268 0.596401 0)
(0.670768 1.1807 0)
(0.189007 1.6401 0)
(0.348136 3.88307 0)
)
;
    }
    defaultFaces
    {
        type            empty;
    }
}


// ************************************************************************* //
