/*--------------------------------*- C++ -*----------------------------------*\
| =========                 |                                                 |
| \\      /  F ield         | OpenFOAM: The Open Source CFD Toolbox           |
|  \\    /   O peration     | Version:  v2012                                 |
|   \\  /    A nd           | Website:  www.openfoam.com                      |
|    \\/     M anipulation  |                                                 |
\*---------------------------------------------------------------------------*/
FoamFile
{
    version     2.0;
    format      ascii;
    class       surfaceScalarField;
    location    "0.75";
    object      phi;
}
// * * * * * * * * * * * * * * * * * * * * * * * * * * * * * * * * * * * * * //

dimensions      [0 3 -1 0 0 0 0];
oriented        oriented;


internalField   nonuniform List<scalar> 
4432
(
-5.32484e-06
5.32484e-06
-9.53535e-06
4.2105e-06
-1.13932e-05
1.85783e-06
-1.20849e-05
6.91733e-07
-1.25023e-05
4.17359e-07
-1.29619e-05
4.59593e-07
-1.3494e-05
5.32157e-07
-1.40437e-05
5.49699e-07
-1.45464e-05
5.0262e-07
-1.4948e-05
4.0167e-07
-1.52131e-05
2.6503e-07
-1.5325e-05
1.11929e-07
-1.52771e-05
-4.793e-08
-1.50858e-05
-1.91278e-07
-1.47874e-05
-2.98444e-07
-1.44406e-05
-3.46741e-07
-1.41242e-05
-3.16447e-07
-1.39194e-05
-2.0478e-07
-1.38098e-05
-1.09613e-07
-1.33918e-05
-4.17934e-07
-1.13175e-05
-2.07433e-06
-6.54415e-06
-4.77337e-06
-6.54414e-06
-5.61863e-06
1.09435e-05
-8.56152e-06
7.15338e-06
-9.8889e-06
3.1852e-06
-1.07286e-05
1.53141e-06
-1.14982e-05
1.18694e-06
-1.23e-05
1.26146e-06
-1.31119e-05
1.34398e-06
-1.38738e-05
1.31163e-06
-1.45341e-05
1.1629e-06
-1.50565e-05
9.24067e-07
-1.54199e-05
6.2846e-07
-1.56193e-05
3.11333e-07
-1.56626e-05
-4.64815e-09
-1.55466e-05
-3.0728e-07
-1.52764e-05
-5.68641e-07
-1.4875e-05
-7.4821e-07
-1.43558e-05
-8.35648e-07
-1.36523e-05
-9.08214e-07
-1.25668e-05
-1.19513e-06
-1.07898e-05
-2.19491e-06
-8.13886e-06
-4.72531e-06
-4.46049e-06
-8.45175e-06
-1.10046e-05
-4.657e-06
1.56005e-05
-6.96451e-06
9.46088e-06
-8.41429e-06
4.63498e-06
-9.56047e-06
2.67759e-06
-1.06282e-05
2.25465e-06
-1.16797e-05
2.31301e-06
-1.26859e-05
2.35014e-06
-1.35973e-05
2.22302e-06
-1.43776e-05
1.94325e-06
-1.5002e-05
1.54843e-06
-1.54545e-05
1.08099e-06
-1.57316e-05
5.88346e-07
-1.58345e-05
9.82836e-08
-1.57593e-05
-3.82493e-07
-1.54966e-05
-8.31275e-07
-1.50439e-05
-1.20091e-06
-1.43784e-05
-1.50119e-06
-1.33947e-05
-1.89197e-06
-1.18897e-05
-2.70005e-06
-9.61657e-06
-4.46808e-06
-6.52946e-06
-7.81241e-06
-2.83253e-06
-1.21487e-05
-1.38372e-05
-3.63219e-06
1.92327e-05
-5.62065e-06
1.14493e-05
-7.18132e-06
6.19564e-06
-8.57998e-06
4.07625e-06
-9.92336e-06
3.59802e-06
-1.12142e-05
3.60388e-06
-1.24031e-05
3.53898e-06
-1.34472e-05
3.2671e-06
-1.43269e-05
2.82304e-06
-1.50293e-05
2.25074e-06
-1.55444e-05
1.59611e-06
-1.58722e-05
9.16173e-07
-1.60152e-05
2.41203e-07
-1.59645e-05
-4.33171e-07
-1.57013e-05
-1.09443e-06
-1.52105e-05
-1.69175e-06
-1.44586e-05
-2.25309e-06
-1.33396e-05
-3.01089e-06
-1.16616e-05
-4.37813e-06
-9.21335e-06
-6.9163e-06
-5.85682e-06
-1.11689e-05
-1.874e-06
-1.61315e-05
-1.57112e-05
-2.5779e-06
2.18106e-05
-4.38764e-06
1.32591e-05
-6.08367e-06
7.89168e-06
-7.74088e-06
5.73345e-06
-9.36069e-06
5.21783e-06
-1.08857e-05
5.12885e-06
-1.22477e-05
4.90101e-06
-1.34125e-05
4.43189e-06
-1.43788e-05
3.78939e-06
-1.51446e-05
3.01644e-06
-1.57059e-05
2.15741e-06
-1.60683e-05
1.27858e-06
-1.62378e-05
4.10689e-07
-1.6202e-05
-4.68916e-07
-1.59348e-05
-1.36168e-06
-1.54194e-05
-2.20713e-06
-1.46315e-05
-3.04096e-06
-1.3485e-05
-4.15735e-06
-1.18198e-05
-6.04338e-06
-9.4237e-06
-9.3124e-06
-6.02073e-06
-1.45719e-05
-1.70506e-06
-2.04472e-05
-1.74162e-05
-1.48945e-06
2.33e-05
-3.21367e-06
1.49833e-05
-5.10887e-06
9.78688e-06
-7.0558e-06
7.68037e-06
-8.95637e-06
7.1184e-06
-1.07055e-05
6.87802e-06
-1.22258e-05
6.42123e-06
-1.34962e-05
5.70232e-06
-1.45355e-05
4.82869e-06
-1.53501e-05
3.83107e-06
-1.59419e-05
2.74914e-06
-1.63239e-05
1.66067e-06
-1.65083e-05
5.95027e-07
-1.64796e-05
-4.97609e-07
-1.62056e-05
-1.63572e-06
-1.56769e-05
-2.73583e-06
-1.48933e-05
-3.8245e-06
-1.38036e-05
-5.24709e-06
-1.22931e-05
-7.5538e-06
-1.01803e-05
-1.14252e-05
-7.12117e-06
-1.7631e-05
-2.7497e-06
-2.48186e-05
-2.01659e-05
-4.61522e-07
2.37615e-05
-2.1143e-06
1.66361e-05
-4.28035e-06
1.19529e-05
-6.55549e-06
9.95551e-06
-8.73521e-06
9.29812e-06
-1.06889e-05
8.83175e-06
-1.23447e-05
8.077e-06
-1.37011e-05
7.05867e-06
-1.47968e-05
5.92446e-06
-1.5643e-05
4.67727e-06
-1.6247e-05
3.35312e-06
-1.66329e-05
2.04656e-06
-1.68206e-05
7.82726e-07
-1.67914e-05
-5.26851e-07
-1.65068e-05
-1.92029e-06
-1.59715e-05
-3.2711e-06
-1.52206e-05
-4.5754e-06
-1.42465e-05
-6.22115e-06
-1.29947e-05
-8.80564e-06
-1.13837e-05
-1.30362e-05
-9.27131e-06
-1.97435e-05
-5.87991e-06
-2.821e-05
-2.60458e-05
4.89523e-07
2.3272e-05
-1.12125e-06
1.82468e-05
-3.63814e-06
1.44698e-05
-6.27573e-06
1.25931e-05
-8.71522e-06
1.17376e-05
-1.08385e-05
1.09551e-05
-1.25989e-05
9.83739e-06
-1.40162e-05
8.47596e-06
-1.51499e-05
7.05808e-06
-1.60061e-05
5.53351e-06
-1.66007e-05
3.94772e-06
-1.69732e-05
2.41911e-06
-1.71531e-05
9.62604e-07
-1.71162e-05
-5.63813e-07
-1.68156e-05
-2.22083e-06
-1.6275e-05
-3.8117e-06
-1.55721e-05
-5.27831e-06
-1.47446e-05
-7.04866e-06
-1.38031e-05
-9.7471e-06
-1.28391e-05
-1.40002e-05
-1.22719e-05
-2.03107e-05
-1.13575e-05
-2.91244e-05
-3.74033e-05
5.46549e-06
-5.46549e-06
-4.86806e-05
5.41461e-05
-9.7556e-05
4.88754e-05
-0.000120058
2.2502e-05
-0.000120227
1.68493e-07
-0.000113586
-6.64037e-06
-0.000110991
-2.59475e-06
-0.000113043
2.05194e-06
-0.000116267
3.22402e-06
-0.000116596
3.28917e-07
-0.000111922
-4.67393e-06
-0.000101194
-1.07286e-05
-8.37267e-05
-1.74672e-05
-6.12789e-05
-2.24477e-05
-3.92235e-05
-2.20554e-05
-1.99238e-05
-1.92997e-05
-3.04494e-06
-1.68789e-05
7.79997e-06
-1.08449e-05
7.79997e-06
-4.1004e-05
3.55385e-05
-9.1793e-05
0.000104935
-0.000119718
7.67999e-05
-0.000121039
2.38238e-05
-0.000115113
-5.75794e-06
-0.000108301
-1.34526e-05
-0.000106639
-4.25683e-06
-0.000109412
4.82513e-06
-0.000111713
5.52505e-06
-0.000111357
-2.68065e-08
-0.000107255
-8.77582e-06
-9.7944e-05
-2.00397e-05
-8.26636e-05
-3.27476e-05
-6.32321e-05
-4.18792e-05
-4.44128e-05
-4.08748e-05
-2.7581e-05
-3.61315e-05
-1.19657e-05
-3.24942e-05
-5.29255e-07
-2.22813e-05
7.27071e-06
-5.6554e-05
9.20925e-05
-9.72466e-05
0.000145628
-0.000110884
9.04369e-05
-0.000108828
2.17685e-05
-0.00010249
-1.20959e-05
-9.5636e-05
-2.0307e-05
-9.60342e-05
-3.85856e-06
-0.000100659
9.44943e-06
-0.000104312
9.17891e-06
-0.000104619
2.79672e-07
-0.000101078
-1.23168e-05
-9.28301e-05
-2.82874e-05
-7.93514e-05
-4.62262e-05
-6.21065e-05
-5.91242e-05
-4.58532e-05
-5.71281e-05
-3.16499e-05
-5.03347e-05
-1.79398e-05
-4.62043e-05
-6.5498e-06
-3.36714e-05
7.20905e-07
-5.27145e-05
0.000144807
-8.24266e-05
0.00017534
-9.00379e-05
9.80482e-05
-8.46928e-05
1.64234e-05
-7.31862e-05
-2.36024e-05
-6.76365e-05
-2.58567e-05
-7.95165e-05
8.02143e-06
-9.06086e-05
2.05415e-05
-9.70748e-05
1.56451e-05
-9.81483e-05
1.35311e-06
-9.46983e-05
-1.57668e-05
-8.69247e-05
-3.60611e-05
-7.47362e-05
-5.84147e-05
-5.9198e-05
-7.46624e-05
-4.53134e-05
-7.10127e-05
-3.36382e-05
-6.20099e-05
-2.17247e-05
-5.81178e-05
-9.69412e-06
-4.5702e-05
-8.97322e-06
-4.15973e-05
0.000186404
-5.41068e-05
0.000187849
-4.40964e-05
8.80379e-05
-2.67393e-05
-9.33747e-07
-9.06605e-06
-4.12756e-05
-2.16146e-05
-1.33081e-05
-4.87447e-05
3.51515e-05
-7.50412e-05
4.68381e-05
-8.8856e-05
2.94599e-05
-9.21092e-05
4.60628e-06
-8.83257e-05
-1.95502e-05
-8.01379e-05
-4.4249e-05
-6.86555e-05
-6.98971e-05
-5.47096e-05
-8.86082e-05
-4.34308e-05
-8.22915e-05
-3.43156e-05
-7.11251e-05
-2.37931e-05
-6.86402e-05
-1.13235e-05
-5.81716e-05
-2.02967e-05
-2.61704e-05
0.000212575
-2.1029e-05
0.000182708
2.48752e-06
6.45214e-05
2.02721e-05
-1.87183e-05
2.96788e-05
-5.06823e-05
2.55425e-05
-9.17194e-06
5.17477e-07
6.01766e-05
-4.22543e-05
8.96098e-05
-7.58998e-05
6.31053e-05
-8.63056e-05
1.50121e-05
-8.21734e-05
-2.36825e-05
-7.24438e-05
-5.39785e-05
-6.10108e-05
-8.13301e-05
-4.89582e-05
-0.000100661
-4.08023e-05
-9.04474e-05
-3.44627e-05
-7.74648e-05
-2.50547e-05
-7.80482e-05
-1.2164e-05
-7.10624e-05
-3.24607e-05
-8.55747e-06
0.000221132
1.26316e-05
0.000161519
4.12599e-05
3.58931e-05
5.61869e-05
-3.36454e-05
5.67213e-05
-5.12166e-05
5.44213e-05
-6.872e-06
4.36733e-05
7.09247e-05
1.43633e-05
0.00011892
-3.68063e-05
0.000114275
-7.32156e-05
5.14213e-05
-7.49976e-05
-2.19004e-05
-6.38176e-05
-6.51586e-05
-5.20698e-05
-9.30779e-05
-4.26594e-05
-0.000110071
-3.81699e-05
-9.4937e-05
-3.46743e-05
-8.09604e-05
-2.60562e-05
-8.66663e-05
-1.26207e-05
-8.44979e-05
-4.50814e-05
7.63136e-06
0.000213501
4.15921e-05
0.000127558
6.53933e-05
1.20919e-05
7.17604e-05
-4.00125e-05
6.87452e-05
-4.82014e-05
6.71833e-05
-5.31015e-06
6.13496e-05
7.67583e-05
4.69742e-05
0.000133295
1.0648e-05
0.000150601
-3.84876e-05
0.000100557
-6.24568e-05
2.06874e-06
-5.3912e-05
-7.37033e-05
-4.33298e-05
-0.00010366
-3.68758e-05
-0.000116525
-3.61519e-05
-9.56608e-05
-3.52527e-05
-8.18595e-05
-2.68677e-05
-9.50513e-05
-1.28788e-05
-9.84867e-05
-5.79602e-05
2.91826e-06
2.03537e-05
-1.75641e-07
2.13407e-05
-6.61376e-06
2.09079e-05
-1.3275e-05
1.92543e-05
-1.9082e-05
1.75446e-05
-2.39203e-05
1.57934e-05
-2.7889e-05
1.38061e-05
-3.11091e-05
1.16961e-05
-3.35548e-05
9.50373e-06
-3.53052e-05
7.2839e-06
-3.64567e-05
5.09924e-06
-3.71469e-05
3.10935e-06
-3.74732e-05
1.28888e-06
-3.73585e-05
-6.78532e-07
-3.66426e-05
-2.9367e-06
-3.54518e-05
-5.00251e-06
-3.41241e-05
-6.60605e-06
-3.2851e-05
-8.32167e-06
-3.18417e-05
-1.07565e-05
-3.17664e-05
-1.40755e-05
-3.38617e-05
-1.82154e-05
-3.93591e-05
-2.3627e-05
-2.64866e-05
-5.02758e-05
-2.79079e-06
2.31445e-05
-5.28455e-06
2.38345e-05
-1.14865e-05
2.71099e-05
-1.81624e-05
2.59303e-05
-2.33757e-05
2.27579e-05
-2.73588e-05
1.97764e-05
-3.06692e-05
1.71166e-05
-3.35191e-05
1.45459e-05
-3.52893e-05
1.1274e-05
-3.63304e-05
8.32493e-06
-3.69844e-05
5.75331e-06
-3.74414e-05
3.56636e-06
-3.77158e-05
1.56321e-06
-3.7529e-05
-8.65308e-07
-3.66223e-05
-3.84338e-06
-3.53068e-05
-6.31802e-06
-3.4199e-05
-7.7139e-06
-3.34348e-05
-9.08581e-06
-3.32082e-05
-1.09831e-05
-3.41117e-05
-1.31721e-05
-3.70188e-05
-1.53082e-05
-4.3568e-05
-1.70779e-05
-1.59182e-05
-5.41363e-05
-1.50615e-06
2.46507e-05
-6.41369e-06
2.87422e-05
-1.11016e-05
3.17978e-05
-1.59897e-05
3.08184e-05
-2.09939e-05
2.77622e-05
-2.52775e-05
2.406e-05
-2.95364e-05
2.13754e-05
-3.47107e-05
1.97203e-05
-3.70722e-05
1.36355e-05
-3.78015e-05
9.05422e-06
-3.81129e-05
6.0647e-06
-3.81423e-05
3.5958e-06
-3.76939e-05
1.11481e-06
-3.65905e-05
-1.96874e-06
-3.50205e-05
-5.41339e-06
-3.38292e-05
-7.50928e-06
-3.34803e-05
-8.06277e-06
-3.29979e-05
-9.56828e-06
-3.30392e-05
-1.09417e-05
-3.44201e-05
-1.17911e-05
-3.7703e-05
-1.20253e-05
-4.29069e-05
-1.1874e-05
-1.01561e-05
-4.86691e-05
1.20797e-06
2.34427e-05
2.3048e-06
2.76454e-05
1.79967e-06
3.2303e-05
-3.11686e-07
3.29298e-05
-3.51932e-06
3.09698e-05
-7.9026e-06
2.84434e-05
-1.39222e-05
2.73951e-05
-2.12267e-05
2.70248e-05
-2.84763e-05
2.08852e-05
-3.32735e-05
1.38514e-05
-3.52412e-05
8.03239e-06
-3.5608e-05
3.96264e-06
-3.48726e-05
3.79472e-07
-3.35129e-05
-3.32844e-06
-3.27109e-05
-6.21546e-06
-3.39377e-05
-6.28245e-06
-3.62956e-05
-5.70489e-06
-3.44543e-05
-1.14095e-05
-3.39565e-05
-1.14395e-05
-3.58147e-05
-9.93289e-06
-4.07035e-05
-7.1366e-06
-4.764e-05
-4.93745e-06
-3.69754e-06
-5.40985e-05
9.75087e-07
2.24677e-05
2.76471e-06
2.58558e-05
5.29443e-06
2.97733e-05
6.89009e-06
3.13342e-05
6.99067e-06
3.08693e-05
5.74605e-06
2.96881e-05
4.15176e-06
2.89895e-05
2.84296e-06
2.83337e-05
-8.9621e-07
2.46244e-05
-5.83524e-06
1.87905e-05
-1.08348e-05
1.3032e-05
-1.51458e-05
8.27369e-06
-1.90741e-05
4.30773e-06
-2.28221e-05
4.19599e-07
-2.72648e-05
-1.77276e-06
-3.12307e-05
-2.31647e-06
-3.16345e-05
-5.30114e-06
-3.31934e-05
-9.85058e-06
-3.39512e-05
-1.06817e-05
-3.69178e-05
-6.96633e-06
-4.55812e-05
1.52684e-06
-6.30426e-05
1.2524e-05
6.29274e-06
-7.30329e-05
7.10911e-07
2.17568e-05
2.48158e-06
2.40851e-05
5.5812e-06
2.66736e-05
8.63684e-06
2.82786e-05
1.07475e-05
2.87586e-05
1.18193e-05
2.86163e-05
1.24347e-05
2.8374e-05
1.29433e-05
2.78252e-05
1.18691e-05
2.56986e-05
8.81157e-06
2.18481e-05
4.49875e-06
1.73449e-05
-4.01363e-07
1.31739e-05
-5.6677e-06
9.57409e-06
-1.18292e-05
6.58113e-06
-1.82593e-05
4.65731e-06
-2.40499e-05
3.47418e-06
-3.05491e-05
1.19811e-06
-3.87548e-05
-1.64486e-06
-4.88004e-05
-6.36034e-07
-6.15945e-05
5.82772e-06
-7.71492e-05
1.70814e-05
-9.15748e-05
2.69495e-05
2.37178e-05
-0.000109
1.19802e-06
2.05587e-05
3.09984e-06
2.21832e-05
5.8733e-06
2.39e-05
8.854e-06
2.52978e-05
1.1451e-05
2.61616e-05
1.34577e-05
2.66097e-05
1.50269e-05
2.68048e-05
1.62436e-05
2.66085e-05
1.64754e-05
2.54668e-05
1.51293e-05
2.31943e-05
1.22118e-05
2.02625e-05
8.08227e-06
1.73034e-05
2.96836e-06
1.4688e-05
-3.08566e-06
1.26352e-05
-9.74283e-06
1.13145e-05
-1.6804e-05
1.05353e-05
-2.53169e-05
9.71107e-06
-3.65427e-05
9.58105e-06
-5.01987e-05
1.30199e-05
-6.58715e-05
2.15003e-05
-8.32178e-05
3.44276e-05
-0.000103124
4.68554e-05
4.64678e-05
-0.000125874
1.5453e-06
1.90134e-05
3.47263e-06
2.02557e-05
5.88155e-06
2.1491e-05
8.49269e-06
2.26866e-05
1.09959e-05
2.36583e-05
1.32145e-05
2.43911e-05
1.51197e-05
2.48997e-05
1.66505e-05
2.50777e-05
1.74506e-05
2.46668e-05
1.7081e-05
2.3564e-05
1.53568e-05
2.19867e-05
1.23554e-05
2.03049e-05
8.20739e-06
1.8836e-05
3.02946e-06
1.78131e-05
-3.05098e-06
1.7395e-05
-1.01086e-05
1.7593e-05
-1.88129e-05
1.84154e-05
-2.99072e-05
2.06754e-05
-4.30331e-05
2.61457e-05
-5.74705e-05
3.59376e-05
-7.25521e-05
4.95091e-05
-8.81678e-05
6.24709e-05
6.19163e-05
-0.000103616
1.55764e-06
1.74556e-05
3.38519e-06
1.8428e-05
5.48763e-06
1.93885e-05
7.75239e-06
2.04218e-05
1.00194e-05
2.13913e-05
1.21612e-05
2.22493e-05
1.40969e-05
2.2964e-05
1.57166e-05
2.34581e-05
1.67777e-05
2.36058e-05
1.69826e-05
2.33591e-05
1.61353e-05
2.28341e-05
1.41849e-05
2.22553e-05
1.11599e-05
2.18611e-05
7.10968e-06
2.18634e-05
2.0619e-06
2.24428e-05
-4.09527e-06
2.37502e-05
-1.17178e-05
2.60379e-05
-2.10601e-05
3.00175e-05
-3.17293e-05
3.68147e-05
-4.29424e-05
4.71505e-05
-5.38824e-05
6.04489e-05
-6.4413e-05
7.30014e-05
7.43625e-05
-7.68594e-05
1.38308e-06
1.60725e-05
3.02152e-06
1.67894e-05
4.84676e-06
1.75632e-05
6.80794e-06
1.84606e-05
8.81619e-06
1.9383e-05
1.07811e-05
2.02843e-05
1.26183e-05
2.11269e-05
1.42181e-05
2.18584e-05
1.54066e-05
2.24173e-05
1.59778e-05
2.2788e-05
1.5767e-05
2.3045e-05
1.46859e-05
2.33365e-05
1.27054e-05
2.38416e-05
9.82319e-06
2.47457e-05
6.02858e-06
2.62374e-05
1.2507e-06
2.8528e-05
-4.64416e-06
3.19327e-05
-1.1639e-05
3.70122e-05
-1.93146e-05
4.44901e-05
-2.69483e-05
5.47841e-05
-3.38522e-05
6.73527e-05
-4.03311e-05
7.94801e-05
8.42399e-05
-5.02085e-05
1.12724e-06
1.49451e-05
2.53471e-06
1.53818e-05
4.10507e-06
1.59928e-05
5.80135e-06
1.67643e-05
7.56669e-06
1.76177e-05
9.33539e-06
1.85157e-05
1.10349e-05
1.94275e-05
1.25731e-05
2.03203e-05
1.38242e-05
2.11664e-05
1.46438e-05
2.19685e-05
1.49054e-05
2.27836e-05
1.45232e-05
2.37188e-05
1.34512e-05
2.49137e-05
1.16686e-05
2.65282e-05
9.16294e-06
2.8743e-05
5.91526e-06
3.17756e-05
1.92634e-06
3.59215e-05
-2.6606e-06
4.15989e-05
-7.43986e-06
4.92692e-05
-1.18091e-05
5.91532e-05
-1.5267e-05
7.08105e-05
-1.82383e-05
8.24514e-05
8.99669e-05
-2.39653e-05
8.59052e-07
1.4086e-05
2.02962e-06
1.42112e-05
3.36706e-06
1.46553e-05
4.83223e-06
1.52992e-05
6.38202e-06
1.6068e-05
7.96683e-06
1.6931e-05
9.52894e-06
1.78655e-05
1.09967e-05
1.88527e-05
1.228e-05
1.98832e-05
1.32787e-05
2.09698e-05
1.39016e-05
2.21608e-05
1.40808e-05
2.35396e-05
1.37761e-05
2.52185e-05
1.29706e-05
2.73337e-05
1.16672e-05
3.00464e-05
9.89047e-06
3.35522e-05
7.71509e-06
3.80967e-05
5.33509e-06
4.39788e-05
3.12107e-06
5.14831e-05
1.56848e-06
6.07058e-05
1.08266e-06
7.12964e-05
1.45456e-06
8.20794e-05
9.05931e-05
8.28399e-07
6.22182e-07
1.34638e-05
1.57314e-06
1.32602e-05
2.70213e-06
1.35263e-05
3.96617e-06
1.40352e-05
5.3288e-06
1.47055e-05
6.75153e-06
1.55084e-05
8.19024e-06
1.64269e-05
9.59199e-06
1.74511e-05
1.0894e-05
1.85813e-05
1.20287e-05
1.98352e-05
1.29345e-05
2.12551e-05
1.35654e-05
2.29088e-05
1.3896e-05
2.4888e-05
1.39234e-05
2.73063e-05
1.36698e-05
3.03e-05
1.31906e-05
3.40313e-05
1.25975e-05
3.86898e-05
1.20968e-05
4.44794e-05
1.20148e-05
5.15652e-05
1.27593e-05
5.99613e-05
1.46821e-05
6.93736e-05
1.77833e-05
7.89781e-05
8.72033e-05
2.1173e-05
4.35869e-07
1.30279e-05
1.19893e-06
1.2497e-05
2.14799e-06
1.25772e-05
3.23949e-06
1.29437e-05
4.4419e-06
1.35032e-05
5.72545e-06
1.4225e-05
7.05766e-06
1.50948e-05
8.40141e-06
1.61074e-05
9.71484e-06
1.72679e-05
1.09549e-05
1.85952e-05
1.20838e-05
2.01263e-05
1.30757e-05
2.1917e-05
1.39217e-05
2.4042e-05
1.46342e-05
2.65938e-05
1.52518e-05
2.96824e-05
1.58484e-05
3.34347e-05
1.65494e-05
3.79889e-05
1.75522e-05
4.34766e-05
1.91362e-05
4.99812e-05
2.16342e-05
5.74631e-05
2.53462e-05
6.56615e-05
3.0366e-05
7.39584e-05
8.1276e-05
3.62932e-05
3.03742e-07
1.27241e-05
9.17748e-07
1.18829e-05
1.71833e-06
1.17766e-05
2.66532e-06
1.19968e-05
3.73271e-06
1.24359e-05
4.89833e-06
1.30595e-05
6.13973e-06
1.38535e-05
7.43271e-06
1.48145e-05
8.75162e-06
1.5949e-05
1.00718e-05
1.7275e-05
1.13739e-05
1.88242e-05
1.26488e-05
2.06422e-05
1.39018e-05
2.2789e-05
1.51579e-05
2.53377e-05
1.64666e-05
2.83738e-05
1.79096e-05
3.19917e-05
1.96116e-05
3.62869e-05
2.17501e-05
4.13381e-05
2.45571e-05
4.71743e-05
2.82968e-05
5.37234e-05
3.32099e-05
6.07484e-05
3.94015e-05
6.77668e-05
7.4016e-05
4.66616e-05
2.22977e-07
1.25011e-05
7.27417e-07
1.13784e-05
1.41119e-06
1.10929e-05
2.2406e-06
1.11675e-05
3.19605e-06
1.14806e-05
4.26252e-06
1.19931e-05
5.42623e-06
1.26898e-05
6.67352e-06
1.35672e-05
7.99121e-06
1.46312e-05
9.36845e-06
1.58978e-05
1.07998e-05
1.73929e-05
1.22886e-05
1.91534e-05
1.38512e-05
2.12263e-05
1.5521e-05
2.3668e-05
1.73526e-05
2.65422e-05
1.94282e-05
2.99162e-05
2.18629e-05
3.38522e-05
2.48091e-05
3.83918e-05
2.84538e-05
4.35296e-05
3.3e-05
4.91773e-05
3.86274e-05
5.5121e-05
4.54193e-05
6.09748e-05
6.61901e-05
5.32451e-05
1.87977e-07
1.2313e-05
6.18825e-07
1.09474e-05
1.21512e-06
1.04966e-05
1.95163e-06
1.0431e-05
2.81569e-06
1.06166e-05
3.7991e-06
1.10097e-05
4.89554e-06
1.15933e-05
6.09986e-06
1.23628e-05
7.40845e-06
1.33226e-05
8.82071e-06
1.44855e-05
1.03412e-05
1.58724e-05
1.19825e-05
1.75122e-05
1.3768e-05
1.94407e-05
1.57357e-05
2.17002e-05
1.79412e-05
2.43367e-05
2.04615e-05
2.7396e-05
2.33978e-05
3.09159e-05
2.68766e-05
3.4913e-05
3.10435e-05
3.93627e-05
3.60481e-05
4.41726e-05
4.20152e-05
4.9154e-05
4.89944e-05
5.39956e-05
5.82935e-05
5.68909e-05
1.90926e-07
1.2122e-05
5.78474e-07
1.05597e-05
1.11286e-06
9.96215e-06
1.77809e-06
9.76579e-06
2.56851e-06
9.82617e-06
3.48227e-06
1.0096e-05
4.51941e-06
1.05562e-05
5.68157e-06
1.12006e-05
6.97235e-06
1.20318e-05
8.39858e-06
1.30593e-05
9.97192e-06
1.42991e-05
1.17109e-05
1.57732e-05
1.36433e-05
1.75083e-05
1.58086e-05
1.95349e-05
1.826e-05
2.18853e-05
2.10668e-05
2.45892e-05
2.43147e-05
2.76679e-05
2.81048e-05
3.11228e-05
3.25468e-05
3.49206e-05
3.77456e-05
3.89737e-05
4.37788e-05
4.31207e-05
5.06625e-05
4.71119e-05
5.06439e-05
5.83121e-05
2.21357e-07
1.19006e-05
5.90114e-07
1.01908e-05
1.08374e-06
9.46846e-06
1.6959e-06
9.15361e-06
2.42766e-06
9.0944e-06
3.28277e-06
9.24085e-06
4.2666e-06
9.57229e-06
5.38602e-06
1.00812e-05
6.64997e-06
1.07678e-05
8.0705e-06
1.16388e-05
9.66397e-06
1.27057e-05
1.14526e-05
1.39845e-05
1.34663e-05
1.54945e-05
1.57439e-05
1.72573e-05
1.83345e-05
1.92946e-05
2.12985e-05
2.16252e-05
2.47064e-05
2.42597e-05
2.86367e-05
2.71923e-05
3.31684e-05
3.03888e-05
3.83699e-05
3.37722e-05
4.42805e-05
3.72099e-05
5.08868e-05
4.05056e-05
4.34309e-05
5.80997e-05
2.67664e-07
1.16328e-05
6.36157e-07
9.82217e-06
1.10584e-06
8.99871e-06
1.67976e-06
8.57963e-06
2.36515e-06
8.40902e-06
3.17052e-06
8.43547e-06
4.10547e-06
8.63739e-06
5.18077e-06
9.0059e-06
6.40913e-06
9.53949e-06
7.8061e-06
1.02419e-05
9.39093e-06
1.11209e-05
1.11878e-05
1.21875e-05
1.32271e-05
1.34551e-05
1.55459e-05
1.49384e-05
1.81886e-05
1.66518e-05
2.12065e-05
1.86071e-05
2.46566e-05
2.08094e-05
2.8598e-05
2.32508e-05
3.30849e-05
2.59018e-05
3.81568e-05
2.87004e-05
4.38234e-05
3.15433e-05
5.00469e-05
3.42819e-05
3.67496e-05
5.6728e-05
3.1997e-07
1.13127e-05
7.00091e-07
9.4419e-06
1.1581e-06
8.54063e-06
1.70535e-06
8.03236e-06
2.35414e-06
7.76025e-06
3.11681e-06
7.67283e-06
4.0061e-06
7.7482e-06
5.03547e-06
7.97657e-06
6.22019e-06
8.35483e-06
7.57789e-06
8.88428e-06
9.12936e-06
9.56944e-06
1.08995e-05
1.04172e-05
1.29182e-05
1.14364e-05
1.522e-05
1.26366e-05
1.78445e-05
1.40273e-05
2.08352e-05
1.56164e-05
2.42375e-05
1.74071e-05
2.80948e-05
1.93936e-05
3.24421e-05
2.15546e-05
3.72968e-05
2.38457e-05
4.26472e-05
2.61929e-05
4.84377e-05
2.84912e-05
3.06277e-05
5.45596e-05
3.70358e-07
1.09422e-05
7.6786e-07
9.04433e-06
1.22218e-06
8.08624e-06
1.75111e-06
7.50345e-06
2.37068e-06
7.14069e-06
3.09601e-06
6.94757e-06
3.94183e-06
6.90247e-06
4.92336e-06
6.99504e-06
6.0573e-06
7.22092e-06
7.36231e-06
7.57932e-06
8.85973e-06
8.07198e-06
1.05743e-05
8.70255e-06
1.25347e-05
9.47606e-06
1.47727e-05
1.03985e-05
1.73237e-05
1.14764e-05
2.02244e-05
1.27157e-05
2.35108e-05
1.41205e-05
2.72147e-05
1.56897e-05
3.13567e-05
1.74127e-05
3.59387e-05
1.92636e-05
4.09343e-05
2.11973e-05
4.62772e-05
2.31483e-05
2.50514e-05
5.18535e-05
4.13135e-07
1.0529e-05
8.2884e-07
8.62865e-06
1.2836e-06
7.63148e-06
1.79953e-06
6.98758e-06
2.39499e-06
6.54523e-06
3.0867e-06
6.25595e-06
3.89041e-06
6.09879e-06
4.8222e-06
6.06322e-06
5.89927e-06
6.14383e-06
7.14047e-06
6.33811e-06
8.56694e-06
6.64545e-06
1.02027e-05
7.06677e-06
1.20745e-05
7.60421e-06
1.4212e-05
8.26114e-06
1.66462e-05
9.04217e-06
1.94088e-05
9.95315e-06
2.25288e-05
1.10004e-05
2.60292e-05
1.21892e-05
2.99209e-05
1.35209e-05
3.41961e-05
1.49885e-05
3.88194e-05
1.65738e-05
4.372e-05
1.82477e-05
1.99868e-05
4.87848e-05
4.45505e-07
1.00835e-05
8.76207e-07
8.19806e-06
1.33222e-06
7.17557e-06
1.83773e-06
6.48212e-06
2.41211e-06
5.97086e-06
3.07244e-06
5.59569e-06
3.83465e-06
5.33655e-06
4.71485e-06
5.18293e-06
5.73e-06
5.1286e-06
6.89843e-06
5.16958e-06
8.24052e-06
5.30327e-06
9.779e-06
5.52825e-06
1.15389e-05
5.84435e-06
1.35471e-05
6.25297e-06
1.58316e-05
6.75766e-06
1.84199e-05
7.36491e-06
2.13359e-05
8.08431e-06
2.4597e-05
8.92817e-06
2.82081e-05
9.90985e-06
3.21557e-05
1.10408e-05
3.64012e-05
1.23283e-05
4.08738e-05
1.37751e-05
1.53941e-05
4.54666e-05
4.66314e-07
9.6173e-06
9.06497e-07
7.75803e-06
1.36207e-06
6.72014e-06
1.85752e-06
5.98662e-06
2.41198e-06
5.4164e-06
3.04186e-06
4.96579e-06
3.76253e-06
4.61578e-06
4.58942e-06
4.35595e-06
5.53859e-06
4.17936e-06
6.62735e-06
4.08073e-06
7.87481e-06
4.05574e-06
9.30209e-06
4.10098e-06
1.09322e-05
4.21427e-06
1.27897e-05
4.39548e-06
1.48999e-05
4.64755e-06
1.72869e-05
4.97787e-06
1.99716e-05
5.39957e-06
2.29678e-05
5.93203e-06
2.62775e-05
6.60018e-06
2.98855e-05
7.43277e-06
3.37536e-05
8.46018e-06
3.7815e-05
9.71375e-06
1.12361e-05
4.19731e-05
4.7569e-07
9.14173e-06
9.1893e-07
7.31493e-06
1.37076e-06
6.26835e-06
1.85492e-06
5.50237e-06
2.38911e-06
4.88216e-06
2.98843e-06
4.36641e-06
3.66702e-06
3.93712e-06
4.43902e-06
3.58392e-06
5.31916e-06
3.29925e-06
6.32327e-06
3.07665e-06
7.46878e-06
2.91026e-06
8.77488e-06
2.79492e-06
1.02625e-05
2.72669e-06
1.19539e-05
2.70407e-06
1.38719e-05
2.7295e-06
1.60385e-05
2.81131e-06
1.84724e-05
2.96575e-06
2.11858e-05
3.21867e-06
2.41803e-05
3.60574e-06
2.74417e-05
4.1713e-06
3.09354e-05
4.96645e-06
3.4602e-05
6.04729e-06
7.48094e-06
3.83573e-05
4.74883e-07
8.66695e-06
9.14654e-07
6.87525e-06
1.35875e-06
5.82417e-06
1.82927e-06
5.03177e-06
2.34182e-06
4.36954e-06
2.9097e-06
3.79848e-06
3.54533e-06
3.30147e-06
4.26117e-06
2.86811e-06
5.07024e-06
2.49027e-06
5.98654e-06
2.16044e-06
7.02554e-06
1.87135e-06
8.20422e-06
1.61625e-06
9.5413e-06
1.38962e-06
1.10567e-05
1.18866e-06
1.2771e-05
1.01514e-06
1.47043e-05
8.77981e-07
1.68743e-05
7.95937e-07
1.92929e-05
8.00167e-07
2.19631e-05
9.35523e-07
2.48744e-05
1.26006e-06
2.79979e-05
1.84295e-06
3.12838e-05
2.76152e-06
4.10265e-06
3.46621e-05
4.6578e-07
8.20124e-06
8.96174e-07
6.44482e-06
1.32842e-06
5.39176e-06
1.78233e-06
4.57778e-06
2.27122e-06
3.8806e-06
2.8063e-06
3.26343e-06
3.39798e-06
2.7098e-06
4.05683e-06
2.20933e-06
4.79385e-06
1.75334e-06
5.62101e-06
1.33335e-06
6.55158e-06
9.40829e-07
7.60019e-06
5.67601e-07
8.78307e-06
2.0668e-07
1.01177e-05
-1.46047e-07
1.16225e-05
-4.8969e-07
1.33159e-05
-8.15346e-07
1.52147e-05
-1.10268e-06
1.73317e-05
-1.31666e-06
1.96726e-05
-1.40531e-06
2.2232e-05
-1.29937e-06
2.49894e-05
-9.14411e-07
2.79059e-05
-1.55034e-07
1.08205e-06
3.09265e-05
4.50524e-07
7.75071e-06
8.66738e-07
6.0284e-06
1.28313e-06
4.97521e-06
1.71712e-06
4.14365e-06
2.17999e-06
3.41772e-06
2.68076e-06
2.76272e-06
3.2277e-06
2.16286e-06
3.82934e-06
1.60775e-06
4.49451e-06
1.08817e-06
5.23303e-06
5.94798e-07
6.05583e-06
1.17981e-07
6.97508e-06
-3.51724e-07
8.00438e-06
-8.22659e-07
9.15858e-06
-1.3003e-06
1.04538e-05
-1.78486e-06
1.19066e-05
-2.26803e-06
1.35331e-05
-2.72902e-06
1.53472e-05
-3.13058e-06
1.73578e-05
-3.41587e-06
1.95658e-05
-3.50737e-06
2.19601e-05
-3.30866e-06
2.45147e-05
-2.70963e-06
-1.59285e-06
2.71896e-05
4.3168e-07
7.31894e-06
8.29431e-07
5.63035e-06
1.22589e-06
4.57861e-06
1.63671e-06
3.73271e-06
2.07125e-06
2.98321e-06
2.53638e-06
2.29762e-06
3.03828e-06
1.6609e-06
3.58329e-06
1.0627e-06
4.17808e-06
4.93268e-07
4.8303e-06
-5.75075e-08
5.54844e-06
-6.00214e-07
6.34215e-06
-1.14545e-06
7.22232e-06
-1.70278e-06
8.20108e-06
-2.27901e-06
9.29192e-06
-2.87564e-06
1.05095e-05
-3.48545e-06
1.18689e-05
-4.08826e-06
1.33847e-05
-4.64631e-06
1.50693e-05
-5.10038e-06
1.69298e-05
-5.36776e-06
1.89648e-05
-5.34357e-06
2.11617e-05
-4.90644e-06
-3.92714e-06
2.34961e-05
4.10761e-07
6.90802e-06
7.85946e-07
5.25497e-06
1.15847e-06
4.20598e-06
1.5431e-06
3.34807e-06
1.94743e-06
2.57897e-06
2.3762e-06
1.86879e-06
2.83356e-06
1.20346e-06
3.32357e-06
5.72572e-07
3.85081e-06
-3.41423e-08
4.42073e-06
-6.27491e-07
5.03953e-06
-1.21897e-06
5.71433e-06
-1.82017e-06
6.45335e-06
-2.44168e-06
7.2659e-06
-3.09149e-06
8.16275e-06
-3.77242e-06
9.15614e-06
-4.47873e-06
1.02598e-05
-5.19171e-06
1.14884e-05
-5.87477e-06
1.28569e-05
-6.4687e-06
1.43782e-05
-6.88888e-06
1.60604e-05
-7.02561e-06
1.79038e-05
-6.74973e-06
-5.92262e-06
1.98994e-05
3.87079e-07
6.52076e-06
7.35323e-07
4.90671e-06
1.08025e-06
3.86101e-06
1.4364e-06
2.99197e-06
1.80957e-06
2.20587e-06
2.20233e-06
1.47591e-06
2.6167e-06
7.89028e-07
3.05451e-06
1.34637e-07
3.51831e-06
-4.98067e-07
4.01153e-06
-1.12068e-06
4.5382e-06
-1.74553e-06
5.10314e-06
-2.38499e-06
5.71199e-06
-3.05046e-06
6.37135e-06
-3.75085e-06
7.08913e-06
-4.49019e-06
7.87488e-06
-5.26438e-06
8.74022e-06
-6.05687e-06
9.69916e-06
-6.8335e-06
1.07681e-05
-7.53737e-06
1.19644e-05
-8.085e-06
1.33046e-05
-8.36569e-06
1.48012e-05
-8.24623e-06
-7.58149e-06
1.64601e-05
3.56981e-07
6.16368e-06
6.73443e-07
4.59036e-06
9.8792e-07
3.54654e-06
1.31463e-06
2.66527e-06
1.65712e-06
1.86333e-06
2.0156e-06
1.11728e-06
2.38977e-06
4.14851e-07
2.77933e-06
-2.54978e-07
3.18501e-06
-9.03772e-07
3.6084e-06
-1.54401e-06
4.0517e-06
-2.18875e-06
4.5177e-06
-2.85098e-06
5.00979e-06
-3.54262e-06
5.53206e-06
-4.27322e-06
6.0896e-06
-5.04777e-06
6.68906e-06
-5.86377e-06
7.33942e-06
-6.70709e-06
8.05295e-06
-7.54689e-06
8.84599e-06
-8.33025e-06
9.7388e-06
-8.97769e-06
1.07544e-05
-9.3812e-06
1.1916e-05
-9.40777e-06
-8.90946e-06
1.32441e-05
3.146e-07
5.84914e-06
5.93651e-07
4.31147e-06
8.76229e-07
3.26398e-06
1.17426e-06
2.36719e-06
1.48832e-06
1.5491e-06
1.81581e-06
7.8974e-07
2.15376e-06
7.69406e-08
2.50002e-06
-6.01243e-07
2.85375e-06
-1.25751e-06
3.21509e-06
-1.90535e-06
3.58478e-06
-2.55851e-06
3.96406e-06
-3.23037e-06
4.35447e-06
-3.93317e-06
4.75792e-06
-4.67676e-06
5.17694e-06
-5.46682e-06
5.61531e-06
-6.30211e-06
6.07905e-06
-7.1708e-06
6.57785e-06
-8.04564e-06
7.12648e-06
-8.8788e-06
7.74584e-06
-9.59694e-06
8.46302e-06
-1.00983e-05
9.30972e-06
-1.02544e-05
-9.91909e-06
1.03194e-05
2.53189e-07
5.59613e-06
4.88594e-07
4.07622e-06
7.38891e-07
3.01367e-06
1.01111e-06
2.09495e-06
1.30096e-06
1.25915e-06
1.60209e-06
4.88706e-07
1.9088e-06
-2.29713e-07
2.21737e-06
-9.09817e-07
2.52579e-06
-1.56599e-06
2.83323e-06
-2.21288e-06
3.13953e-06
-2.86491e-06
3.44485e-06
-3.53576e-06
3.74937e-06
-4.23773e-06
4.05333e-06
-4.98071e-06
4.35714e-06
-5.77064e-06
4.66208e-06
-6.60709e-06
4.97127e-06
-7.48003e-06
5.29129e-06
-8.36564e-06
5.63408e-06
-9.22146e-06
6.01899e-06
-9.98166e-06
6.4742e-06
-1.05533e-05
7.03675e-06
-1.08168e-05
-1.06329e-05
7.7507e-06
1.6533e-07
5.43098e-06
3.50384e-07
3.89126e-06
5.70046e-07
2.79399e-06
8.21551e-07
1.84352e-06
1.09324e-06
9.87523e-07
1.37373e-06
2.08363e-07
1.65472e-06
-5.10653e-07
1.93132e-06
-1.18642e-06
2.20094e-06
-1.83565e-06
2.46242e-06
-2.4744e-06
2.71525e-06
-3.11774e-06
2.95902e-06
-3.77951e-06
3.19316e-06
-4.47185e-06
3.41679e-06
-5.20438e-06
3.62889e-06
-5.98284e-06
3.82882e-06
-6.80713e-06
4.01724e-06
-7.66847e-06
4.19762e-06
-8.54589e-06
4.37837e-06
-9.40199e-06
4.57555e-06
-1.01786e-05
4.81557e-06
-1.07932e-05
5.13693e-06
-1.11381e-05
-1.1086e-05
5.59007e-06
3.81736e-08
5.39289e-06
1.70564e-07
3.75886e-06
3.64758e-07
2.59985e-06
6.03692e-07
1.60472e-06
8.65011e-07
7.26421e-07
1.13122e-06
-5.77239e-08
1.39182e-06
-7.71194e-07
1.6415e-06
-1.43604e-06
1.87792e-06
-2.07205e-06
2.10031e-06
-2.69679e-06
2.30842e-06
-3.32586e-06
2.50188e-06
-3.97303e-06
2.6799e-06
-4.64999e-06
2.84113e-06
-5.36577e-06
2.98378e-06
-6.12563e-06
3.10601e-06
-6.92941e-06
3.20671e-06
-7.76908e-06
3.28678e-06
-8.62579e-06
3.35125e-06
-9.46631e-06
3.4121e-06
-1.02394e-05
3.49174e-06
-1.08728e-05
3.62616e-06
-1.12724e-05
-1.13268e-05
3.86704e-06
-1.24174e-07
5.51707e-06
-5.63283e-08
3.69093e-06
1.21011e-07
2.42267e-06
3.59058e-07
1.36684e-06
6.19476e-07
4.6625e-07
8.77585e-07
-3.15762e-07
1.12177e-06
-1.01534e-06
1.34771e-06
-1.66195e-06
1.55454e-06
-2.27888e-06
1.74275e-06
-2.88504e-06
1.91297e-06
-3.49618e-06
2.06539e-06
-4.12561e-06
2.19951e-06
-4.78427e-06
2.314e-06
-5.48036e-06
2.40686e-06
-6.21852e-06
2.47574e-06
-6.99824e-06
2.51858e-06
-7.81185e-06
2.53468e-06
-8.64187e-06
2.52649e-06
-9.45816e-06
2.5022e-06
-1.02152e-05
2.4792e-06
-1.08499e-05
2.48806e-06
-1.12813e-05
-1.1415e-05
2.57627e-06
-3.52777e-07
5.86979e-06
-3.41437e-07
3.67961e-06
-1.6092e-07
2.24238e-06
9.58046e-08
1.1103e-06
3.66182e-07
1.95902e-07
6.204e-07
-5.70012e-07
8.48731e-07
-1.24364e-06
1.05057e-06
-1.8637e-06
1.22816e-06
-2.45643e-06
1.38416e-06
-3.04108e-06
1.52061e-06
-3.63277e-06
1.63864e-06
-4.24376e-06
1.73828e-06
-4.88394e-06
1.81852e-06
-5.56055e-06
1.87753e-06
-6.27747e-06
1.91303e-06
-7.03373e-06
1.9228e-06
-7.82166e-06
1.90552e-06
-8.62463e-06
1.86213e-06
-9.41478e-06
1.7979e-06
-1.0151e-05
1.72551e-06
-1.07775e-05
1.66888e-06
-1.12247e-05
-1.1414e-05
1.66779e-06
-6.53939e-07
6.52371e-06
-6.74121e-07
3.69996e-06
-4.56597e-07
2.02488e-06
-1.57783e-07
8.11487e-07
1.3023e-07
-9.21251e-08
3.76442e-07
-8.16137e-07
5.81369e-07
-1.44839e-06
7.52195e-07
-2.03438e-06
8.95833e-07
-2.60005e-06
1.01757e-06
-3.16294e-06
1.12096e-06
-3.73629e-06
1.20795e-06
-4.33076e-06
1.27907e-06
-4.95494e-06
1.33369e-06
-5.61506e-06
1.37041e-06
-6.31417e-06
1.38738e-06
-7.05074e-06
1.38271e-06
-7.81702e-06
1.3551e-06
-8.59699e-06
1.30483e-06
-9.36447e-06
1.2353e-06
-1.00815e-05
1.15539e-06
-1.06977e-05
1.08246e-06
-1.11519e-05
-1.13783e-05
1.04667e-06
-9.52325e-07
7.47607e-06
-9.17474e-07
3.66515e-06
-6.48581e-07
1.756e-06
-3.08418e-07
4.71301e-07
-3.12684e-08
-3.69232e-07
1.75733e-07
-1.023e-06
3.32337e-07
-1.60484e-06
4.54435e-07
-2.15644e-06
5.52456e-07
-2.69819e-06
6.32961e-07
-3.24358e-06
6.99866e-07
-3.80321e-06
7.5519e-07
-4.38597e-06
7.99578e-07
-4.99921e-06
8.32724e-07
-5.64822e-06
8.53731e-07
-6.33528e-06
8.6136e-07
-7.05843e-06
8.54254e-07
-7.80988e-06
8.31411e-07
-8.5741e-06
7.92911e-07
-9.32598e-06
7.40949e-07
-1.00296e-05
6.81265e-07
-1.06381e-05
6.25286e-07
-1.1096e-05
-1.1346e-05
5.92933e-07
-8.24254e-07
-7.22033e-07
-4.62589e-07
-2.11344e-07
-5.8845e-08
3.6558e-08
1.01075e-07
1.47782e-07
1.83577e-07
2.12184e-07
2.35571e-07
2.54668e-07
2.69784e-07
2.80841e-07
2.87495e-07
2.89196e-07
2.85299e-07
2.7531e-07
2.59202e-07
2.37823e-07
2.1352e-07
1.91059e-07
1.78052e-07
-4.12505e-05
-9.02525e-06
-3.62489e-05
-5.00169e-06
-4.28251e-05
6.5762e-06
2.62398e-05
-6.90648e-05
-5.76949e-05
-5.4667e-06
-5.94795e-05
-3.21707e-06
-5.34204e-05
5.17089e-07
7.93828e-06
-3.51189e-05
-5.02572e-05
-3.87859e-06
-4.95156e-05
-3.95871e-06
-4.40222e-05
-4.97629e-06
-6.21118e-06
-2.98727e-05
-5.68583e-05
-1.1188e-06
-5.74749e-05
-3.34204e-06
-5.32426e-05
-9.20861e-06
-1.42577e-05
-4.51961e-05
-7.94874e-05
5.33567e-06
-8.44865e-05
1.65702e-06
-8.05192e-05
-1.31759e-05
-2.07921e-05
-7.39849e-05
-0.0001142
1.05361e-05
-0.000111632
-9.11804e-07
-0.000107704
-1.71038e-05
-2.57797e-05
-0.000102716
-0.000126277
1.09396e-05
-0.000123547
-3.64214e-06
-0.000120932
-1.97188e-05
-2.80458e-05
-0.000118666
-0.000108576
1.58991e-05
-0.000112881
6.62505e-07
-0.000117427
-1.51726e-05
-2.5077e-05
-0.000120396
-8.5931e-05
2.49706e-05
-9.75682e-05
1.22997e-05
-0.00010889
-3.85056e-06
-1.72645e-05
-0.000116703
-5.98077e-05
3.45698e-05
-7.41357e-05
2.66278e-05
-9.153e-05
1.35437e-05
-1.75254e-06
-0.000107042
-3.06338e-05
4.12382e-05
-4.19876e-05
3.79816e-05
-5.94301e-05
3.09862e-05
1.99271e-05
-8.11098e-05
-1.64844e-06
4.3715e-05
-6.95311e-06
4.32863e-05
-1.70281e-05
4.1061e-05
3.59596e-05
-3.30606e-05
2.19094e-05
4.29787e-05
2.13882e-05
4.38074e-05
1.83114e-05
4.41378e-05
4.32203e-05
1.10508e-05
3.89512e-05
4.03207e-05
4.11944e-05
4.15641e-05
4.24479e-05
4.28843e-05
4.40394e-05
4.16288e-05
5.02332e-05
3.6749e-05
5.3765e-05
3.80322e-05
5.70623e-05
3.9587e-05
4.14424e-05
5.96594e-05
5.71809e-05
3.28131e-05
6.12386e-05
3.39744e-05
6.53838e-05
3.54418e-05
3.73069e-05
6.95192e-05
6.08765e-05
2.88274e-05
6.50387e-05
2.98122e-05
6.94059e-05
3.10746e-05
3.26895e-05
7.40234e-05
6.21506e-05
2.49888e-05
6.61592e-05
2.58035e-05
7.0383e-05
2.68508e-05
2.81757e-05
7.48968e-05
6.16798e-05
2.14087e-05
6.53952e-05
2.20882e-05
6.92882e-05
2.29578e-05
2.40417e-05
7.34222e-05
6.00022e-05
1.81344e-05
6.33692e-05
1.87213e-05
6.68624e-05
1.94645e-05
2.03768e-05
7.05273e-05
5.75225e-05
1.51716e-05
6.05397e-05
1.57042e-05
6.36354e-05
1.63689e-05
1.71727e-05
6.68395e-05
5.45229e-05
1.25023e-05
5.72175e-05
1.30097e-05
5.99534e-05
1.3633e-05
1.43768e-05
6.27492e-05
5.11886e-05
1.00986e-05
5.35987e-05
1.05998e-05
5.60246e-05
1.12071e-05
1.1924e-05
5.84775e-05
4.76351e-05
7.93028e-06
4.97995e-05
8.43546e-06
5.19649e-05
9.04174e-06
9.75187e-06
5.41371e-05
4.39338e-05
5.9697e-06
4.5887e-05
6.48223e-06
4.78347e-05
7.09418e-06
7.80748e-06
4.97791e-05
4.01326e-05
4.19445e-06
4.1902e-05
4.7128e-06
4.36655e-05
5.33082e-06
6.04989e-06
4.54231e-05
3.62681e-05
2.58851e-06
3.78732e-05
3.10775e-06
3.94763e-05
3.72777e-06
4.44997e-06
4.10762e-05
3.23732e-05
1.14181e-06
3.38262e-05
1.65487e-06
3.5284e-05
2.27001e-06
2.98915e-06
3.67449e-05
2.84826e-05
-1.51124e-07
2.979e-05
3.47588e-07
3.11108e-05
9.49328e-07
1.6569e-06
3.24431e-05
2.46375e-05
-1.2924e-06
2.5802e-05
-8.16802e-07
2.69893e-05
-2.37867e-07
4.48226e-07
2.81981e-05
2.08894e-05
-2.28227e-06
2.19111e-05
-1.83845e-06
2.29654e-05
-1.29214e-06
-6.38331e-07
2.4052e-05
1.72988e-05
-3.12096e-06
1.81773e-05
-2.71687e-06
1.90979e-05
-2.21272e-06
-1.60226e-06
2.00619e-05
1.39331e-05
-3.80999e-06
1.46687e-05
-3.45239e-06
1.54551e-05
-2.99906e-06
-2.44242e-06
1.62953e-05
1.08629e-05
-4.35334e-06
1.14579e-05
-4.04731e-06
1.21108e-05
-3.65196e-06
-3.1583e-06
1.28267e-05
8.15614e-06
-4.75868e-06
8.61589e-06
-4.507e-06
9.13852e-06
-4.17454e-06
-3.75093e-06
9.73122e-06
5.87023e-06
-5.03879e-06
6.20464e-06
-4.84134e-06
6.60385e-06
-4.57369e-06
-4.22422e-06
7.07717e-06
4.04089e-06
-5.21264e-06
4.26581e-06
-5.06621e-06
4.55388e-06
-4.86171e-06
-4.58667e-06
4.91633e-06
2.66896e-06
-5.30537e-06
2.80676e-06
-5.20399e-06
3.00246e-06
-5.05738e-06
-4.85285e-06
3.26869e-06
1.70813e-06
-5.34575e-06
1.7858e-06
-5.28166e-06
1.91328e-06
-5.18483e-06
-5.04303e-06
2.10352e-06
1.0612e-06
-5.36026e-06
1.10462e-06
-5.32506e-06
1.18766e-06
-5.26784e-06
-5.17754e-06
1.32216e-06
5.97084e-07
-5.3644e-06
6.20478e-07
-5.3484e-06
6.7081e-07
-5.31816e-06
-5.26514e-06
7.58412e-07
1.79039e-07
1.87221e-07
2.05783e-07
2.40013e-07
3.48841e-05
0.000109552
0.00012063
4.18124e-05
0.000147345
-1.46232e-05
0.000150008
-4.26754e-05
0.000149079
-4.72728e-05
0.000145856
-2.08692e-06
0.000132813
8.98014e-05
0.000113753
0.000152355
8.74404e-05
0.000176914
1.23927e-05
0.000175605
-7.53463e-05
8.98078e-05
-8.33487e-05
-6.57009e-05
-7.06968e-05
-0.000116312
-6.39605e-05
-0.000123261
-7.29687e-05
-8.66527e-05
-7.79659e-05
-7.68624e-05
-5.88184e-05
-0.000114199
-2.63348e-05
-0.00013097
-8.4295e-05
4.41916e-05
3.02414e-05
9.38043e-05
-7.80025e-06
0.000108522
-2.93412e-05
0.000110239
-4.43923e-05
0.000117411
-5.44449e-05
9.92587e-05
1.60656e-05
9.16674e-05
9.73929e-05
8.0071e-05
0.000163951
8.10499e-05
0.000175935
4.92999e-05
0.000207355
-2.81791e-05
0.000167287
-5.39029e-05
-3.99772e-05
-5.25562e-05
-0.000117659
-5.57418e-05
-0.000120076
-7.16525e-05
-7.07419e-05
-7.61998e-05
-7.23151e-05
-5.55835e-05
-0.000134815
-2.36516e-05
-0.000162902
-0.000107947
2.08291e-05
-2.04604e-05
5.04575e-05
-3.74286e-05
6.16541e-05
-4.05378e-05
6.5617e-05
-4.83552e-05
6.67712e-05
-5.55992e-05
5.38492e-05
2.89874e-05
2.96424e-05
0.0001216
2.42159e-05
0.000169378
1.6384e-05
0.000183767
4.05733e-06
0.000219681
-3.82598e-05
0.000209604
-4.51724e-05
-3.30646e-05
-4.66516e-05
-0.00011618
-5.70143e-05
-0.000109713
-6.63396e-05
-6.14165e-05
-5.89567e-05
-7.96981e-05
-4.6534e-05
-0.000147238
-2.02077e-05
-0.000189228
-0.000128154
-1.76886e-05
-4.79678e-05
2.04106e-06
-5.71583e-05
1.0069e-06
-3.95037e-05
-7.07247e-06
-4.02758e-05
1.1365e-05
-7.40364e-05
1.17001e-05
2.86517e-05
-2.17897e-05
0.00015509
-4.22394e-05
0.000189828
-7.25815e-05
0.000214109
-0.000100209
0.000247309
-6.58143e-05
0.000175209
-4.59175e-05
-5.29614e-05
-4.83391e-05
-0.000113758
-6.5891e-05
-9.21613e-05
-7.00271e-05
-5.72804e-05
-5.5656e-05
-9.40692e-05
-4.30217e-05
-0.000159872
-1.97693e-05
-0.000212481
-0.000147924
-5.95194e-05
-6.24334e-05
-5.32021e-05
-6.34756e-05
-6.34392e-05
-2.92667e-05
-4.98897e-05
-5.38255e-05
-2.99318e-05
-9.39937e-05
-4.738e-05
4.60997e-05
-7.39194e-05
0.000181629
-0.000111638
0.000227546
-0.000164218
0.000266689
-0.000176246
0.000259337
-7.5985e-05
7.49478e-05
-4.51395e-05
-8.38068e-05
-5.0298e-05
-0.000108599
-7.66814e-05
-6.57778e-05
-8.55811e-05
-4.83807e-05
-7.38572e-05
-0.000105793
-5.02074e-05
-0.000183522
-1.74748e-05
-0.000245213
-0.000165398
-9.57632e-05
-6.93862e-05
-9.86099e-05
-6.06289e-05
-9.3544e-05
-3.43325e-05
-0.00010013
-4.72393e-05
-0.000110563
-8.35613e-05
-0.000134021
6.95583e-05
-0.000151608
0.000199216
-0.000192694
0.000268632
-0.000202482
0.000276478
-0.000137862
0.000194717
-4.90318e-05
-1.38824e-05
-3.37641e-05
-9.90745e-05
-4.4701e-05
-9.76626e-05
-7.73078e-05
-3.3171e-05
-0.000106639
-1.90496e-05
-0.00010975
-0.000102682
-6.58676e-05
-0.000227404
-1.4956e-05
-0.000296125
-0.000180354
-0.000116879
-7.11728e-05
-0.000122132
-5.53766e-05
-0.000128164
-2.83003e-05
-0.000152307
-2.30959e-05
-0.000207047
-2.88219e-05
-0.000249739
0.000112251
-0.000262325
0.000211802
-0.000255062
0.000261369
-0.000202153
0.000223569
-7.53358e-05
6.7899e-05
-2.19122e-05
-6.73059e-05
-2.07298e-05
-0.000100257
-3.42181e-05
-8.41742e-05
-6.64444e-05
-9.44735e-07
-0.000123601
3.81074e-05
-0.000134442
-9.18421e-05
-7.80168e-05
-0.000283829
-2.74642e-05
-0.000346678
-0.000207819
-0.000125442
-6.61263e-05
-0.000131026
-4.97928e-05
-0.000137919
-2.14072e-05
-0.000163379
2.36444e-06
-0.00022335
3.11487e-05
-0.000275709
0.000164609
-0.000275443
0.000211536
-0.000223566
0.000209492
-0.000125439
0.000125443
-2.13742e-05
-3.6166e-05
-5.53929e-06
-8.31408e-05
-1.07551e-05
-9.50411e-05
-2.0848e-05
-7.40813e-05
-4.09518e-05
1.9159e-05
-0.000115304
0.00011246
-0.000122688
-8.44579e-05
-7.93329e-05
-0.000327184
-4.45448e-05
-0.000381466
-0.000252364
-0.000126376
-5.64528e-05
-0.000132422
-4.37471e-05
-0.000137751
-1.60785e-05
-0.00014694
1.15539e-05
-0.00016158
4.57888e-05
-0.000189658
0.000192687
-0.000180461
0.000202339
-0.000115167
0.000144199
-2.11506e-05
3.14262e-05
4.46437e-06
-6.1781e-05
1.06057e-06
-7.9737e-05
-4.01786e-06
-8.99626e-05
-8.9106e-06
-6.91886e-05
-1.12983e-05
2.15467e-05
-6.56896e-05
0.000166851
-8.40021e-05
-6.61454e-05
-7.44431e-05
-0.000336743
-5.20835e-05
-0.000403825
-0.000304447
-0.000123597
-3.98976e-05
-0.000130032
-3.73122e-05
-0.000134926
-1.11842e-05
-0.000142947
1.95745e-05
-0.00014128
4.41215e-05
-7.89072e-05
0.000130314
-4.75955e-05
0.000171027
5.92359e-06
9.06796e-05
2.40848e-05
1.32651e-05
8.31359e-06
-4.60098e-05
2.1422e-06
-7.35656e-05
-4.70918e-07
-8.73495e-05
-3.24697e-06
-6.64125e-05
-3.34487e-06
2.16446e-05
-3.16984e-05
0.000195205
-5.71972e-05
-4.06466e-05
-6.86299e-05
-0.000325311
-5.18237e-05
-0.000420631
-0.000356271
-0.000119525
-1.48255e-06
-0.000125926
-3.0911e-05
-0.000128836
-8.27479e-06
-0.000131667
2.24059e-05
-0.000137974
5.04283e-05
-8.38574e-05
7.61981e-05
-2.46252e-05
0.000111795
-2.5148e-06
6.85689e-05
1.11241e-05
-3.73647e-07
5.12585e-06
-4.00116e-05
2.8954e-06
-7.13352e-05
-7.41529e-08
-8.438e-05
-5.5857e-06
-6.0901e-05
-2.27707e-05
3.88296e-05
-3.3617e-05
0.000206051
-6.79738e-05
-6.28991e-06
-6.39437e-05
-0.000329341
-4.0376e-05
-0.000444199
-0.000396647
-8.80224e-05
5.34793e-05
-0.000122657
3.7235e-06
-0.000119185
-1.17469e-05
-0.00011583
1.90506e-05
-0.000108366
4.29649e-05
-8.87906e-05
5.66224e-05
-3.55472e-05
5.85514e-05
-1.04867e-06
3.40703e-05
3.14172e-06
-4.56404e-06
6.83315e-06
-4.3703e-05
9.30503e-06
-7.38071e-05
-1.0746e-05
-6.4329e-05
-3.17869e-05
-3.98601e-05
-6.40586e-05
7.11013e-05
-5.87085e-05
0.000200701
-5.22363e-05
-1.27622e-05
-2.10917e-05
-0.000360486
-1.70263e-05
-0.000448264
-0.000413673
-2.66871e-05
9.12171e-05
-7.90005e-05
5.60371e-05
-0.000108728
1.79802e-05
-9.70083e-05
7.3312e-06
-8.11907e-05
2.71473e-05
-6.08056e-05
3.62373e-05
-3.32848e-05
3.10306e-05
-1.07344e-05
1.15199e-05
3.94945e-06
-1.92479e-05
1.7718e-05
-5.74715e-05
1.29955e-05
-6.90847e-05
-3.70051e-05
-1.43284e-05
-9.22644e-05
1.53991e-05
-0.000112398
9.12349e-05
-7.47157e-05
0.000163018
-1.47453e-05
-7.27323e-05
2.06355e-06
-0.000377295
-4.09293e-06
-0.000442108
-0.000417766
2.82965e-05
0.000104549
-7.14343e-06
9.14771e-05
-5.56548e-05
6.64916e-05
-8.44953e-05
3.61718e-05
-6.76731e-05
1.0325e-05
-4.65893e-05
1.51535e-05
-2.4372e-05
8.81333e-06
-2.64468e-06
-1.02074e-05
1.8842e-05
-4.07346e-05
1.94439e-05
-5.80734e-05
-1.59895e-05
-3.36513e-05
-6.86246e-05
3.83066e-05
-0.000121788
6.85624e-05
-0.000133218
0.000102665
-5.49088e-05
8.47085e-05
1.17249e-05
-0.000139366
1.24818e-05
-0.000378052
2.70613e-06
-0.000432332
-0.00041506
6.03881e-05
0.000103821
4.74456e-05
0.00010442
1.79033e-05
9.60337e-05
-2.416e-05
7.82351e-05
-5.66159e-05
4.27808e-05
-4.16948e-05
2.32569e-07
-1.02202e-05
-2.26613e-05
1.46683e-05
-3.50958e-05
6.75284e-06
-3.28192e-05
-1.29863e-05
-3.83343e-05
-4.94227e-05
2.78498e-06
-7.79925e-05
6.68766e-05
-0.000102798
9.33677e-05
-8.84217e-05
8.82891e-05
-2.14556e-05
1.77421e-05
2.52418e-05
-0.000186063
1.84378e-05
-0.000371248
7.08332e-06
-0.000420978
-0.000407977
7.81e-05
9.52399e-05
8.16936e-05
0.000100826
7.84554e-05
9.92717e-05
6.89079e-05
8.77826e-05
5.25308e-05
5.91578e-05
3.40692e-05
1.86942e-05
2.7897e-05
-1.6489e-05
2.34629e-05
-3.06618e-05
1.48026e-05
-2.4159e-05
-1.32228e-05
-1.0309e-05
-4.13487e-05
3.09109e-05
-5.7023e-05
8.25509e-05
-6.0862e-05
9.72068e-05
-3.71748e-05
6.46022e-05
6.39594e-06
-2.58287e-05
2.96307e-05
-0.000209298
2.17525e-05
-0.00036337
9.94155e-06
-0.000409167
-0.000398035
8.56421e-05
8.36211e-05
9.64831e-05
8.99852e-05
0.000104903
9.08518e-05
0.000108911
8.37742e-05
0.00010395
6.41193e-05
8.92763e-05
3.3368e-05
6.70341e-05
5.75315e-06
4.39453e-05
-7.57311e-06
2.35036e-05
-3.71738e-06
-3.01898e-07
1.34966e-05
-1.94852e-05
5.00943e-05
-2.49453e-05
8.8011e-05
-1.75076e-05
8.97689e-05
4.29262e-06
4.28021e-05
2.85682e-05
-5.01044e-05
3.3114e-05
-0.000213844
2.31781e-05
-0.000353434
1.16648e-05
-0.000397654
-0.00038637
8.66496e-05
7.18684e-05
9.88565e-05
7.77782e-05
0.000110079
7.96288e-05
0.000118161
7.56929e-05
0.000118723
6.35577e-05
0.00010765
4.44408e-05
8.73485e-05
2.60543e-05
6.38084e-05
1.59671e-05
4.10599e-05
1.90311e-05
1.96027e-05
3.49537e-05
6.55466e-06
6.31424e-05
6.94822e-06
8.76175e-05
1.83344e-05
7.83826e-05
3.51543e-05
2.59822e-05
4.88786e-05
-6.38286e-05
4.01857e-05
-0.000205151
2.47779e-05
-0.000338026
1.21126e-05
-0.000384988
-0.000374258
8.41148e-05
6.11758e-05
9.53524e-05
6.65406e-05
0.000105893
6.90878e-05
0.000113913
6.76734e-05
0.00011617
6.1301e-05
0.000109653
5.09576e-05
9.50432e-05
4.0664e-05
7.56032e-05
3.54071e-05
5.56687e-05
3.89654e-05
3.86285e-05
5.19939e-05
3.00053e-05
7.17655e-05
3.32716e-05
8.43512e-05
4.42622e-05
6.7392e-05
5.64446e-05
1.37998e-05
6.3612e-05
-7.09957e-05
5.00864e-05
-0.000191625
2.63904e-05
-0.00031433
1.2025e-05
-0.000370623
-0.000362233
7.98436e-05
5.18596e-05
8.95079e-05
5.68763e-05
9.84699e-05
6.01258e-05
0.000105286
6.08576e-05
0.00010786
5.87268e-05
0.000104319
5.44985e-05
9.45348e-05
5.04481e-05
8.03728e-05
4.95691e-05
6.51804e-05
5.41576e-05
5.27312e-05
6.44429e-05
4.75095e-05
7.69872e-05
5.15491e-05
8.03115e-05
6.0637e-05
5.83042e-05
6.87503e-05
5.6867e-06
7.11173e-05
-7.33625e-05
5.73609e-05
-0.000177868
2.97164e-05
-0.000286685
1.25711e-05
-0.000353478
-0.000349661
7.48172e-05
4.38819e-05
8.29196e-05
4.87739e-05
9.03101e-05
5.27353e-05
9.59013e-05
5.52664e-05
9.83533e-05
5.62749e-05
9.65274e-05
5.63242e-05
9.02411e-05
5.67343e-05
8.06554e-05
5.91547e-05
7.01359e-05
6.46772e-05
6.18011e-05
7.27775e-05
5.90064e-05
7.97821e-05
6.27433e-05
7.65748e-05
6.92806e-05
5.17669e-05
7.36717e-05
1.29564e-06
7.21938e-05
-7.18847e-05
5.85658e-05
-0.00016424
3.19247e-05
-0.000260044
1.28032e-05
-0.000334357
-0.000336858
6.95655e-05
3.70656e-05
7.63346e-05
4.20049e-05
8.24155e-05
4.66544e-05
8.70217e-05
5.06601e-05
8.92927e-05
5.40038e-05
8.8561e-05
5.70561e-05
8.47542e-05
6.05413e-05
7.86692e-05
6.52395e-05
7.19605e-05
7.1386e-05
6.68878e-05
7.78502e-05
6.56561e-05
8.10138e-05
6.84847e-05
7.37462e-05
7.22918e-05
4.79599e-05
7.31867e-05
4.00566e-07
6.82542e-05
-6.69525e-05
5.40469e-05
-0.000150033
3.08741e-05
-0.000236871
1.15942e-05
-0.000315077
-0.000325264
6.43477e-05
3.11955e-05
7.00642e-05
3.62883e-05
7.51493e-05
4.15693e-05
7.90488e-05
4.67607e-05
8.12168e-05
5.18357e-05
8.12818e-05
5.6991e-05
7.92683e-05
6.25548e-05
7.57599e-05
6.87481e-05
7.18974e-05
7.52485e-05
6.91672e-05
8.05803e-05
6.87958e-05
8.13852e-05
7.04447e-05
7.20972e-05
7.15627e-05
4.68419e-05
6.90327e-05
2.93039e-06
6.04832e-05
-5.84031e-05
4.4232e-05
-0.000133782
2.31031e-05
-0.000215743
6.07212e-06
-0.000298046
-0.000319192
5.92633e-05
2.60693e-05
6.41872e-05
3.13644e-05
6.856e-05
3.71964e-05
7.19999e-05
4.33208e-05
7.41672e-05
4.96685e-05
7.48706e-05
5.62877e-05
7.41892e-05
6.32361e-05
7.25549e-05
7.03825e-05
7.0723e-05
7.70804e-05
6.95672e-05
8.17361e-05
6.95779e-05
8.13746e-05
7.00299e-05
7.16451e-05
6.86945e-05
4.81772e-05
6.28575e-05
8.76735e-06
5.04497e-05
-4.59953e-05
3.10611e-05
-0.000114394
1.17873e-05
-0.000196469
-2.04724e-06
-0.000284211
-0.000321239
5.43282e-05
2.15201e-05
5.86705e-05
2.70222e-05
6.25555e-05
3.33114e-05
6.57249e-05
4.01514e-05
6.79724e-05
4.74209e-05
6.92118e-05
5.50483e-05
6.95408e-05
6.29072e-05
6.92692e-05
7.06541e-05
6.8863e-05
7.74866e-05
6.87495e-05
8.18497e-05
6.89231e-05
8.1201e-05
6.84237e-05
7.21445e-05
6.52108e-05
5.13901e-05
5.67855e-05
1.71926e-05
4.11871e-05
-3.0397e-05
1.9192e-05
-9.23989e-05
4.53021e-06
-0.000181807
3.22799e-07
-0.000280004
-0.000320916
4.95217e-05
1.74216e-05
5.34397e-05
2.31042e-05
5.69995e-05
2.97516e-05
6.00282e-05
3.71227e-05
6.2404e-05
4.5045e-05
6.40983e-05
5.3354e-05
6.52047e-05
6.18009e-05
6.59353e-05
6.99236e-05
6.65504e-05
7.68716e-05
6.71855e-05
8.12147e-05
6.75573e-05
8.08292e-05
6.6639e-05
7.30629e-05
6.26152e-05
5.5414e-05
5.33273e-05
2.64804e-05
3.72177e-05
-1.42873e-05
1.56427e-05
-7.0824e-05
9.36302e-06
-0.000175527
8.89096e-06
-0.000279532
-0.000312025
4.48136e-05
1.36842e-05
4.84171e-05
1.95007e-05
5.17609e-05
2.64078e-05
5.47295e-05
3.4154e-05
5.72528e-05
4.25218e-05
5.93307e-05
5.12761e-05
6.1043e-05
6.00886e-05
6.25295e-05
6.84372e-05
6.39194e-05
7.5482e-05
6.51909e-05
7.99431e-05
6.59688e-05
8.00514e-05
6.53375e-05
7.36943e-05
6.18747e-05
5.88767e-05
5.40668e-05
3.42882e-05
4.11048e-05
-1.32539e-06
2.4059e-05
-5.37781e-05
1.93806e-05
-0.000170849
1.21874e-05
-0.000272339
-0.000299838
4.018e-05
1.0249e-05
4.35406e-05
1.61402e-05
4.67365e-05
2.3212e-05
4.96895e-05
3.1201e-05
5.2359e-05
3.98523e-05
5.47572e-05
4.8878e-05
5.69483e-05
5.78976e-05
5.90237e-05
6.63618e-05
6.10417e-05
7.3464e-05
6.29242e-05
7.80605e-05
6.43304e-05
7.86452e-05
6.45761e-05
7.34488e-05
6.27383e-05
6.07145e-05
5.80562e-05
3.89704e-05
5.0422e-05
6.30874e-06
4.05528e-05
-4.39089e-05
2.39263e-05
-0.000154222
1.35226e-05
-0.000261935
-0.000286315
3.56119e-05
7.08034e-06
3.87729e-05
1.29793e-05
4.18595e-05
2.01254e-05
4.48167e-05
2.82441e-05
4.76193e-05
3.70497e-05
5.02826e-05
4.62148e-05
5.28572e-05
5.53231e-05
5.5405e-05
6.3814e-05
5.79529e-05
7.09161e-05
6.04223e-05
7.55911e-05
6.25579e-05
7.65096e-05
6.39099e-05
7.20969e-05
6.39557e-05
6.06687e-05
6.24356e-05
4.04904e-05
5.95971e-05
9.14724e-06
5.53774e-05
-3.96892e-05
3.25208e-05
-0.000131366
1.29249e-05
-0.000242339
-0.00027339
3.11196e-05
4.15887e-06
3.41044e-05
9.99468e-06
3.71009e-05
1.71289e-05
4.00669e-05
2.52783e-05
4.29841e-05
3.41326e-05
4.58657e-05
4.33331e-05
4.8751e-05
5.24378e-05
5.16845e-05
6.08804e-05
5.46815e-05
6.79191e-05
5.768e-05
7.25927e-05
6.04988e-05
7.36907e-05
6.284e-05
6.97557e-05
6.43703e-05
5.91385e-05
6.48713e-05
3.99892e-05
6.42084e-05
9.81006e-06
6.0753e-05
-3.6234e-05
4.05442e-05
-0.000111157
1.18146e-05
-0.00021361
-0.000261576
2.67343e-05
1.47671e-06
2.9553e-05
7.17617e-06
3.24659e-05
1.4216e-05
3.54369e-05
2.23073e-05
3.84488e-05
3.11206e-05
4.151e-05
4.02719e-05
4.46497e-05
4.92981e-05
4.7901e-05
5.7629e-05
5.1275e-05
6.45451e-05
5.47215e-05
6.91463e-05
5.80982e-05
7.0314e-05
6.11667e-05
6.66871e-05
6.36183e-05
5.66868e-05
6.5064e-05
3.85435e-05
6.47811e-05
1.0093e-05
6.03586e-05
-3.18114e-05
4.284e-05
-9.36385e-05
1.39697e-05
-0.000184739
-0.000247606
2.25052e-05
-9.6648e-07
2.51591e-05
4.52238e-06
2.79874e-05
1.13879e-05
3.09555e-05
1.93391e-05
3.40439e-05
2.8032e-05
3.72536e-05
3.70622e-05
4.06035e-05
4.5948e-05
4.41184e-05
5.41142e-05
4.78064e-05
6.08571e-05
5.16191e-05
6.53337e-05
5.54209e-05
6.65122e-05
5.89767e-05
6.31311e-05
6.19384e-05
5.37251e-05
6.37769e-05
3.67049e-05
6.34438e-05
1.04263e-05
5.84879e-05
-2.68554e-05
4.30247e-05
-7.81751e-05
1.54196e-05
-0.000157134
-0.000232187
1.84953e-05
-3.16641e-06
2.09802e-05
2.03747e-06
2.37175e-05
8.65072e-06
2.66726e-05
1.6384e-05
2.98213e-05
2.48833e-05
3.31557e-05
3.37278e-05
3.66822e-05
4.24215e-05
4.0417e-05
5.03798e-05
4.4365e-05
5.69091e-05
4.847e-05
6.12287e-05
5.25813e-05
6.2401e-05
5.64418e-05
5.92705e-05
5.96599e-05
5.05072e-05
6.16401e-05
3.47247e-05
6.12911e-05
1.07755e-05
5.64175e-05
-2.19818e-05
4.26511e-05
-6.44088e-05
1.34987e-05
-0.000127982
-0.000218688
1.47772e-05
-5.11676e-06
1.70842e-05
-2.69516e-07
1.97198e-05
6.01518e-06
2.26488e-05
1.3455e-05
2.5842e-05
2.16901e-05
2.92829e-05
3.02872e-05
3.2963e-05
3.87415e-05
3.68834e-05
4.64595e-05
4.1044e-05
5.27486e-05
4.53703e-05
5.69022e-05
4.96847e-05
5.80865e-05
5.3705e-05
5.525e-05
5.70024e-05
4.72099e-05
5.89869e-05
3.27403e-05
5.8727e-05
1.10355e-05
5.45329e-05
-1.77878e-05
4.39358e-05
-5.38119e-05
2.03911e-05
-0.000104437
-0.000198297
1.14258e-05
-6.81116e-06
1.35426e-05
-2.38614e-06
1.60614e-05
3.49638e-06
1.89464e-05
1.05701e-05
2.21645e-05
1.84722e-05
2.56939e-05
2.67579e-05
2.95154e-05
3.492e-05
3.36005e-05
4.23742e-05
3.79402e-05
4.8409e-05
4.24109e-05
5.24314e-05
4.68278e-05
5.36697e-05
5.089e-05
5.11878e-05
5.4144e-05
4.3956e-05
5.60123e-05
3.08719e-05
5.56033e-05
1.14444e-05
5.15293e-05
-1.37138e-05
4.19457e-05
-4.42282e-05
2.42122e-05
-8.67034e-05
-0.000174084
8.51278e-06
-8.24662e-06
1.04261e-05
-4.29919e-06
1.28081e-05
1.11432e-06
1.56227e-05
7.75545e-06
1.88339e-05
1.5261e-05
2.24206e-05
2.31711e-05
2.63617e-05
3.09791e-05
3.06021e-05
3.81337e-05
3.5063e-05
4.39481e-05
3.96407e-05
4.78535e-05
4.41284e-05
4.91819e-05
4.8201e-05
4.71151e-05
5.13943e-05
4.07628e-05
5.31482e-05
2.91181e-05
5.27373e-05
1.18553e-05
4.85276e-05
-9.50408e-06
3.82837e-05
-3.39841e-05
1.87431e-05
-6.71626e-05
-0.000155341
6.09797e-06
-9.42824e-06
7.79693e-06
-5.99802e-06
1.00193e-05
-1.108e-06
1.27291e-05
5.04551e-06
1.58842e-05
1.21059e-05
1.94709e-05
1.95845e-05
2.34719e-05
2.69781e-05
2.78249e-05
3.37805e-05
3.23828e-05
3.93901e-05
3.70433e-05
4.31928e-05
4.16145e-05
4.46108e-05
4.5767e-05
4.29625e-05
4.90876e-05
3.74421e-05
5.11396e-05
2.70662e-05
5.12961e-05
1.1699e-05
4.73475e-05
-5.55541e-06
3.68046e-05
-2.34411e-05
1.94486e-05
-4.98065e-05
-0.000135893
4.21388e-06
-1.03735e-05
5.69454e-06
-7.47876e-06
7.73896e-06
-3.15236e-06
1.03106e-05
2.47384e-06
1.33487e-05
9.0677e-06
1.68578e-05
1.60754e-05
2.08377e-05
2.29981e-05
2.52059e-05
2.94122e-05
2.98204e-05
3.47754e-05
3.45201e-05
3.84931e-05
3.9147e-05
3.99839e-05
4.34658e-05
3.86437e-05
4.71644e-05
3.37436e-05
4.97465e-05
2.4484e-05
5.04453e-05
1.10004e-05
4.75697e-05
-2.6797e-06
3.90289e-05
-1.49004e-05
2.37422e-05
-3.45198e-05
-0.000112151
2.84204e-06
-1.1112e-05
4.10975e-06
-8.74661e-06
5.96982e-06
-5.01234e-06
8.38833e-06
5.55038e-08
1.12586e-05
6.1975e-06
1.46107e-05
1.27231e-05
1.84875e-05
1.9121e-05
2.27723e-05
2.51275e-05
2.73079e-05
3.02397e-05
3.19248e-05
3.38762e-05
3.6453e-05
3.54556e-05
4.07237e-05
3.43731e-05
4.44974e-05
2.997e-05
4.73098e-05
2.16717e-05
4.85128e-05
9.79736e-06
4.78975e-05
-2.06426e-06
4.466e-05
-1.1663e-05
3.36215e-05
-2.34815e-05
-7.85292e-05
1.88464e-06
-1.16744e-05
2.94236e-06
-9.80441e-06
4.61426e-06
-6.68437e-06
6.9033e-06
-2.23356e-06
9.61556e-06
3.48536e-06
1.27577e-05
9.58107e-06
1.64936e-05
1.53848e-05
2.06156e-05
2.10057e-05
2.49287e-05
2.59264e-05
2.92489e-05
2.95561e-05
3.3374e-05
3.13304e-05
3.70697e-05
3.06774e-05
4.0068e-05
2.69717e-05
4.22037e-05
1.9536e-05
4.38621e-05
8.13892e-06
4.64761e-05
-4.67827e-06
5.27263e-05
-1.79132e-05
5.56453e-05
-2.64006e-05
-2.28838e-05
1.15157e-06
-1.20674e-05
1.95257e-06
-1.06053e-05
3.35975e-06
-8.09136e-06
5.52964e-06
-4.4035e-06
8.20308e-06
8.11835e-07
1.12635e-05
6.52089e-06
1.497e-05
1.16781e-05
1.89206e-05
1.70551e-05
2.2928e-05
2.1919e-05
2.67911e-05
2.56932e-05
3.0238e-05
2.78834e-05
3.29068e-05
2.80086e-05
3.43634e-05
2.5515e-05
3.44619e-05
1.94376e-05
3.48504e-05
7.75048e-06
3.93966e-05
-9.22446e-06
5.84102e-05
-3.69269e-05
8.86135e-05
-5.66038e-05
6.57298e-05
4.05521e-07
7.75687e-07
1.52956e-06
3.07023e-06
5.98875e-06
1.01119e-05
1.40884e-05
1.79653e-05
2.17367e-05
2.52124e-05
2.80578e-05
2.97783e-05
2.96136e-05
2.62198e-05
1.87824e-05
1.57453e-05
3.57233e-05
0.000100518
)
;

boundaryField
{
    leftWall
    {
        type            calculated;
        value           uniform 0;
    }
    rightWall
    {
        type            calculated;
        value           uniform 0;
    }
    lowerWall
    {
        type            calculated;
        value           uniform 0;
    }
    atmosphere
    {
        type            calculated;
        value           nonuniform List<scalar> 
46
(
8.30037e-06
3.56289e-06
1.49644e-06
2.2001e-07
-5.21649e-07
-1.11827e-06
-1.6693e-06
-2.20321e-06
-2.73409e-06
-3.27222e-06
-3.82655e-06
-4.40505e-06
-5.0144e-06
-5.65938e-06
-6.34196e-06
-7.06006e-06
-7.80591e-06
-8.56413e-06
-9.30995e-06
-1.00083e-05
-1.06138e-05
-1.10735e-05
-1.1333e-05
-5.36535e-06
-5.35652e-06
-5.33675e-06
-5.29938e-06
-1.22329e-05
-1.09754e-05
-8.84515e-06
-5.94412e-06
-2.10684e-06
2.39789e-06
7.70143e-06
1.31783e-05
1.81475e-05
2.22175e-05
2.5038e-05
2.6288e-05
2.56798e-05
2.28312e-05
1.51879e-05
-6.18744e-06
-5.69048e-05
-0.000121398
0.000166247
)
;
    }
    defaultFaces
    {
        type            empty;
        value           nonuniform List<scalar> 0();
    }
}


// ************************************************************************* //
