/*--------------------------------*- C++ -*----------------------------------*\
| =========                 |                                                 |
| \\      /  F ield         | OpenFOAM: The Open Source CFD Toolbox           |
|  \\    /   O peration     | Version:  v2012                                 |
|   \\  /    A nd           | Website:  www.openfoam.com                      |
|    \\/     M anipulation  |                                                 |
\*---------------------------------------------------------------------------*/
FoamFile
{
    version     2.0;
    format      ascii;
    class       volVectorField;
    location    "0.75";
    object      U;
}
// * * * * * * * * * * * * * * * * * * * * * * * * * * * * * * * * * * * * * //

dimensions      [0 1 -1 0 0 0 0];


internalField   nonuniform List<vector> 
2268
(
(-0.0383904 0.0180139 0)
(-0.0917882 0.0138702 0)
(-0.123717 0.00486503 0)
(-0.134132 0.000956179 0)
(-0.139896 0.00024756 0)
(-0.14481 0.000616444 0)
(-0.150643 0.00107832 0)
(-0.157005 0.0013141 0)
(-0.163191 0.00127883 0)
(-0.168495 0.00101025 0)
(-0.172383 0.000591033 0)
(-0.174573 9.99248e-05 0)
(-0.174962 -0.000401276 0)
(-0.17349 -0.000831889 0)
(-0.170525 -0.00105629 0)
(-0.166646 -0.000938746 0)
(-0.162669 -0.000334415 0)
(-0.158826 0.000840028 0)
(-0.156354 0.00226782 0)
(-0.158073 0.00176061 0)
(-0.15068 -0.00714243 0)
(-0.109178 -0.0217217 0)
(-0.0361632 -0.0272812 0)
(-0.0489989 0.0441491 0)
(-0.0870868 0.0318291 0)
(-0.107025 0.0140414 0)
(-0.117337 0.00597114 0)
(-0.126518 0.00415568 0)
(-0.135535 0.00446916 0)
(-0.144959 0.00495705 0)
(-0.154138 0.00498217 0)
(-0.162407 0.00448978 0)
(-0.169258 0.00357902 0)
(-0.174357 0.00239656 0)
(-0.177565 0.00109765 0)
(-0.17894 -0.000213437 0)
(-0.178543 -0.00143048 0)
(-0.176282 -0.00241876 0)
(-0.172357 -0.00297504 0)
(-0.167115 -0.00301186 0)
(-0.160315 -0.00280954 0)
(-0.150329 -0.00320512 0)
(-0.135034 -0.00637557 0)
(-0.111876 -0.0178484 0)
(-0.0769202 -0.0364785 0)
(-0.0231604 -0.0502922 0)
(-0.0437835 0.0713087 0)
(-0.0687624 0.0449757 0)
(-0.0887434 0.0209814 0)
(-0.102545 0.0110646 0)
(-0.115099 0.00897705 0)
(-0.127242 0.00938073 0)
(-0.139176 0.00976751 0)
(-0.150277 0.00939369 0)
(-0.160039 0.00827618 0)
(-0.168129 0.00659097 0)
(-0.17431 0.00454876 0)
(-0.178472 0.00237624 0)
(-0.180644 0.000208426 0)
(-0.180832 -0.00187963 0)
(-0.178908 -0.0037668 0)
(-0.174815 -0.00520257 0)
(-0.16855 -0.00618246 0)
(-0.159538 -0.00737382 0)
(-0.145809 -0.0103449 0)
(-0.124534 -0.0178506 0)
(-0.0945515 -0.033523 0)
(-0.0567737 -0.0554151 0)
(-0.00917999 -0.0690604 0)
(-0.0347513 0.0947053 0)
(-0.0529484 0.0564882 0)
(-0.0736365 0.0290097 0)
(-0.0898807 0.0178716 0)
(-0.105582 0.0154244 0)
(-0.120749 0.0156497 0)
(-0.135088 0.0156476 0)
(-0.147943 0.0146364 0)
(-0.158982 0.0127297 0)
(-0.168057 0.010153 0)
(-0.175027 0.0071512 0)
(-0.179829 0.00400744 0)
(-0.182522 0.000880758 0)
(-0.183098 -0.0022136 0)
(-0.181348 -0.00517752 0)
(-0.177069 -0.0077517 0)
(-0.170115 -0.0100469 0)
(-0.159831 -0.0131334 0)
(-0.144394 -0.0190362 0)
(-0.121176 -0.0306813 0)
(-0.0884095 -0.05104 0)
(-0.0465104 -0.0759926 0)
(-0.000114766 -0.0805145 0)
(-0.0241308 0.112235 0)
(-0.0382609 0.0668091 0)
(-0.0599523 0.037789 0)
(-0.0787383 0.0260914 0)
(-0.0976881 0.0234051 0)
(-0.115852 0.0232451 0)
(-0.132508 0.0225359 0)
(-0.14699 0.0206052 0)
(-0.159164 0.0177205 0)
(-0.169073 0.0141261 0)
(-0.176653 0.01007 0)
(-0.1819 0.00588318 0)
(-0.184941 0.00173361 0)
(-0.185773 -0.00244292 0)
(-0.184103 -0.00661234 0)
(-0.179654 -0.0104873 0)
(-0.17232 -0.0142576 0)
(-0.161597 -0.0193573 0)
(-0.14601 -0.0282236 0)
(-0.123356 -0.0440072 0)
(-0.0909691 -0.0697166 0)
(-0.0462966 -0.0985012 0)
(0.0011739 -0.0861584 0)
(-0.012378 0.123661 0)
(-0.0239524 0.0764156 0)
(-0.0473245 0.0475837 0)
(-0.0692503 0.0359329 0)
(-0.0916311 0.0330218 0)
(-0.112722 0.0321757 0)
(-0.131534 0.0303756 0)
(-0.147466 0.027207 0)
(-0.160617 0.0231482 0)
(-0.171205 0.0184048 0)
(-0.179219 0.0131978 0)
(-0.184729 0.00790875 0)
(-0.187963 0.00270201 0)
(-0.188939 -0.0026061 0)
(-0.187275 -0.00806599 0)
(-0.182669 -0.0133115 0)
(-0.175207 -0.0185368 0)
(-0.164713 -0.0254772 0)
(-0.150206 -0.0369468 0)
(-0.13015 -0.0564929 0)
(-0.101317 -0.0878256 0)
(-0.0583616 -0.12228 0)
(-0.015467 -0.0966469 0)
(-0.00106489 0.128771 0)
(-0.0103175 0.085862 0)
(-0.0359081 0.0589761 0)
(-0.0618017 0.0477936 0)
(-0.0877548 0.0444352 0)
(-0.111586 0.042472 0)
(-0.132283 0.0391448 0)
(-0.149421 0.0344055 0)
(-0.163358 0.0289743 0)
(-0.174438 0.0229265 0)
(-0.182674 0.0164507 0)
(-0.188244 0.00999923 0)
(-0.191514 0.00371948 0)
(-0.19253 -0.00274862 0)
(-0.190799 -0.00955802 0)
(-0.186025 -0.0161752 0)
(-0.178605 -0.0226928 0)
(-0.168816 -0.0310904 0)
(-0.156276 -0.0444975 0)
(-0.140339 -0.0667802 0)
(-0.118117 -0.102288 0)
(-0.0864804 -0.144987 0)
(-0.0686547 -0.132979 0)
(0.00746543 0.127265 0)
(0.00201287 0.0942955 0)
(-0.026066 0.0706935 0)
(-0.0568833 0.0603819 0)
(-0.0863673 0.0565302 0)
(-0.112525 0.0533526 0)
(-0.134681 0.0484311 0)
(-0.152743 0.0420679 0)
(-0.167266 0.0351616 0)
(-0.178602 0.0276494 0)
(-0.186794 0.0197659 0)
(-0.192198 0.0120845 0)
(-0.195349 0.00472455 0)
(-0.196305 -0.00292827 0)
(-0.194426 -0.0111535 0)
(-0.18944 -0.0191097 0)
(-0.182145 -0.0266457 0)
(-0.173331 -0.0359746 0)
(-0.163224 -0.050436 0)
(-0.152058 -0.073694 0)
(-0.13856 -0.109641 0)
(-0.130978 -0.15966 0)
(-0.15922 -0.181579 0)
(0.308154 -0.132723 0)
(-0.235465 0.156129 0)
(-0.954202 0.155451 0)
(-1.32153 0.0675687 0)
(-1.38743 5.24622e-05 0)
(-1.31515 -0.0206389 0)
(-1.27192 -0.00703552 0)
(-1.27688 0.00509723 0)
(-1.3154 0.00637244 0)
(-1.34582 -0.00408404 0)
(-1.32342 -0.0222116 0)
(-1.23315 -0.0433311 0)
(-1.06207 -0.0671975 0)
(-0.824171 -0.0851021 0)
(-0.568729 -0.084903 0)
(-0.334605 -0.0753889 0)
(-0.127076 -0.067352 0)
(0.035983 -0.0477781 0)
(0.12924 0.0223919 0)
(-0.208291 0.10471 0)
(-0.779958 0.402446 0)
(-1.3634 0.304796 0)
(-1.40413 0.105027 0)
(-1.32685 -0.015104 0)
(-1.25833 -0.0524391 0)
(-1.21353 -0.01991 0)
(-1.23514 0.0161542 0)
(-1.27257 0.0222629 0)
(-1.28325 0.00233097 0)
(-1.2623 -0.0324195 0)
(-1.18734 -0.0769551 0)
(-1.04077 -0.127317 0)
(-0.832738 -0.164 0)
(-0.609626 -0.161451 0)
(-0.40732 -0.14248 0)
(-0.223442 -0.124842 0)
(-0.0680309 -0.0792536 0)
(0.0539004 0.047056 0)
(-0.413039 0.32149 0)
(-0.974181 0.594758 0)
(-1.2973 0.371107 0)
(-1.24819 0.0893852 0)
(-1.19058 -0.0476815 0)
(-1.09936 -0.0866972 0)
(-1.08478 -0.0263074 0)
(-1.12612 0.0324652 0)
(-1.18101 0.0349687 0)
(-1.20339 0.000415559 0)
(-1.1873 -0.0514815 0)
(-1.12153 -0.118293 0)
(-0.993429 -0.193118 0)
(-0.80761 -0.246775 0)
(-0.610363 -0.240067 0)
(-0.439177 -0.212356 0)
(-0.281953 -0.192084 0)
(-0.135157 -0.131951 0)
(-0.0247257 0.0255531 0)
(-0.437578 0.564442 0)
(-0.909866 0.776858 0)
(-1.05784 0.457846 0)
(-1.0263 0.106381 0)
(-0.837561 -0.0701289 0)
(-0.703514 -0.101068 0)
(-0.87035 0.00648908 0)
(-0.987629 0.0676463 0)
(-1.08868 0.0590866 0)
(-1.12815 0.00370923 0)
(-1.11399 -0.0700816 0)
(-1.04983 -0.159009 0)
(-0.93223 -0.256233 0)
(-0.762882 -0.326139 0)
(-0.58972 -0.313238 0)
(-0.448429 -0.274953 0)
(-0.317189 -0.254616 0)
(-0.178565 -0.191895 0)
(-0.0597132 -0.0177135 0)
(-0.396827 0.801503 0)
(-0.712193 0.903231 0)
(-0.607845 0.488986 0)
(-0.41813 0.058112 0)
(-0.0908033 -0.155573 0)
(-0.0557505 -0.0979455 0)
(-0.428083 0.0983528 0)
(-0.759631 0.147489 0)
(-0.968864 0.0899538 0)
(-1.05524 0.00293356 0)
(-1.04572 -0.0897207 0)
(-0.973583 -0.19779 0)
(-0.855572 -0.314977 0)
(-0.698345 -0.398944 0)
(-0.552783 -0.375423 0)
(-0.443685 -0.326128 0)
(-0.336375 -0.308998 0)
(-0.202837 -0.252153 0)
(-0.0741217 -0.0711986 0)
(-0.325544 0.979467 0)
(-0.412493 0.922417 0)
(-0.108825 0.38911 0)
(0.166089 -0.0458851 0)
(0.397646 -0.229124 0)
(0.367889 -0.0566341 0)
(0.228449 0.231625 0)
(-0.263104 0.319053 0)
(-0.746383 0.175969 0)
(-0.968461 0.0251634 0)
(-0.984153 -0.101147 0)
(-0.894281 -0.229967 0)
(-0.761151 -0.365222 0)
(-0.614385 -0.462782 0)
(-0.505529 -0.423142 0)
(-0.432623 -0.363683 0)
(-0.348804 -0.357285 0)
(-0.21742 -0.313204 0)
(-0.0776404 -0.127707 0)
(-0.247131 1.07735 0)
(-0.0412536 0.845775 0)
(0.352166 0.271954 0)
(0.626362 -0.125676 0)
(0.696673 -0.252269 0)
(0.648411 -0.0432801 0)
(0.586818 0.320496 0)
(0.390806 0.531622 0)
(-0.108243 0.447554 0)
(-0.728694 0.121453 0)
(-0.908431 -0.130742 0)
(-0.810962 -0.282541 0)
(-0.646335 -0.418435 0)
(-0.519291 -0.513741 0)
(-0.456769 -0.453419 0)
(-0.423055 -0.387651 0)
(-0.36003 -0.400428 0)
(-0.227622 -0.376815 0)
(-0.0771035 -0.188253 0)
(-0.190263 1.08779 0)
(0.269019 0.764409 0)
(0.709849 0.11132 0)
(0.833858 -0.189904 0)
(0.819187 -0.249238 0)
(0.777006 -0.0404854 0)
(0.736372 0.332669 0)
(0.659331 0.604372 0)
(0.42339 0.679321 0)
(-0.176481 0.391915 0)
(-0.718593 -0.0791598 0)
(-0.713199 -0.360132 0)
(-0.528546 -0.484045 0)
(-0.430997 -0.552544 0)
(-0.416003 -0.469911 0)
(-0.420159 -0.401982 0)
(-0.369919 -0.441555 0)
(-0.234714 -0.443557 0)
(-0.07704 -0.252137 0)
(0.0147119 0.0960411 0)
(0.0155128 0.0887315 0)
(-0.0161324 0.0792909 0)
(-0.0544479 0.0739494 0)
(-0.0882172 0.0710658 0)
(-0.116546 0.0673277 0)
(-0.139909 0.0612206 0)
(-0.159053 0.0534728 0)
(-0.174336 0.0447726 0)
(-0.185598 0.035074 0)
(-0.193228 0.024921 0)
(-0.198034 0.0152611 0)
(-0.200817 0.00621023 0)
(-0.20156 -0.00336225 0)
(-0.1993 -0.0139682 0)
(-0.193858 -0.023959 0)
(-0.186776 -0.0325134 0)
(-0.179598 -0.0423264 0)
(-0.173221 -0.0567955 0)
(-0.168723 -0.0781906 0)
(-0.168298 -0.10783 0)
(-0.191959 -0.146538 0)
(-0.263135 -0.166318 0)
(-0.0140318 0.108447 0)
(-0.0102019 0.112257 0)
(-0.0424643 0.112697 0)
(-0.0806922 0.104926 0)
(-0.112637 0.0960124 0)
(-0.136818 0.0864614 0)
(-0.156188 0.0754498 0)
(-0.173036 0.0638662 0)
(-0.185202 0.0521873 0)
(-0.192552 0.0404631 0)
(-0.196981 0.0288657 0)
(-0.200027 0.0181701 0)
(-0.20224 0.00799305 0)
(-0.20262 -0.00380211 0)
(-0.199436 -0.0178958 0)
(-0.193074 -0.0304275 0)
(-0.186418 -0.0390078 0)
(-0.181187 -0.047607 0)
(-0.177955 -0.0592536 0)
(-0.178412 -0.0737007 0)
(-0.186692 -0.0894078 0)
(-0.213629 -0.106036 0)
(-0.264508 -0.112742 0)
(-0.0097492 0.145396 0)
(-0.0131124 0.157757 0)
(-0.0453998 0.159325 0)
(-0.0721625 0.138526 0)
(-0.101038 0.116421 0)
(-0.125392 0.0989762 0)
(-0.147798 0.0846153 0)
(-0.175398 0.0723303 0)
(-0.192744 0.0577928 0)
(-0.200196 0.0434539 0)
(-0.203453 0.0302637 0)
(-0.205048 0.0187894 0)
(-0.204342 0.00786132 0)
(-0.199499 -0.00576512 0)
(-0.191257 -0.0221321 0)
(-0.184143 -0.0352955 0)
(-0.180846 -0.0424783 0)
(-0.178166 -0.0497019 0)
(-0.176097 -0.0587299 0)
(-0.178767 -0.0672427 0)
(-0.190607 -0.0729331 0)
(-0.214912 -0.0750721 0)
(-0.247808 -0.0659775 0)
(-0.00446319 0.14175 0)
(0.0142784 0.167544 0)
(0.0115689 0.21272 0)
(0.00551967 0.223364 0)
(-0.00942319 0.205774 0)
(-0.0299987 0.179519 0)
(-0.0556747 0.163031 0)
(-0.0858681 0.151088 0)
(-0.13889 0.0897634 0)
(-0.171911 0.0504771 0)
(-0.185829 0.0317182 0)
(-0.191456 0.0187751 0)
(-0.19072 0.00685205 0)
(-0.183769 -0.00808559 0)
(-0.176235 -0.0251977 0)
(-0.178418 -0.0372051 0)
(-0.190605 -0.0420651 0)
(-0.187667 -0.0525259 0)
(-0.181336 -0.0596855 0)
(-0.184101 -0.0631 0)
(-0.201828 -0.0630309 0)
(-0.235917 -0.0586745 0)
(-0.274105 -0.0471759 0)
(-0.000945425 0.118919 0)
(0.00968544 0.14325 0)
(0.0220102 0.168646 0)
(0.0344357 0.176953 0)
(0.0389123 0.171278 0)
(0.0354006 0.161392 0)
(0.0273948 0.157286 0)
(0.0205159 0.158511 0)
(0.00627524 0.140477 0)
(-0.0176247 0.101862 0)
(-0.0447689 0.0603392 0)
(-0.0699533 0.0283178 0)
(-0.091934 0.000280453 0)
(-0.112322 -0.0251213 0)
(-0.133835 -0.0405313 0)
(-0.154975 -0.0341197 0)
(-0.171378 -0.0311129 0)
(-0.177406 -0.0598669 0)
(-0.177985 -0.0604171 0)
(-0.185952 -0.0570941 0)
(-0.212456 -0.0479911 0)
(-0.295663 -0.0368092 0)
(-0.361835 -0.0165755 0)
(-0.000163217 0.121169 0)
(0.00686655 0.133905 0)
(0.0213199 0.149334 0)
(0.0391108 0.157416 0)
(0.0533091 0.158464 0)
(0.0615522 0.156245 0)
(0.0655837 0.154599 0)
(0.0690089 0.152079 0)
(0.0683236 0.13857 0)
(0.0573193 0.11289 0)
(0.036974 0.0838896 0)
(0.0117562 0.0586159 0)
(-0.015688 0.0377455 0)
(-0.0464844 0.0211741 0)
(-0.0804818 0.0093966 0)
(-0.113147 0.00185317 0)
(-0.145717 -0.0147989 0)
(-0.184375 -0.0481756 0)
(-0.232037 -0.0476318 0)
(-0.290954 -0.00376441 0)
(-0.372791 0.0802497 0)
(-0.491602 0.162734 0)
(-0.540772 0.0576174 0)
(0.00235088 0.115519 0)
(0.0104321 0.125191 0)
(0.0234943 0.136128 0)
(0.0397466 0.144124 0)
(0.0551589 0.148151 0)
(0.0675163 0.149449 0)
(0.0769128 0.149468 0)
(0.0846655 0.147173 0)
(0.0893175 0.138283 0)
(0.0867496 0.122251 0)
(0.0751444 0.10274 0)
(0.0558785 0.0836497 0)
(0.030845 0.0668588 0)
(0.000624102 0.0532418 0)
(-0.0337265 0.0440915 0)
(-0.0699841 0.0378322 0)
(-0.110688 0.0290515 0)
(-0.163231 0.0213307 0)
(-0.230252 0.0331026 0)
(-0.307697 0.0721285 0)
(-0.393193 0.137032 0)
(-0.501194 0.210641 0)
(-0.635219 0.240678 0)
(0.00439199 0.106712 0)
(0.0129522 0.114479 0)
(0.0246287 0.122217 0)
(0.0385022 0.129219 0)
(0.0525539 0.134366 0)
(0.0653506 0.137782 0)
(0.0764353 0.139796 0)
(0.0858768 0.139733 0)
(0.0926541 0.135638 0)
(0.0942651 0.126898 0)
(0.0887592 0.115139 0)
(0.0759466 0.102813 0)
(0.0565889 0.0917937 0)
(0.0313835 0.0833473 0)
(0.0011114 0.0784176 0)
(-0.0336264 0.0765679 0)
(-0.0750526 0.0766863 0)
(-0.127969 0.0833721 0)
(-0.193614 0.107973 0)
(-0.268011 0.157262 0)
(-0.345768 0.227755 0)
(-0.42862 0.294896 0)
(-0.520566 0.291322 0)
(0.00473494 0.0982064 0)
(0.0130249 0.104109 0)
(0.0234717 0.109876 0)
(0.0353745 0.115854 0)
(0.0477442 0.121177 0)
(0.0597133 0.125609 0)
(0.0707612 0.129034 0)
(0.0805045 0.130959 0)
(0.0880559 0.130444 0)
(0.0918158 0.127118 0)
(0.090285 0.121791 0)
(0.0827955 0.11596 0)
(0.0693818 0.111093 0)
(0.0503289 0.108403 0)
(0.0259605 0.108834 0)
(-0.003763 0.112936 0)
(-0.0402705 0.12167 0)
(-0.085812 0.139232 0)
(-0.140219 0.17312 0)
(-0.199849 0.22824 0)
(-0.25934 0.301346 0)
(-0.316083 0.369157 0)
(-0.37364 0.36655 0)
(0.00416447 0.0901375 0)
(0.0116812 0.0946898 0)
(0.0208557 0.0993039 0)
(0.0311017 0.104487 0)
(0.0418896 0.109625 0)
(0.052671 0.114446 0)
(0.0629948 0.118734 0)
(0.0723941 0.122144 0)
(0.080131 0.124219 0)
(0.0851188 0.124808 0)
(0.0862708 0.124391 0)
(0.0828848 0.123915 0)
(0.0746849 0.12447 0)
(0.0616423 0.127124 0)
(0.0437924 0.132895 0)
(0.0209722 0.142846 0)
(-0.0075084 0.158644 0)
(-0.0423035 0.183722 0)
(-0.0823557 0.222905 0)
(-0.124327 0.279176 0)
(-0.163557 0.34946 0)
(-0.198169 0.416242 0)
(-0.2343 0.432754 0)
(0.00321211 0.0833045 0)
(0.00969256 0.086452 0)
(0.0175993 0.0901815 0)
(0.0264084 0.0946814 0)
(0.0357911 0.0994928 0)
(0.0453713 0.104391 0)
(0.0547869 0.109186 0)
(0.0636183 0.113655 0)
(0.0712867 0.117581 0)
(0.0770339 0.120946 0)
(0.080085 0.124091 0)
(0.0798514 0.127676 0)
(0.0759938 0.132535 0)
(0.0683633 0.139594 0)
(0.0569026 0.149869 0)
(0.0415283 0.164564 0)
(0.0220858 0.185387 0)
(-0.0012267 0.214954 0)
(-0.0269843 0.256342 0)
(-0.0522711 0.311159 0)
(-0.0733526 0.376756 0)
(-0.0893758 0.441332 0)
(-0.105966 0.476548 0)
(0.00220232 0.0779829 0)
(0.00758027 0.0795126 0)
(0.0142796 0.082369 0)
(0.0218262 0.0861949 0)
(0.0299847 0.0905889 0)
(0.0384732 0.0953723 0)
(0.0470071 0.100403 0)
(0.0552484 0.105551 0)
(0.0627625 0.110726 0)
(0.0690202 0.115983 0)
(0.0734817 0.121601 0)
(0.0757073 0.128079 0)
(0.0754113 0.136084 0)
(0.0724539 0.146413 0)
(0.0668066 0.159997 0)
(0.0585253 0.177975 0)
(0.0478023 0.201823 0)
(0.0352553 0.233445 0)
(0.0223866 0.274772 0)
(0.0116671 0.326594 0)
(0.00614219 0.38682 0)
(0.00648682 0.447861 0)
(0.00996856 0.493372 0)
(0.00133485 0.0740535 0)
(0.00567423 0.0738288 0)
(0.0112732 0.0757532 0)
(0.0177136 0.0788713 0)
(0.0248137 0.082769 0)
(0.0323487 0.0872902 0)
(0.0400975 0.0923322 0)
(0.0478029 0.0978236 0)
(0.0551513 0.103748 0)
(0.061781 0.110193 0)
(0.0673302 0.117403 0)
(0.0715012 0.125779 0)
(0.0741031 0.135866 0)
(0.0750646 0.148335 0)
(0.0744359 0.163994 0)
(0.0724039 0.183815 0)
(0.069366 0.208968 0)
(0.0661176 0.240782 0)
(0.0640921 0.280413 0)
(0.0653606 0.328122 0)
(0.0724194 0.382217 0)
(0.0860336 0.437583 0)
(0.105349 0.484075 0)
(0.000693084 0.0712723 0)
(0.00413515 0.0692563 0)
(0.00877989 0.0701912 0)
(0.0142703 0.0725571 0)
(0.0204657 0.0758863 0)
(0.0271841 0.0800218 0)
(0.034257 0.0848827 0)
(0.0414983 0.0904325 0)
(0.0486926 0.0966908 0)
(0.0556034 0.103761 0)
(0.0620034 0.111855 0)
(0.0677158 0.121305 0)
(0.0726466 0.132556 0)
(0.0768068 0.146163 0)
(0.0803287 0.16279 0)
(0.0834951 0.183214 0)
(0.0868051 0.208311 0)
(0.0910918 0.23896 0)
(0.0976461 0.27579 0)
(0.108177 0.318705 0)
(0.124685 0.366232 0)
(0.148087 0.414629 0)
(0.178433 0.457068 0)
(0.000287623 0.0693444 0)
(0.00301338 0.0655943 0)
(0.00687077 0.0655159 0)
(0.0115711 0.0670972 0)
(0.017007 0.0697979 0)
(0.0230352 0.0734444 0)
(0.0295338 0.0779624 0)
(0.0363772 0.0833318 0)
(0.0434281 0.0895868 0)
(0.0505444 0.0968297 0)
(0.0576005 0.105245 0)
(0.064515 0.115105 0)
(0.0712769 0.126771 0)
(0.077969 0.140686 0)
(0.0847873 0.157376 0)
(0.0920698 0.177432 0)
(0.100345 0.201473 0)
(0.110404 0.230044 0)
(0.123359 0.263419 0)
(0.140587 0.301274 0)
(0.163624 0.342271 0)
(0.19341 0.383513 0)
(0.230359 0.4202 0)
(9.13273e-05 0.0679783 0)
(0.00229683 0.0626249 0)
(0.00553773 0.0615524 0)
(0.00960466 0.0623406 0)
(0.0144164 0.0643717 0)
(0.0198679 0.0674481 0)
(0.0258799 0.071492 0)
(0.0323779 0.0764866 0)
(0.0392865 0.0824678 0)
(0.0465351 0.0895279 0)
(0.0540735 0.0978224 0)
(0.0618922 0.107572 0)
(0.0700437 0.119063 0)
(0.0786631 0.132642 0)
(0.0879861 0.148707 0)
(0.0983703 0.167687 0)
(0.110327 0.189996 0)
(0.124562 0.215942 0)
(0.141998 0.245566 0)
(0.163715 0.278418 0)
(0.190849 0.313282 0)
(0.224198 0.34785 0)
(0.264387 0.378699 0)
(6.33543e-05 0.0669109 0)
(0.00193875 0.0601417 0)
(0.00472679 0.058134 0)
(0.0083049 0.0581467 0)
(0.0126141 0.0594893 0)
(0.017588 0.0619387 0)
(0.0231863 0.065408 0)
(0.0293771 0.0698765 0)
(0.0361338 0.0753737 0)
(0.0434397 0.0819771 0)
(0.0512996 0.0898133 0)
(0.0597555 0.0990575 0)
(0.068904 0.109931 0)
(0.0789131 0.122696 0)
(0.0900358 0.137643 0)
(0.102624 0.155071 0)
(0.117143 0.17524 0)
(0.134195 0.198293 0)
(0.154522 0.224133 0)
(0.178937 0.252258 0)
(0.208249 0.28158 0)
(0.243049 0.310241 0)
(0.284006 0.335737 0)
(0.000159516 0.065918 0)
(0.00187356 0.0579657 0)
(0.00435558 0.0551124 0)
(0.00757113 0.0543909 0)
(0.0114838 0.0550478 0)
(0.0160646 0.0568374 0)
(0.0213079 0.059662 0)
(0.0272174 0.0634933 0)
(0.0338042 0.0683507 0)
(0.0410914 0.0742946 0)
(0.0491232 0.0814243 0)
(0.0579767 0.0898746 0)
(0.0677762 0.0998124 0)
(0.078706 0.11143 0)
(0.0910197 0.124933 0)
(0.105046 0.140519 0)
(0.121194 0.15834 0)
(0.139958 0.178434 0)
(0.161911 0.200632 0)
(0.187643 0.224438 0)
(0.217695 0.248904 0)
(0.252451 0.27253 0)
(0.292521 0.293443 0)
(0.000339641 0.0648247 0)
(0.00202594 0.0559496 0)
(0.00432415 0.0523626 0)
(0.00728273 0.0509663 0)
(0.0108884 0.0509598 0)
(0.0151468 0.0520794 0)
(0.020082 0.0542177 0)
(0.0257265 0.0573379 0)
(0.03212 0.061448 0)
(0.0393145 0.0665915 0)
(0.0473812 0.0728425 0)
(0.0564197 0.0803013 0)
(0.0665693 0.08909 0)
(0.0780184 0.0993453 0)
(0.0910099 0.111208 0)
(0.105841 0.124803 0)
(0.122862 0.140211 0)
(0.142466 0.157412 0)
(0.165082 0.176216 0)
(0.191112 0.196171 0)
(0.220881 0.216482 0)
(0.254595 0.235949 0)
(0.292763 0.253154 0)
(0.000566428 0.0635152 0)
(0.00231757 0.0539783 0)
(0.00452564 0.0497827 0)
(0.00731201 0.0477845 0)
(0.0106845 0.0471524 0)
(0.0146784 0.0476117 0)
(0.0193427 0.049048 0)
(0.0247317 0.0514167 0)
(0.0309063 0.0547149 0)
(0.0379388 0.0589702 0)
(0.0459177 0.0642346 0)
(0.0549558 0.0705794 0)
(0.0651982 0.0780908 0)
(0.0768292 0.0868633 0)
(0.0900749 0.09699 0)
(0.105199 0.108548 0)
(0.122494 0.121576 0)
(0.142271 0.136029 0)
(0.164834 0.151733 0)
(0.190437 0.168309 0)
(0.219239 0.185118 0)
(0.251295 0.201233 0)
(0.287015 0.215592 0)
(0.000803653 0.0619323 0)
(0.00267382 0.0519701 0)
(0.00485755 0.0472942 0)
(0.00753621 0.0447744 0)
(0.0107341 0.0435664 0)
(0.0145099 0.0433918 0)
(0.018932 0.0441328 0)
(0.0240706 0.0457387 0)
(0.0300011 0.0481971 0)
(0.0368089 0.0515215 0)
(0.0445931 0.0557448 0)
(0.0534724 0.0609145 0)
(0.0635919 0.0670888 0)
(0.0751269 0.0743308 0)
(0.0882835 0.0827013 0)
(0.103293 0.0922484 0)
(0.120399 0.10299 0)
(0.139842 0.114886 0)
(0.161834 0.127796 0)
(0.186512 0.141433 0)
(0.213913 0.155319 0)
(0.243974 0.168773 0)
(0.27702 0.181043 0)
(0.00102207 0.060067 0)
(0.00303135 0.0498782 0)
(0.0052313 0.0448426 0)
(0.00784719 0.0418823 0)
(0.0109141 0.0401553 0)
(0.0145075 0.0393863 0)
(0.0187089 0.0394573 0)
(0.0235989 0.0403139 0)
(0.029262 0.0419356 0)
(0.0357908 0.0443239 0)
(0.0432893 0.0474955 0)
(0.0518778 0.0514785 0)
(0.061697 0.0563093 0)
(0.0729108 0.0620284 0)
(0.0857051 0.0686761 0)
(0.100282 0.076286 0)
(0.116844 0.0848735 0)
(0.135577 0.0944169 0)
(0.156626 0.104828 0)
(0.180045 0.115919 0)
(0.205785 0.12737 0)
(0.233702 0.138728 0)
(0.264054 0.149514 0)
(0.00120453 0.0579473 0)
(0.00334388 0.0476859 0)
(0.00557823 0.0423955 0)
(0.00815814 0.0390712 0)
(0.0111236 0.0368852 0)
(0.0145597 0.0355704 0)
(0.0185554 0.0350116 0)
(0.0231965 0.0351524 0)
(0.0285716 0.035966 0)
(0.0347756 0.0374436 0)
(0.0419134 0.0395882 0)
(0.0501031 0.042412 0)
(0.059479 0.0459341 0)
(0.0701924 0.0501792 0)
(0.0824104 0.0551756 0)
(0.096309 0.0609527 0)
(0.112059 0.0675351 0)
(0.129807 0.0749317 0)
(0.14965 0.0831153 0)
(0.171588 0.0919981 0)
(0.19552 0.101413 0)
(0.221255 0.111111 0)
(0.249009 0.120857 0)
(0.00134197 0.0556243 0)
(0.00358318 0.0454009 0)
(0.00585171 0.0399404 0)
(0.00840651 0.03632 0)
(0.011287 0.0337342 0)
(0.0145814 0.0319278 0)
(0.0183804 0.0307901 0)
(0.0227704 0.0302641 0)
(0.0278396 0.0303182 0)
(0.0336817 0.0309347 0)
(0.0403987 0.0321049 0)
(0.048104 0.0338275 0)
(0.0569236 0.0361079 0)
(0.0669966 0.038959 0)
(0.0784734 0.0424027 0)
(0.0915085 0.046471 0)
(0.106248 0.051205 0)
(0.12281 0.0566504 0)
(0.141261 0.062845 0)
(0.161573 0.0698012 0)
(0.183619 0.0774924 0)
(0.207189 0.0858538 0)
(0.232484 0.0948623 0)
(0.00143374 0.0531585 0)
(0.00373698 0.0430479 0)
(0.00602598 0.0374807 0)
(0.00855375 0.0336208 0)
(0.0113547 0.0306912 0)
(0.0145143 0.0284499 0)
(0.0181201 0.0267912 0)
(0.0222553 0.0256588 0)
(0.0270041 0.0250168 0)
(0.0324553 0.02484 0)
(0.0387054 0.0251095 0)
(0.0458607 0.0258124 0)
(0.054038 0.0269424 0)
(0.0633645 0.0285036 0)
(0.0739755 0.0305138 0)
(0.0860086 0.0330108 0)
(0.099591 0.0360557 0)
(0.114823 0.0397332 0)
(0.131755 0.0441461 0)
(0.150346 0.0494031 0)
(0.170467 0.0556077 0)
(0.191912 0.0628574 0)
(0.214891 0.0713067 0)
(0.00148345 0.050612 0)
(0.00380496 0.0406602 0)
(0.00609271 0.0350303 0)
(0.00858253 0.0309767 0)
(0.0113006 0.0277545 0)
(0.0143252 0.0251345 0)
(0.0177371 0.0230169 0)
(0.0216129 0.0213455 0)
(0.0260296 0.020081 0)
(0.0310689 0.0191915 0)
(0.0368193 0.0186493 0)
(0.0433779 0.0184309 0)
(0.0508512 0.0185202 0)
(0.0593544 0.018913 0)
(0.0690097 0.0196248 0)
(0.0799408 0.0206991 0)
(0.0922617 0.0222163 0)
(0.106062 0.0242992 0)
(0.121387 0.0271119 0)
(0.138197 0.0308526 0)
(0.156378 0.0357432 0)
(0.175745 0.0420236 0)
(0.196531 0.0499944 0)
(0.00149398 0.0480424 0)
(0.0037951 0.0382735 0)
(0.00605679 0.0326095 0)
(0.00849238 0.0283985 0)
(0.0111182 0.0249292 0)
(0.0140025 0.0219851 0)
(0.0172166 0.0194714 0)
(0.0208279 0.017332 0)
(0.0249044 0.0155246 0)
(0.0295185 0.0140111 0)
(0.0347488 0.0127557 0)
(0.0406816 0.0117259 0)
(0.0474118 0.0108963 0)
(0.0550426 0.0102553 0)
(0.0636836 0.00981547 0)
(0.0734462 0.00962444 0)
(0.0844353 0.00977863 0)
(0.0967361 0.0104339 0)
(0.110395 0.0118094 0)
(0.125389 0.0141837 0)
(0.141627 0.0178834 0)
(0.158961 0.0232721 0)
(0.177657 0.0307692 0)
(0.00147143 0.0455011 0)
(0.00372132 0.0359217 0)
(0.00593207 0.0302407 0)
(0.0082945 0.0259011 0)
(0.0108149 0.0222252 0)
(0.0135502 0.0190084 0)
(0.0165607 0.0161602 0)
(0.0199033 0.0136243 0)
(0.0236355 0.0113554 0)
(0.0278188 0.00930992 0)
(0.0325206 0.007445 0)
(0.0378155 0.00571982 0)
(0.0437855 0.00410043 0)
(0.0505209 0.00256818 0)
(0.0581183 0.00113096 0)
(0.0666782 -0.000161891 0)
(0.0762974 -0.00120278 0)
(0.0870598 -0.0018104 0)
(0.0990208 -0.00172033 0)
(0.112178 -0.000585786 0)
(0.126476 0.00201106 0)
(0.141816 0.00653961 0)
(0.158501 0.0135156 0)
(0.00142528 0.0430282 0)
(0.00360034 0.0336336 0)
(0.00573653 0.0279467 0)
(0.00800596 0.023502 0)
(0.0104058 0.0196552 0)
(0.0129819 0.016213 0)
(0.015783 0.0130885 0)
(0.0188545 0.0102253 0)
(0.0222427 0.00757512 0)
(0.0259976 0.00508968 0)
(0.0301746 0.00271959 0)
(0.0348355 0.000416795 0)
(0.0400489 -0.00186037 0)
(0.045891 -0.00413796 0)
(0.0524449 -0.00641385 0)
(0.0597993 -0.00864054 0)
(0.0680436 -0.0107052 0)
(0.0772611 -0.0124099 0)
(0.0875173 -0.0134573 0)
(0.0988351 -0.0134474 0)
(0.111202 -0.0118877 0)
(0.124573 -0.00822007 0)
(0.139296 -0.00184598 0)
(0.00136932 0.0406496 0)
(0.00344835 0.0314337 0)
(0.00548683 0.0257494 0)
(0.00764321 0.0212191 0)
(0.00990729 0.0172322 0)
(0.0123146 0.0136068 0)
(0.014902 0.0102594 0)
(0.0177034 0.00713394 0)
(0.0207534 0.00417925 0)
(0.0240904 0.00134258 0)
(0.0277575 -0.00143083 0)
(0.0318033 -0.00419554 0)
(0.0362824 -0.00700023 0)
(0.0412565 -0.0098784 0)
(0.0467944 -0.0128347 0)
(0.0529717 -0.0158265 0)
(0.059869 -0.0187419 0)
(0.0675678 -0.0213757 0)
(0.0761435 -0.0234111 0)
(0.0856442 -0.0244112 0)
(0.0960999 -0.0238281 0)
(0.107523 -0.0210329 0)
(0.120306 -0.0153567 0)
(0.00131319 0.0383803 0)
(0.00327391 0.0293451 0)
(0.00519166 0.023671 0)
(0.00721597 0.0190704 0)
(0.00933117 0.0149684 0)
(0.0115627 0.0111955 0)
(0.0139359 0.0076729 0)
(0.016473 0.00434455 0)
(0.0191968 0.00115641 0)
(0.0221344 -0.00194804 0)
(0.0253168 -0.00502857 0)
(0.0287796 -0.00814538 0)
(0.0325639 -0.0113534 0)
(0.0367163 -0.0146928 0)
(0.0412907 -0.0181757 0)
(0.0463486 -0.0217668 0)
(0.0519594 -0.0253601 0)
(0.0582001 -0.0287529 0)
(0.0651521 -0.0316223 0)
(0.0728857 -0.0335121 0)
(0.0814705 -0.0338384 0)
(0.0909765 -0.0319201 0)
(0.101833 -0.0270313 0)
(0.00125433 0.0362271 0)
(0.00307126 0.0273901 0)
(0.00484619 0.0217327 0)
(0.00672266 0.017071 0)
(0.00868039 0.0128718 0)
(0.0107345 0.00898065 0)
(0.0128986 0.00532407 0)
(0.015183 0.00184558 0)
(0.0175992 -0.00151155 0)
(0.0201633 -0.00480776 0)
(0.0228953 -0.00810745 0)
(0.0258189 -0.0114756 0)
(0.028962 -0.0149719 0)
(0.0323574 -0.0186426 0)
(0.0360435 -0.0225065 0)
(0.0400667 -0.0265372 0)
(0.044483 -0.0306392 0)
(0.0493606 -0.03462 0)
(0.0547814 -0.0381636 0)
(0.0608315 -0.0408122 0)
(0.0676137 -0.0419659 0)
(0.0752502 -0.0409113 0)
(0.0842043 -0.0368788 0)
(0.00117269 0.0342094 0)
(0.00281695 0.0255931 0)
(0.00443008 0.019952 0)
(0.00614902 0.0152299 0)
(0.00794829 0.0109437 0)
(0.00983124 0.00695701 0)
(0.0117984 0.00320151 0)
(0.013848 -0.000380776 0)
(0.0159811 -0.00384983 0)
(0.0182041 -0.0072705 0)
(0.0205273 -0.0107113 0)
(0.0229642 -0.014241 0)
(0.0255314 -0.0179228 0)
(0.0282486 -0.0218072 0)
(0.0311403 -0.025919 0)
(0.0342371 -0.0302408 0)
(0.0375795 -0.0346901 0)
(0.041223 -0.0390907 0)
(0.0452437 -0.0431443 0)
(0.049734 -0.0464079 0)
(0.0548199 -0.0482863 0)
(0.060667 -0.0480552 0)
(0.0677659 -0.0449189 0)
(0.00103408 0.032381 0)
(0.00247417 0.0239826 0)
(0.00391092 0.0183416 0)
(0.0054712 0.0135477 0)
(0.00712099 0.0091768 0)
(0.00884797 0.00511155 0)
(0.0106376 0.00128677 0)
(0.012476 -0.00235878 0)
(0.0143555 -0.00589002 0)
(0.0162744 -0.00937676 0)
(0.0182354 -0.0128914 0)
(0.0202441 -0.0165052 0)
(0.0223081 -0.0202838 0)
(0.0244365 -0.0242801 0)
(0.0266408 -0.0285234 0)
(0.0289371 -0.0330045 0)
(0.0313501 -0.0376536 0)
(0.0339195 -0.0423143 0)
(0.0367089 -0.0467138 0)
(0.0398075 -0.0504375 0)
(0.0433512 -0.052915 0)
(0.0475352 -0.053435 0)
(0.0528672 -0.051198 0)
(0.000798558 0.030828 0)
(0.00200222 0.0225904 0)
(0.00325178 0.016907 0)
(0.00466152 0.0120152 0)
(0.00618189 0.00755404 0)
(0.00777709 0.00342306 0)
(0.00941474 -0.000444895 0)
(0.01107 -0.00411772 0)
(0.012728 -0.00766773 0)
(0.0143818 -0.0111706 0)
(0.0160293 -0.0147023 0)
(0.0176709 -0.0183361 0)
(0.0193077 -0.0221386 0)
(0.0209408 -0.0261634 0)
(0.0225717 -0.0304426 0)
(0.0242042 -0.0349723 0)
(0.0258481 -0.0396945 0)
(0.0275269 -0.0444721 0)
(0.0292872 -0.0490617 0)
(0.0312055 -0.053087 0)
(0.0334137 -0.0560195 0)
(0.0361188 -0.057185 0)
(0.0398292 -0.0558074 0)
(0.000431555 0.0296604 0)
(0.00135811 0.0214497 0)
(0.00241553 0.0156451 0)
(0.00369478 0.0106121 0)
(0.00511736 0.00604886 0)
(0.00661284 0.0018633 0)
(0.00812833 -0.00202238 0)
(0.0096297 -0.00568879 0)
(0.0110982 -0.00921898 0)
(0.0125249 -0.0126956 0)
(0.0139061 -0.0161983 0)
(0.0152398 -0.0198017 0)
(0.0165236 -0.023572 0)
(0.0177538 -0.0275622 0)
(0.0189251 -0.0318043 0)
(0.0200323 -0.0362977 0)
(0.0210737 -0.0409924 0)
(0.0220578 -0.0457688 0)
(0.0230129 -0.0504125 0)
(0.0239969 -0.0545894 0)
(0.025125 -0.0578251 0)
(0.026597 -0.059503 0)
(0.0289 -0.0588993 0)
(-0.000104686 0.0290665 0)
(0.000494935 0.0205875 0)
(0.0013679 0.0145398 0)
(0.00255437 0.00930403 0)
(0.00392372 0.00462399 0)
(0.00535755 0.000398228 0)
(0.00678127 -0.0034763 0)
(0.00815542 -0.00710223 0)
(0.00946191 -0.0105774 0)
(0.010694 -0.0139926 0)
(0.01185 -0.0174309 0)
(0.0129287 -0.0209672 0)
(0.0139273 -0.0246662 0)
(0.0148402 -0.0285784 0)
(0.0156587 -0.032734 0)
(0.0163728 -0.0371327 0)
(0.0169728 -0.0417301 0)
(0.0174559 -0.0464197 0)
(0.0178345 -0.0510125 0)
(0.0181467 -0.0552152 0)
(0.0184838 -0.0586107 0)
(0.0190211 -0.060654 0)
(0.0202001 -0.0606984 0)
(-0.000911071 0.029288 0)
(-0.000658569 0.0200588 0)
(8.88785e-05 0.013559 0)
(0.0012424 0.00803283 0)
(0.0026169 0.00322421 0)
(0.0040299 -0.00101541 0)
(0.00538697 -0.00484038 0)
(0.00665126 -0.00838799 0)
(0.00781266 -0.0117747 0)
(0.00887216 -0.0150996 0)
(0.00983373 -0.018448 0)
(0.0107001 -0.0218935 0)
(0.0114705 -0.0254976 0)
(0.0121401 -0.029307 0)
(0.0127 -0.0333487 0)
(0.0131379 -0.0376211 0)
(0.0134409 -0.0420824 0)
(0.0135994 -0.0466354 0)
(0.0136153 -0.0511106 0)
(0.0135102 -0.0552492 0)
(0.0133508 -0.0586882 0)
(0.0132776 -0.0609574 0)
(0.0136664 -0.0615019 0)
(-0.00207744 0.0305355 0)
(-0.00219422 0.0198773 0)
(-0.00143538 0.0126253 0)
(-0.000207253 0.00670462 0)
(0.00124967 0.00177696 0)
(0.00267809 -0.00242107 0)
(0.00397728 -0.00613984 0)
(0.0051296 -0.00956456 0)
(0.00614441 -0.0128309 0)
(0.0070367 -0.0160434 0)
(0.00781975 -0.0192865 0)
(0.00850227 -0.0226299 0)
(0.00908726 -0.02613 0)
(0.00957204 -0.0298288 0)
(0.00994885 -0.0337492 0)
(0.0102063 -0.0378872 0)
(0.0103312 -0.0422018 0)
(0.0103125 -0.0466015 0)
(0.0101468 -0.0509309 0)
(0.00984529 -0.0549584 0)
(0.00945392 -0.0583663 0)
(0.00907771 -0.0607522 0)
(0.00901446 -0.0616533 0)
(-0.00368325 0.0332754 0)
(-0.00414531 0.019955 0)
(-0.00307178 0.011595 0)
(-0.00163181 0.00524342 0)
(-3.06085e-05 0.000296451 0)
(0.00141281 -0.003752 0)
(0.00261774 -0.00728929 0)
(0.00361693 -0.0105478 0)
(0.00445319 -0.0136728 0)
(0.00516013 -0.016766 0)
(0.00576122 -0.0199054 0)
(0.00627086 -0.0231533 0)
(0.00669536 -0.0265596 0)
(0.00703423 -0.0301607 0)
(0.00728183 -0.0339751 0)
(0.00742906 -0.0379961 0)
(0.00746508 -0.0421819 0)
(0.00737996 -0.046445 0)
(0.0071692 -0.0506404 0)
(0.00683886 -0.0545564 0)
(0.00642011 -0.0579095 0)
(0.00598659 -0.0603512 0)
(0.00575463 -0.061496 0)
(-0.00552241 0.0374248 0)
(-0.00582452 0.0199683 0)
(-0.00408111 0.0103371 0)
(-0.00245286 0.00382624 0)
(-0.000839478 -0.000890216 0)
(0.000451513 -0.00464622 0)
(0.00141261 -0.00794572 0)
(0.00214609 -0.0110296 0)
(0.00272713 -0.0140295 0)
(0.00320039 -0.017032 0)
(0.00359273 -0.0201024 0)
(0.00391929 -0.0232935 0)
(0.00418672 -0.0266481 0)
(0.00439565 -0.0301971 0)
(0.00454264 -0.0339543 0)
(0.00462167 -0.0379101 0)
(0.00462515 -0.0420223 0)
(0.00454578 -0.046206 0)
(0.00437995 -0.0503235 0)
(0.00413139 -0.0541769 0)
(0.00382028 -0.0575067 0)
(0.00349411 -0.0600025 0)
(0.00329172 -0.061337 0)
(-0.00498072 0.0446313 0)
(-0.00479326 0.019271 0)
(-0.00310797 0.00823917 0)
(-0.00154301 0.00117302 0)
(-0.000660891 -0.00297971 0)
(-1.97668e-05 -0.00623844 0)
(0.000395801 -0.00921684 0)
(0.000684283 -0.0120925 0)
(0.000899959 -0.0149475 0)
(0.00106972 -0.0178395 0)
(0.00120763 -0.0208172 0)
(0.00132093 -0.023924 0)
(0.00141263 -0.0271962 0)
(0.0014832 -0.0306599 0)
(0.00153138 -0.0343259 0)
(0.00155465 -0.0381831 0)
(0.00154955 -0.0421897 0)
(0.00151263 -0.0462626 0)
(0.00144208 -0.0502685 0)
(0.00133928 -0.0540178 0)
(0.00121184 -0.0572655 0)
(0.00107873 -0.0597252 0)
(0.000988858 -0.0611035 0)
(-0.241715 -0.0844727 0)
(-0.194836 -0.0114982 0)
(-0.223799 0.207946 0)
(-0.330086 0.597338 0)
(-0.303384 -0.0884699 0)
(-0.320606 -0.0578911 0)
(-0.30964 0.0129878 0)
(-0.249268 0.145034 0)
(-0.268146 -0.0462382 0)
(-0.274106 -0.0342297 0)
(-0.258961 -0.0249126 0)
(-0.200274 -0.0210139 0)
(-0.300769 -0.0422301 0)
(-0.311242 -0.0524179 0)
(-0.301051 -0.0817333 0)
(-0.26451 -0.119018 0)
(-0.414952 -0.00268021 0)
(-0.451943 -0.049093 0)
(-0.438247 -0.140777 0)
(-0.408449 -0.205425 0)
(-0.609453 0.0910496 0)
(-0.62583 0.0280842 0)
(-0.57035 -0.186834 0)
(-0.546332 -0.27651 0)
(-0.689738 0.157897 0)
(-0.679348 -0.00811693 0)
(-0.654785 -0.203345 0)
(-0.629235 -0.31823 0)
(-0.575343 0.138434 0)
(-0.593004 -0.0429052 0)
(-0.612857 -0.214279 0)
(-0.643896 -0.314475 0)
(-0.433843 0.226058 0)
(-0.487013 0.0590488 0)
(-0.547741 -0.128426 0)
(-0.619217 -0.25493 0)
(-0.289017 0.344662 0)
(-0.350017 0.222591 0)
(-0.434995 0.0421417 0)
(-0.543152 -0.133506 0)
(-0.142198 0.444026 0)
(-0.185954 0.383859 0)
(-0.258424 0.266844 0)
(-0.366633 0.0976483 0)
(-2.63134e-05 0.496452 0)
(-0.0174993 0.481235 0)
(-0.0553899 0.435218 0)
(-0.122788 0.34463 0)
(0.11638 0.502238 0)
(0.118991 0.507994 0)
(0.111431 0.50319 0)
(0.0846449 0.475131 0)
(0.201668 0.4792 0)
(0.216369 0.4925 0)
(0.226719 0.505185 0)
(0.228734 0.512134 0)
(0.259449 0.441564 0)
(0.279247 0.456578 0)
(0.2983 0.474168 0)
(0.314345 0.4942 0)
(0.29573 0.397638 0)
(0.317442 0.411862 0)
(0.339715 0.429602 0)
(0.362064 0.451861 0)
(0.315472 0.351712 0)
(0.337414 0.364018 0)
(0.360291 0.379766 0)
(0.384331 0.39996 0)
(0.322766 0.306596 0)
(0.34384 0.316805 0)
(0.365844 0.329951 0)
(0.389125 0.346705 0)
(0.320999 0.264022 0)
(0.340583 0.272431 0)
(0.360902 0.283242 0)
(0.382272 0.296824 0)
(0.31288 0.224831 0)
(0.330714 0.231934 0)
(0.349038 0.240993 0)
(0.368092 0.2522 0)
(0.300465 0.189257 0)
(0.316533 0.195548 0)
(0.332866 0.203462 0)
(0.34963 0.213101 0)
(0.285205 0.157176 0)
(0.299623 0.163044 0)
(0.314138 0.170309 0)
(0.328846 0.179031 0)
(0.268061 0.128301 0)
(0.281005 0.134017 0)
(0.293934 0.140985 0)
(0.306893 0.149252 0)
(0.249645 0.102289 0)
(0.261301 0.108012 0)
(0.272878 0.114909 0)
(0.284389 0.123014 0)
(0.230351 0.0787965 0)
(0.240885 0.0846 0)
(0.251314 0.0915426 0)
(0.261634 0.0996505 0)
(0.210454 0.057527 0)
(0.219997 0.0634181 0)
(0.22944 0.0704431 0)
(0.23877 0.0786194 0)
(0.190171 0.0382596 0)
(0.198818 0.0441985 0)
(0.207389 0.0512807 0)
(0.215869 0.0595203 0)
(0.169697 0.0208507 0)
(0.177506 0.0267655 0)
(0.185279 0.0338385 0)
(0.192997 0.0420871 0)
(0.149232 0.00521819 0)
(0.156233 0.011019 0)
(0.163248 0.0179915 0)
(0.170254 0.0261621 0)
(0.129006 -0.00867566 0)
(0.135211 -0.00308818 0)
(0.141485 0.00367947 0)
(0.147802 0.0116646 0)
(0.109299 -0.0208393 0)
(0.114709 -0.0155669 0)
(0.120244 -0.00911586 0)
(0.125879 -0.00143631 0)
(0.0904379 -0.0312723 0)
(0.0950519 -0.0264113 0)
(0.0998436 -0.0203891 0)
(0.104794 -0.0131418 0)
(0.0727805 -0.0399827 0)
(0.0766036 -0.0356183 0)
(0.0806516 -0.0301303 0)
(0.0849144 -0.0234399 0)
(0.0566995 -0.0469993 0)
(0.0597489 -0.0432005 0)
(0.063061 -0.0383387 0)
(0.0666393 -0.0323194 0)
(0.0425512 -0.0523853 0)
(0.0448622 -0.0491985 0)
(0.0474615 -0.045034 0)
(0.0503672 -0.0397808 0)
(0.0306304 -0.0562533 0)
(0.0322645 -0.0536951 0)
(0.0341966 -0.050269 0)
(0.036459 -0.0458485 0)
(0.0211122 -0.0587817 0)
(0.0221643 -0.0568332 0)
(0.0235054 -0.0541483 0)
(0.025181 -0.050588 0)
(0.013984 -0.0602252 0)
(0.0145836 -0.058832 0)
(0.0154454 -0.056848 0)
(0.0166241 -0.0541275 0)
(0.00898604 -0.0609015 0)
(0.0092851 -0.0599821 0)
(0.00980678 -0.0586197 0)
(0.0106077 -0.0566703 0)
(0.00560212 -0.0611434 0)
(0.00574312 -0.0606006 0)
(0.00605991 -0.0597544 0)
(0.00660069 -0.0584711 0)
(0.00315831 -0.0612888 0)
(0.00322339 -0.0610314 0)
(0.0034047 -0.0605808 0)
(0.0037429 -0.0598235 0)
(0.000947232 -0.0612089 0)
(0.000968019 -0.0611035 0)
(0.00103273 -0.0608693 0)
(0.00116361 -0.0604275 0)
(-0.164265 0.914109 0)
(0.461755 0.366042 0)
(0.768693 -0.0267908 0)
(0.821728 -0.207788 0)
(0.807357 -0.235584 0)
(0.786708 -0.0588729 0)
(0.74203 0.332574 0)
(0.670153 0.65791 0)
(0.592686 0.793149 0)
(0.412311 0.741452 0)
(-0.262053 0.223534 0)
(-0.559612 -0.347792 0)
(-0.392271 -0.557096 0)
(-0.327283 -0.595044 0)
(-0.375368 -0.466337 0)
(-0.429801 -0.400238 0)
(-0.372194 -0.507766 0)
(-0.233872 -0.556238 0)
(-0.0770255 -0.348102 0)
(0.00423802 0.268018 0)
(0.396873 0.0219157 0)
(0.558883 -0.130703 0)
(0.603193 -0.209058 0)
(0.600855 -0.199948 0)
(0.592724 0.00768031 0)
(0.482826 0.42449 0)
(0.465332 0.737441 0)
(0.448613 0.852733 0)
(0.543701 0.916208 0)
(0.0872329 0.648001 0)
(-0.399044 -0.250998 0)
(-0.282228 -0.573182 0)
(-0.264646 -0.60292 0)
(-0.353923 -0.373875 0)
(-0.440532 -0.347918 0)
(-0.34453 -0.606475 0)
(-0.206573 -0.717183 0)
(-0.0689645 -0.468988 0)
(-0.0263548 -0.0353125 0)
(0.19356 -0.133577 0)
(0.302405 -0.176259 0)
(0.361743 -0.177127 0)
(0.369949 -0.228595 0)
(0.300126 0.184473 0)
(0.177287 0.616118 0)
(0.122845 0.868354 0)
(0.00721182 0.862769 0)
(0.306128 1.03962 0)
(-0.159948 1.00712 0)
(-0.342045 -0.13211 0)
(-0.222045 -0.565956 0)
(-0.269423 -0.561865 0)
(-0.343045 -0.306925 0)
(-0.374218 -0.350033 0)
(-0.282185 -0.69863 0)
(-0.173181 -0.860319 0)
(-0.0474424 -0.579317 0)
(-0.172009 -0.175696 0)
(-0.0650074 -0.235567 0)
(0.0584044 -0.179674 0)
(0.0845294 -0.171532 0)
(-0.157079 -0.371207 0)
(0.129243 0.12708 0)
(-0.00233019 0.686981 0)
(-0.190359 0.86406 0)
(-0.415656 0.954878 0)
(-0.265458 1.18967 0)
(-0.520264 0.979238 0)
(-0.324752 -0.211472 0)
(-0.213721 -0.562365 0)
(-0.306721 -0.500959 0)
(-0.383629 -0.285165 0)
(-0.35996 -0.412357 0)
(-0.274492 -0.742608 0)
(-0.169623 -0.979451 0)
(-0.0350939 -0.673332 0)
(-0.359109 -0.275567 0)
(-0.322154 -0.301152 0)
(-0.279342 -0.168529 0)
(-0.304187 -0.353728 0)
(-0.236121 -0.501788 0)
(-0.231397 0.135605 0)
(-0.222105 0.789055 0)
(-0.487851 0.978858 0)
(-0.929378 1.1597 0)
(-0.905282 1.26484 0)
(-0.65259 0.651564 0)
(-0.260991 -0.335786 0)
(-0.216216 -0.544066 0)
(-0.340409 -0.390099 0)
(-0.464228 -0.269236 0)
(-0.450338 -0.501728 0)
(-0.363279 -0.809453 0)
(-0.152206 -1.08274 0)
(-0.0538848 -0.750014 0)
(-0.524474 -0.331096 0)
(-0.522288 -0.307259 0)
(-0.527883 -0.173219 0)
(-0.472207 -0.259119 0)
(-0.594441 -0.51073 0)
(-0.702309 0.226059 0)
(-0.673613 0.923806 0)
(-0.909733 1.23423 0)
(-1.30109 1.40128 0)
(-0.928879 1.1149 0)
(-0.381103 0.0920953 0)
(-0.157598 -0.455625 0)
(-0.183562 -0.504363 0)
(-0.306007 -0.241445 0)
(-0.537183 -0.185448 0)
(-0.609046 -0.512506 0)
(-0.523554 -0.934135 0)
(-0.160361 -1.29169 0)
(-0.0714503 -0.835864 0)
(-0.623928 -0.344338 0)
(-0.633879 -0.283197 0)
(-0.653792 -0.155901 0)
(-0.690053 -0.18467 0)
(-0.970872 -0.248113 0)
(-1.28792 0.493259 0)
(-1.38553 1.07087 0)
(-1.44198 1.39812 0)
(-1.39081 1.37215 0)
(-0.70106 0.825567 0)
(-0.127647 -0.225014 0)
(-0.0775019 -0.488842 0)
(-0.127263 -0.440186 0)
(-0.224875 -0.0853935 0)
(-0.563061 -0.0116462 0)
(-0.754249 -0.475619 0)
(-0.589151 -1.25704 0)
(-0.277773 -1.589 0)
(-0.0849461 -0.926631 0)
(-0.668001 -0.332059 0)
(-0.686761 -0.252399 0)
(-0.701592 -0.114902 0)
(-0.749431 -0.00432063 0)
(-0.99746 0.14692 0)
(-1.43929 0.76678 0)
(-1.54406 1.08672 0)
(-1.46177 1.20108 0)
(-1.08485 0.809139 0)
(-0.1614 -0.0866841 0)
(-0.0286978 -0.403113 0)
(-0.0302817 -0.478811 0)
(-0.0735479 -0.380366 0)
(-0.114732 0.0552974 0)
(-0.467867 0.326322 0)
(-0.726919 -0.460128 0)
(-0.486113 -1.55252 0)
(-0.364932 -1.78732 0)
(-0.150115 -1.11699 0)
(-0.677261 -0.298361 0)
(-0.70143 -0.227097 0)
(-0.716585 -0.0933455 0)
(-0.727748 0.0335938 0)
(-0.761409 0.153783 0)
(-1.01471 0.876105 0)
(-1.14003 0.953023 0)
(-0.838677 0.805698 0)
(-0.258485 0.339434 0)
(0.00790881 -0.324123 0)
(0.0114218 -0.394475 0)
(-0.000877702 -0.449439 0)
(-0.0357368 -0.344511 0)
(-0.0298246 0.111018 0)
(-0.188167 0.698002 0)
(-0.476915 -0.476157 0)
(-0.348568 -1.66193 0)
(-0.399577 -1.91659 0)
(-0.174608 -1.34283 0)
(-0.666632 -0.239153 0)
(-0.696792 -0.185856 0)
(-0.711291 -0.0614166 0)
(-0.721509 0.0792823 0)
(-0.737762 0.200912 0)
(-0.684555 0.962668 0)
(-0.399659 1.02064 0)
(-0.0780952 0.706002 0)
(0.213496 0.117839 0)
(0.0151404 -0.262733 0)
(0.02374 -0.371493 0)
(0.0104133 -0.423761 0)
(-0.0163189 -0.32641 0)
(-0.0111141 0.0938361 0)
(-0.0562592 0.866702 0)
(-0.302894 -0.199388 0)
(-0.29884 -1.61765 0)
(-0.375597 -2.00591 0)
(-0.156946 -1.60508 0)
(-0.618661 -0.145862 0)
(-0.682227 -0.147035 0)
(-0.692199 -0.0376367 0)
(-0.697264 0.109577 0)
(-0.689599 0.243772 0)
(-0.697711 0.33922 0)
(-0.243837 0.779342 0)
(-0.0215806 0.333835 0)
(0.0130978 -0.0574463 0)
(0.0221226 -0.193086 0)
(0.0302119 -0.341967 0)
(0.0162764 -0.396355 0)
(-0.0278258 -0.305563 0)
(-0.0492603 0.107433 0)
(-0.137006 0.969905 0)
(-0.330553 -0.12421 0)
(-0.421229 -1.52663 0)
(-0.244298 -2.12931 0)
(-0.0952447 -1.85664 0)
(-0.310933 0.123734 0)
(-0.646151 -0.104192 0)
(-0.661132 -0.0121289 0)
(-0.638528 0.1238 0)
(-0.60666 0.234153 0)
(-0.543589 0.292832 0)
(-0.349216 0.257029 0)
(-0.0552348 0.147073 0)
(0.00114102 -0.00640182 0)
(0.0331716 -0.17896 0)
(0.0577111 -0.317692 0)
(0.0367349 -0.395459 0)
(-0.159123 -0.25899 0)
(-0.215728 0.28702 0)
(-0.35908 1.05214 0)
(-0.383615 0.025518 0)
(-0.157175 -1.69784 0)
(-0.0818673 -2.16278 0)
(-0.0325969 -2.00101 0)
(-0.00170704 0.376429 0)
(-0.237187 0.105254 0)
(-0.6256 -0.034475 0)
(-0.566373 0.105363 0)
(-0.485487 0.206028 0)
(-0.388602 0.248407 0)
(-0.255124 0.215196 0)
(-0.110433 0.123721 0)
(-0.0125803 -0.0221894 0)
(0.066847 -0.195463 0)
(0.116126 -0.349977 0)
(0.0351486 -0.305729 0)
(-0.459474 -0.12926 0)
(-0.532342 0.453295 0)
(-0.569008 0.986699 0)
(-0.243491 -0.161086 0)
(0.0199301 -1.81246 0)
(-0.00551671 -2.15765 0)
(-0.00984478 -2.01912 0)
(0.207652 0.499258 0)
(0.0884812 0.387349 0)
(-0.128167 0.16252 0)
(-0.50116 0.0523556 0)
(-0.417379 0.132075 0)
(-0.312241 0.169772 0)
(-0.190955 0.146871 0)
(-0.0694352 0.0506979 0)
(0.0446343 -0.103158 0)
(0.15609 -0.258053 0)
(0.0780537 -0.329622 0)
(-0.240216 0.155335 0)
(-0.574517 0.253726 0)
(-0.785991 0.490324 0)
(-0.536802 0.64678 0)
(-0.0232771 -0.48678 0)
(0.0856091 -1.83253 0)
(0.041743 -2.12291 0)
(0.0023295 -2.02899 0)
(0.333255 0.519825 0)
(0.305615 0.502058 0)
(0.208673 0.414225 0)
(0.0517747 0.221678 0)
(-0.342888 0.0560802 0)
(-0.297023 0.0970072 0)
(-0.140499 0.0617922 0)
(0.0292621 -0.0302602 0)
(0.142514 -0.184752 0)
(-0.0438444 -0.353897 0)
(-0.145497 -0.0567222 0)
(-0.340739 0.293285 0)
(-0.536642 0.420301 0)
(-0.587053 0.464087 0)
(-0.309309 0.215594 0)
(0.113712 -0.800835 0)
(0.113724 -1.81417 0)
(0.0709259 -2.0723 0)
(0.0196765 -2.00165 0)
(0.400939 0.488967 0)
(0.436339 0.512789 0)
(0.439554 0.499658 0)
(0.414579 0.427999 0)
(0.306951 0.22565 0)
(0.224316 -0.112638 0)
(0.161619 -0.293787 0)
(0.149774 -0.365491 0)
(0.124335 -0.247761 0)
(0.0119314 -0.125244 0)
(-0.142158 0.0940206 0)
(-0.279662 0.378208 0)
(-0.360997 0.478897 0)
(-0.302969 0.364013 0)
(-0.0812359 -0.0518336 0)
(0.166076 -0.986144 0)
(0.133313 -1.78277 0)
(0.0862979 -2.01228 0)
(0.0319742 -1.95857 0)
(0.429744 0.435641 0)
(0.491271 0.467819 0)
(0.544251 0.472676 0)
(0.581967 0.436593 0)
(0.579096 0.320781 0)
(0.525372 0.137128 0)
(0.426686 -0.00346014 0)
(0.303761 -0.0798215 0)
(0.187149 -0.0613298 0)
(0.0645976 0.0179954 0)
(-0.0616502 0.2039 0)
(-0.141501 0.420238 0)
(-0.146076 0.458709 0)
(-0.0526823 0.252479 0)
(0.104768 -0.19827 0)
(0.205922 -1.05254 0)
(0.149715 -1.73927 0)
(0.0935345 -1.95285 0)
(0.0393732 -1.90532 0)
(0.433608 0.376991 0)
(0.498258 0.407121 0)
(0.562785 0.414624 0)
(0.618223 0.390134 0)
(0.645406 0.31698 0)
(0.619872 0.202243 0)
(0.534601 0.0898159 0)
(0.411323 0.0246379 0)
(0.283176 0.0385244 0)
(0.160528 0.121823 0)
(0.0573127 0.278427 0)
(0.0152037 0.429584 0)
(0.0485526 0.408986 0)
(0.139288 0.162499 0)
(0.247515 -0.283327 0)
(0.262773 -1.02585 0)
(0.174401 -1.68813 0)
(0.0936084 -1.89891 0)
(0.0412824 -1.84655 0)
(0.422888 0.321632 0)
(0.481565 0.348811 0)
(0.541525 0.359231 0)
(0.594243 0.346246 0)
(0.625661 0.302907 0)
(0.617003 0.234548 0)
(0.559816 0.166273 0)
(0.464009 0.129065 0)
(0.35315 0.144482 0)
(0.248155 0.214869 0)
(0.170513 0.331258 0)
(0.152031 0.419812 0)
(0.196916 0.353847 0)
(0.271253 0.0944867 0)
(0.342922 -0.329739 0)
(0.32544 -0.957777 0)
(0.207771 -1.597 0)
(0.0903145 -1.84314 0)
(0.0370911 -1.78812 0)
(0.403997 0.272842 0)
(0.454526 0.297763 0)
(0.505724 0.31177 0)
(0.550252 0.310326 0)
(0.57817 0.290691 0)
(0.57766 0.257218 0)
(0.541865 0.224621 0)
(0.47478 0.211312 0)
(0.391298 0.231255 0)
(0.311099 0.287713 0)
(0.257142 0.365068 0)
(0.252855 0.401139 0)
(0.295496 0.304201 0)
(0.350831 0.0455637 0)
(0.392474 -0.35177 0)
(0.362273 -0.891815 0)
(0.246252 -1.45929 0)
(0.0964372 -1.76483 0)
(0.0249519 -1.72916 0)
(0.380944 0.230979 0)
(0.423544 0.254771 0)
(0.466044 0.272262 0)
(0.502469 0.280542 0)
(0.525835 0.278763 0)
(0.528866 0.27022 0)
(0.507118 0.263308 0)
(0.462651 0.268595 0)
(0.405072 0.293793 0)
(0.349479 0.338048 0)
(0.315048 0.383757 0)
(0.318094 0.381159 0)
(0.35231 0.265459 0)
(0.388783 0.0146052 0)
(0.405361 -0.354519 0)
(0.364243 -0.828535 0)
(0.267472 -1.32175 0)
(0.104466 -1.67567 0)
(0.00337258 -1.66644 0)
(0.356121 0.1953 0)
(0.391915 0.218979 0)
(0.427065 0.2399 0)
(0.456878 0.256093 0)
(0.47648 0.267419 0)
(0.481398 0.276162 0)
(0.469144 0.287061 0)
(0.441262 0.305578 0)
(0.404296 0.334513 0)
(0.369085 0.369463 0)
(0.349352 0.392409 0)
(0.35492 0.364413 0)
(0.378257 0.23978 0)
(0.396587 0.00107725 0)
(0.391605 -0.339918 0)
(0.337412 -0.763516 0)
(0.253356 -1.20372 0)
(0.110748 -1.5783 0)
(-0.0251436 -1.60246 0)
(0.3308 0.164745 0)
(0.361148 0.188994 0)
(0.390591 0.213161 0)
(0.415501 0.235779 0)
(0.43251 0.256801 0)
(0.438921 0.277599 0)
(0.433523 0.300581 0)
(0.417712 0.327899 0)
(0.396105 0.359001 0)
(0.376105 0.387205 0)
(0.366381 0.395346 0)
(0.371428 0.35306 0)
(0.383393 0.227542 0)
(0.384416 0.00462151 0)
(0.358892 -0.308001 0)
(0.287454 -0.691708 0)
(0.198549 -1.09775 0)
(0.0823049 -1.47836 0)
(-0.0502565 -1.54819 0)
(0.305567 0.138262 0)
(0.331732 0.163442 0)
(0.356977 0.190513 0)
(0.3785 0.218247 0)
(0.394002 0.246434 0)
(0.4019 0.275648 0)
(0.401747 0.30672 0)
(0.394802 0.339676 0)
(0.384309 0.37191 0)
(0.375006 0.39571 0)
(0.37156 0.395577 0)
(0.374586 0.347784 0)
(0.376051 0.228131 0)
(0.361201 0.0249276 0)
(0.315147 -0.257407 0)
(0.22218 -0.605437 0)
(0.124261 -0.996158 0)
(0.0189308 -1.40156 0)
(-0.0520644 -1.53568 0)
(0.280624 0.114944 0)
(0.303638 0.141166 0)
(0.325897 0.170702 0)
(0.345214 0.202405 0)
(0.360035 0.23582 0)
(0.369465 0.270859 0)
(0.373464 0.307277 0)
(0.373101 0.343783 0)
(0.370574 0.376687 0)
(0.368631 0.398182 0)
(0.369097 0.394837 0)
(0.37009 0.3481 0)
(0.363499 0.239762 0)
(0.336226 0.0603693 0)
(0.273216 -0.188202 0)
(0.160372 -0.502085 0)
(0.0763133 -0.899709 0)
(-0.0407379 -1.38561 0)
(0.0468547 -1.59461 0)
(0.255987 0.0940757 0)
(0.276626 0.12127 0)
(0.296792 0.152789 0)
(0.314744 0.187485 0)
(0.32943 0.224642 0)
(0.340368 0.263657 0)
(0.347704 0.303559 0)
(0.352285 0.3423 0)
(0.355529 0.375759 0)
(0.358808 0.39661 0)
(0.362188 0.393561 0)
(0.362555 0.352137 0)
(0.352218 0.258543 0)
(0.319622 0.105275 0)
(0.250649 -0.108514 0)
(0.136906 -0.394339 0)
(0.0729543 -0.849348 0)
(-0.00526594 -1.36757 0)
(0.114658 -1.5651 0)
(0.231607 0.0751357 0)
(0.25042 0.103113 0)
(0.269107 0.13613 0)
(0.286241 0.172994 0)
(0.301106 0.212755 0)
(0.313451 0.254417 0)
(0.323483 0.296539 0)
(0.33184 0.336672 0)
(0.3394 0.370657 0)
(0.346711 0.391898 0)
(0.353003 0.391024 0)
(0.355005 0.356673 0)
(0.346295 0.27817 0)
(0.317895 0.149067 0)
(0.260248 -0.0350723 0)
(0.176823 -0.301032 0)
(0.116271 -0.872952 0)
(0.0547688 -1.32618 0)
(0.0877116 -1.48437 0)
(0.207444 0.0577717 0)
(0.224795 0.086268 0)
(0.242398 0.12031 0)
(0.259044 0.158649 0)
(0.274232 0.200132 0)
(0.28783 0.243474 0)
(0.300045 0.286927 0)
(0.311346 0.32786 0)
(0.322277 0.362257 0)
(0.33299 0.384252 0)
(0.342531 0.385989 0)
(0.348183 0.358229 0)
(0.345381 0.292083 0)
(0.328595 0.180909 0)
(0.294275 0.0168231 0)
(0.258161 -0.234434 0)
(0.161103 -0.823826 0)
(0.0948326 -1.28545 0)
(0.0605895 -1.41407 0)
(0.183516 0.0417647 0)
(0.199635 0.0704689 0)
(0.216386 0.105087 0)
(0.232721 0.144311 0)
(0.248264 0.186824 0)
(0.262942 0.231121 0)
(0.276929 0.275254 0)
(0.29057 0.316518 0)
(0.304229 0.351084 0)
(0.317921 0.373687 0)
(0.330832 0.377525 0)
(0.341003 0.354611 0)
(0.34558 0.296725 0)
(0.341759 0.1961 0)
(0.329212 0.0420305 0)
(0.323364 -0.198435 0)
(0.235572 -0.680263 0)
(0.117457 -1.2359 0)
(0.0397156 -1.35478 0)
(0.159932 0.02699 0)
(0.174943 0.0555651 0)
(0.190968 0.0903316 0)
(0.207066 0.129933 0)
(0.222937 0.172917 0)
(0.238521 0.217612 0)
(0.25395 0.261926 0)
(0.269484 0.303122 0)
(0.285387 0.337538 0)
(0.301657 0.360353 0)
(0.317674 0.365455 0)
(0.332054 0.34555 0)
(0.342919 0.292572 0)
(0.348604 0.197705 0)
(0.347886 0.0487889 0)
(0.347066 -0.181193 0)
(0.288646 -0.572791 0)
(0.125372 -1.12093 0)
(0.0300288 -1.29948 0)
(0.136894 0.0133885 0)
(0.150853 0.0414824 0)
(0.166203 0.0759897 0)
(0.18208 0.115518 0)
(0.198221 0.158508 0)
(0.214554 0.203154 0)
(0.231166 0.247251 0)
(0.248246 0.288045 0)
(0.266005 0.321996 0)
(0.284449 0.344608 0)
(0.30308 0.350258 0)
(0.320797 0.332127 0)
(0.336029 0.282346 0)
(0.347032 0.191972 0)
(0.350717 0.0494288 0)
(0.344614 -0.164353 0)
(0.30407 -0.492162 0)
(0.139278 -0.966765 0)
(0.0250876 -1.23937 0)
(0.114691 0.000944057 0)
(0.127608 0.0281972 0)
(0.142286 0.0620512 0)
(0.157923 0.101094 0)
(0.174265 0.143687 0)
(0.191217 0.187911 0)
(0.20881 0.23147 0)
(0.227168 0.271585 0)
(0.24647 0.304804 0)
(0.266716 0.326901 0)
(0.28744 0.332665 0)
(0.307598 0.315739 0)
(0.325614 0.268702 0)
(0.339237 0.183309 0)
(0.344413 0.0501768 0)
(0.334308 -0.142167 0)
(0.302592 -0.415163 0)
(0.150368 -0.832821 0)
(0.0181227 -1.16172 0)
(0.0936723 -0.010331 0)
(0.105533 0.0157179 0)
(0.119511 0.0485349 0)
(0.134865 0.086706 0)
(0.151337 0.128533 0)
(0.168802 0.172009 0)
(0.187223 0.214758 0)
(0.20666 0.253964 0)
(0.227251 0.286242 0)
(0.248973 0.307633 0)
(0.271311 0.313347 0)
(0.293151 0.297515 0)
(0.312783 0.253347 0)
(0.327621 0.173614 0)
(0.333299 0.0515962 0)
(0.322053 -0.118355 0)
(0.293516 -0.344882 0)
(0.145632 -0.696179 0)
(0.0120169 -1.07648 0)
(0.0742371 -0.0204103 0)
(0.0850065 0.00407613 0)
(0.0982301 0.0354815 0)
(0.113237 0.0724086 0)
(0.12976 0.113121 0)
(0.147642 0.155542 0)
(0.166786 0.197239 0)
(0.18716 0.235347 0)
(0.208844 0.266497 0)
(0.231741 0.287059 0)
(0.255222 0.292745 0)
(0.278063 0.278192 0)
(0.298404 0.237295 0)
(0.313533 0.163748 0)
(0.31944 0.0529875 0)
(0.309435 -0.0962431 0)
(0.282348 -0.28605 0)
(0.183068 -0.555745 0)
(0.0303377 -1.01878 0)
(0.0568004 -0.0292617 0)
(0.066418 -0.00667438 0)
(0.0788198 0.0229527 0)
(0.093388 0.0582746 0)
(0.109857 0.0975332 0)
(0.128048 0.138596 0)
(0.147829 0.179 0)
(0.169072 0.21587 0)
(0.191737 0.245764 0)
(0.21551 0.265615 0)
(0.239666 0.271467 0)
(0.262905 0.258479 0)
(0.283238 0.221293 0)
(0.297967 0.154401 0)
(0.303427 0.0547072 0)
(0.292502 -0.0762825 0)
(0.262454 -0.237487 0)
(0.180866 -0.459351 0)
(0.0929364 -0.942036 0)
(0.0417426 -0.0368598 0)
(0.0501547 -0.0164706 0)
(0.06165 0.0110313 0)
(0.0756534 0.0444065 0)
(0.0919069 0.0818857 0)
(0.110229 0.121277 0)
(0.130493 0.160113 0)
(0.152554 0.19562 0)
(0.176002 0.224404 0)
(0.200383 0.243602 0)
(0.22505 0.249807 0)
(0.248503 0.23873 0)
(0.268685 0.2058 0)
(0.283128 0.145918 0)
(0.287802 0.0564777 0)
(0.276399 -0.0566396 0)
(0.242476 -0.188512 0)
(0.14622 -0.367254 0)
(0.105777 -0.806485 0)
(0.0293676 -0.043204 0)
(0.0365566 -0.0252519 0)
(0.0470503 -0.000176968 0)
(0.0603396 0.0309493 0)
(0.0761512 0.0663663 0)
(0.0943095 0.103787 0)
(0.11475 0.140757 0)
(0.137292 0.174683 0)
(0.161354 0.202454 0)
(0.186274 0.221159 0)
(0.211332 0.227808 0)
(0.235183 0.218861 0)
(0.255921 0.190137 0)
(0.271421 0.136563 0)
(0.277874 0.0572461 0)
(0.269792 -0.0359796 0)
(0.237559 -0.13831 0)
(0.133709 -0.2851 0)
(0.113346 -0.695514 0)
(0.0198207 -0.0483429 0)
(0.0258246 -0.0329746 0)
(0.0352454 -0.0105586 0)
(0.047692 0.0180827 0)
(0.0628105 0.0512556 0)
(0.0804247 0.0864728 0)
(0.100599 0.121288 0)
(0.123144 0.15341 0)
(0.147421 0.180044 0)
(0.172632 0.198319 0)
(0.197916 0.205397 0)
(0.222258 0.198173 0)
(0.244344 0.172851 0)
(0.262114 0.125268 0)
(0.271754 0.0561218 0)
(0.267891 -0.0178185 0)
(0.243392 -0.0909036 0)
(0.150899 -0.208505 0)
(0.137573 -0.59796 0)
(0.0129727 -0.0523956 0)
(0.0178881 -0.0396447 0)
(0.0262176 -0.0200402 0)
(0.0377691 0.00597541 0)
(0.0520254 0.0369249 0)
(0.0687547 0.0698556 0)
(0.0882092 0.102239 0)
(0.110282 0.132391 0)
(0.134152 0.157776 0)
(0.158932 0.175557 0)
(0.183747 0.18293 0)
(0.207686 0.176941 0)
(0.229643 0.154297 0)
(0.247818 0.111676 0)
(0.259659 0.0509609 0)
(0.261157 -0.00867432 0)
(0.253408 -0.0579541 0)
(0.199564 -0.134949 0)
(0.196857 -0.470659 0)
(0.00829661 -0.0555465 0)
(0.0122196 -0.0453285 0)
(0.0194333 -0.0286374 0)
(0.0301162 -0.00533705 0)
(0.0435572 0.0236409 0)
(0.0594248 0.0542176 0)
(0.0778891 0.0838795 0)
(0.0991727 0.112029 0)
(0.122049 0.136263 0)
(0.145483 0.153728 0)
(0.168472 0.161623 0)
(0.189854 0.157076 0)
(0.20819 0.137008 0)
(0.221827 0.0986329 0)
(0.232039 0.0426896 0)
(0.23984 -0.0134056 0)
(0.255105 -0.0541217 0)
(0.30248 -0.07409 0)
(0.308085 -0.260521 0)
(0.00485585 -0.0580419 0)
(0.00771162 -0.0501472 0)
(0.013456 -0.036552 0)
(0.0229268 -0.0165931 0)
(0.0354294 0.0102153 0)
(0.0519813 0.0377536 0)
(0.0699795 0.0645522 0)
(0.0906482 0.0911404 0)
(0.112277 0.114808 0)
(0.133725 0.132747 0)
(0.153782 0.142349 0)
(0.170732 0.141037 0)
(0.182265 0.125984 0)
(0.186411 0.0935157 0)
(0.188415 0.0386867 0)
(0.189992 -0.0314772 0)
(0.225933 -0.11058 0)
(0.419872 -0.135797 0)
(0.480893 0.0872758 0)
(0.0015814 -0.0592706 0)
(0.00284901 -0.0531023 0)
(0.00570135 -0.0426185 0)
(0.0113417 -0.027976 0)
(0.0196332 -0.00721848 0)
(0.0450815 0.0161538 0)
(0.0649869 0.0409722 0)
(0.0858676 0.0671977 0)
(0.106661 0.0911225 0)
(0.126482 0.110528 0)
(0.143994 0.123546 0)
(0.15693 0.128459 0)
(0.161736 0.123562 0)
(0.154267 0.105819 0)
(0.139096 0.0603064 0)
(0.0729685 -0.0397996 0)
(0.104672 -0.269895 0)
(0.276614 -0.541698 0)
(0.693092 0.721566 0)
)
;

boundaryField
{
    leftWall
    {
        type            noSlip;
    }
    rightWall
    {
        type            noSlip;
    }
    lowerWall
    {
        type            noSlip;
    }
    atmosphere
    {
        type            pressureInletOutletVelocity;
        value           nonuniform List<vector> 
46
(
(-0.00498072 0.0446313 0)
(-0.00479326 0.019271 0)
(-0.00310797 0.00823917 0)
(-0.00154301 0.00117302 0)
(0 -0.00297971 0)
(0 -0.00623844 0)
(0 -0.00921684 0)
(0 -0.0120925 0)
(0 -0.0149475 0)
(0 -0.0178395 0)
(0 -0.0208172 0)
(0 -0.023924 0)
(0 -0.0271962 0)
(0 -0.0306599 0)
(0 -0.0343259 0)
(0 -0.0381831 0)
(0 -0.0421897 0)
(0 -0.0462626 0)
(0 -0.0502685 0)
(0 -0.0540178 0)
(0 -0.0572655 0)
(0 -0.0597252 0)
(0 -0.0611035 0)
(0 -0.0612089 0)
(0 -0.0611035 0)
(0 -0.0608693 0)
(0 -0.0604275 0)
(0 -0.0592706 0)
(0 -0.0531023 0)
(0 -0.0426185 0)
(0 -0.027976 0)
(0 -0.00721848 0)
(0.0450815 0.0161538 0)
(0.0649869 0.0409722 0)
(0.0858676 0.0671977 0)
(0.106661 0.0911225 0)
(0.126482 0.110528 0)
(0.143994 0.123546 0)
(0.15693 0.128459 0)
(0.161736 0.123562 0)
(0.154267 0.105819 0)
(0.139096 0.0603064 0)
(0 -0.0397996 0)
(0 -0.269895 0)
(0 -0.541698 0)
(0.693092 0.721566 0)
)
;
    }
    defaultFaces
    {
        type            empty;
    }
}


// ************************************************************************* //
