/*--------------------------------*- C++ -*----------------------------------*\
| =========                 |                                                 |
| \\      /  F ield         | OpenFOAM: The Open Source CFD Toolbox           |
|  \\    /   O peration     | Version:  v2012                                 |
|   \\  /    A nd           | Website:  www.openfoam.com                      |
|    \\/     M anipulation  |                                                 |
\*---------------------------------------------------------------------------*/
FoamFile
{
    version     2.0;
    format      ascii;
    class       surfaceScalarField;
    location    "0.85";
    object      phi;
}
// * * * * * * * * * * * * * * * * * * * * * * * * * * * * * * * * * * * * * //

dimensions      [0 3 -1 0 0 0 0];
oriented        oriented;


internalField   nonuniform List<scalar> 
4432
(
-4.28028e-06
4.28028e-06
-8.72465e-06
4.44438e-06
-1.17706e-05
3.04594e-06
-1.395e-05
2.17939e-06
-1.57738e-05
1.82379e-06
-1.74298e-05
1.65599e-06
-1.89334e-05
1.50362e-06
-2.02496e-05
1.31619e-06
-2.13458e-05
1.09622e-06
-2.22056e-05
8.59867e-07
-2.28213e-05
6.15612e-07
-2.31812e-05
3.59894e-07
-2.32536e-05
7.24783e-08
-2.30386e-05
-2.14995e-07
-2.25057e-05
-5.32942e-07
-2.15761e-05
-9.29612e-07
-2.01012e-05
-1.47486e-06
-1.79503e-05
-2.15094e-06
-1.48362e-05
-3.11412e-06
-1.04897e-05
-4.34641e-06
-5.43036e-06
-5.05937e-06
-1.12636e-06
-4.30401e-06
-1.12635e-06
-5.67962e-06
9.95991e-06
-9.69292e-06
8.45768e-06
-1.2383e-05
5.736e-06
-1.45829e-05
4.37931e-06
-1.65822e-05
3.82304e-06
-1.83866e-05
3.46041e-06
-1.99549e-05
3.07196e-06
-2.12568e-05
2.61803e-06
-2.22844e-05
2.12383e-06
-2.30486e-05
1.62405e-06
-2.35656e-05
1.13264e-06
-2.38414e-05
6.35675e-07
-2.38793e-05
1.10466e-07
-2.36353e-05
-4.59009e-07
-2.30504e-05
-1.11788e-06
-2.20283e-05
-1.95174e-06
-2.04227e-05
-3.08041e-06
-1.79741e-05
-4.59954e-06
-1.44748e-05
-6.61343e-06
-9.91251e-06
-8.90869e-06
-4.7859e-06
-1.0186e-05
-7.61489e-07
-8.32844e-06
-1.88783e-06
-5.48227e-06
1.54422e-05
-8.97394e-06
1.19494e-05
-1.16824e-05
8.44441e-06
-1.40869e-05
6.78384e-06
-1.62656e-05
6.00175e-06
-1.81963e-05
5.39112e-06
-1.9848e-05
4.72364e-06
-2.12058e-05
3.97588e-06
-2.22748e-05
3.1928e-06
-2.30752e-05
2.42446e-06
-2.36287e-05
1.6861e-06
-2.39405e-05
9.4757e-07
-2.39956e-05
1.6553e-07
-2.37579e-05
-6.96765e-07
-2.31761e-05
-1.69965e-06
-2.21625e-05
-2.96528e-06
-2.05632e-05
-4.67975e-06
-1.81397e-05
-7.02304e-06
-1.46663e-05
-1.00868e-05
-1.01088e-05
-1.34662e-05
-4.86933e-06
-1.54254e-05
-5.42411e-07
-1.26554e-05
-2.43024e-06
-5.06365e-06
2.05058e-05
-8.34523e-06
1.52309e-05
-1.11654e-05
1.12646e-05
-1.37502e-05
9.36861e-06
-1.60759e-05
8.32744e-06
-1.8105e-05
7.42022e-06
-1.98151e-05
6.43373e-06
-2.12041e-05
5.36491e-06
-2.22887e-05
4.27739e-06
-2.30993e-05
3.23507e-06
-2.36643e-05
2.25112e-06
-2.39908e-05
1.27408e-06
-2.40618e-05
2.36531e-07
-2.38468e-05
-9.11724e-07
-2.33039e-05
-2.24263e-06
-2.23566e-05
-3.91253e-06
-2.08604e-05
-6.17594e-06
-1.85856e-05
-9.29787e-06
-1.52931e-05
-1.33793e-05
-1.08524e-05
-1.79068e-05
-5.48664e-06
-2.07912e-05
-6.64216e-07
-1.74778e-05
-3.09445e-06
-4.6488e-06
2.51546e-05
-7.86539e-06
1.84475e-05
-1.08124e-05
1.42116e-05
-1.35576e-05
1.21138e-05
-1.60116e-05
1.07814e-05
-1.81209e-05
9.52951e-06
-1.98704e-05
8.18323e-06
-2.12705e-05
6.76509e-06
-2.23507e-05
5.35761e-06
-2.31538e-05
4.03817e-06
-2.37178e-05
2.81505e-06
-2.40535e-05
1.6098e-06
-2.41457e-05
3.28798e-07
-2.39701e-05
-1.0874e-06
-2.3497e-05
-2.71569e-06
-2.26671e-05
-4.7424e-06
-2.13514e-05
-7.49167e-06
-1.93271e-05
-1.13221e-05
-1.63294e-05
-1.6377e-05
-1.21387e-05
-2.20975e-05
-6.81179e-06
-2.61181e-05
-1.54879e-06
-2.27408e-05
-4.64325e-06
-4.2587e-06
2.94133e-05
-7.48407e-06
2.16729e-05
-1.05821e-05
1.73096e-05
-1.34876e-05
1.50193e-05
-1.606e-05
1.33538e-05
-1.8235e-05
1.17045e-05
-2.00072e-05
9.95545e-06
-2.14012e-05
8.15903e-06
-2.24605e-05
6.41697e-06
-2.3243e-05
4.82059e-06
-2.37983e-05
3.37041e-06
-2.41425e-05
1.95399e-06
-2.42628e-05
4.49053e-07
-2.4142e-05
-1.20812e-06
-2.37675e-05
-3.09025e-06
-2.31015e-05
-5.40835e-06
-2.20335e-05
-8.55975e-06
-2.03427e-05
-1.30129e-05
-1.77366e-05
-1.89831e-05
-1.39318e-05
-2.59024e-05
-8.88468e-06
-3.11652e-05
-3.41097e-06
-2.82145e-05
-8.05422e-06
-3.89138e-06
3.33047e-05
-7.17594e-06
2.49575e-05
-1.04583e-05
2.0592e-05
-1.35305e-05
1.80915e-05
-1.62118e-05
1.60351e-05
-1.84362e-05
1.39289e-05
-2.0213e-05
1.17323e-05
-2.15835e-05
9.52951e-06
-2.26073e-05
7.44078e-06
-2.33588e-05
5.57211e-06
-2.39013e-05
3.91292e-06
-2.42556e-05
2.30823e-06
-2.44115e-05
6.04985e-07
-2.43613e-05
-1.25835e-06
-2.41127e-05
-3.33884e-06
-2.36545e-05
-5.86655e-06
-2.28962e-05
-9.31802e-06
-2.16135e-05
-1.42957e-05
-1.94769e-05
-2.11197e-05
-1.61249e-05
-2.92544e-05
-1.13938e-05
-3.58963e-05
-5.66323e-06
-3.39451e-05
-1.37174e-05
-3.496e-06
3.68007e-05
-6.913e-06
2.83745e-05
-1.04267e-05
2.41057e-05
-1.36713e-05
2.13361e-05
-1.64466e-05
1.88104e-05
-1.86995e-05
1.61818e-05
-2.0461e-05
1.34938e-05
-2.17915e-05
1.086e-05
-2.27678e-05
8.41708e-06
-2.34818e-05
6.28611e-06
-2.40105e-05
4.44166e-06
-2.43785e-05
2.67619e-06
-2.45785e-05
8.04966e-07
-2.46141e-05
-1.22273e-06
-2.45183e-05
-3.43463e-06
-2.43109e-05
-6.07395e-06
-2.39264e-05
-9.70252e-06
-2.31358e-05
-1.50862e-05
-2.15668e-05
-2.26887e-05
-1.87294e-05
-3.20918e-05
-1.41355e-05
-4.04902e-05
-7.49521e-06
-4.05855e-05
-2.12127e-05
4.09977e-06
-4.09977e-06
-2.80601e-05
3.21598e-05
-6.0421e-05
3.23609e-05
-8.06859e-05
2.0265e-05
-8.83595e-05
7.67357e-06
-8.89808e-05
6.21253e-07
-8.74263e-05
-1.55446e-06
-8.43423e-05
-3.08403e-06
-7.88543e-05
-5.48793e-06
-7.06697e-05
-8.18464e-06
-6.03948e-05
-1.02749e-05
-4.9885e-05
-1.05098e-05
-4.18591e-05
-8.02585e-06
-3.53548e-05
-6.50431e-06
-2.67054e-05
-8.64943e-06
-1.4784e-05
-1.19214e-05
-2.12259e-06
-1.26614e-05
5.70221e-06
-7.82481e-06
5.70221e-06
-2.39768e-05
1.98771e-05
-5.75702e-05
6.57532e-05
-7.99824e-05
5.47731e-05
-8.69221e-05
2.72046e-05
-8.70906e-05
7.84209e-06
-8.56843e-05
-7.85018e-07
-8.42152e-05
-3.02359e-06
-8.17946e-05
-5.50459e-06
-7.73867e-05
-9.89584e-06
-7.05742e-05
-1.49972e-05
-6.18653e-05
-1.89838e-05
-5.28831e-05
-1.94921e-05
-4.59488e-05
-1.49601e-05
-4.0158e-05
-1.22951e-05
-3.2555e-05
-1.62524e-05
-2.21964e-05
-2.228e-05
-1.02745e-05
-2.45833e-05
1.06478e-07
-1.82058e-05
5.80869e-06
-3.61509e-05
5.60279e-05
-6.39481e-05
9.35504e-05
-7.69973e-05
6.78223e-05
-8.0987e-05
3.11943e-05
-8.18223e-05
8.67741e-06
-8.09421e-05
-1.66518e-06
-7.9826e-05
-4.13972e-06
-7.7904e-05
-7.42664e-06
-7.4203e-05
-1.35968e-05
-6.82892e-05
-2.0911e-05
-6.06839e-05
-2.65891e-05
-5.2787e-05
-2.7389e-05
-4.69845e-05
-2.07627e-05
-4.24349e-05
-1.68447e-05
-3.6322e-05
-2.23652e-05
-2.7738e-05
-3.08641e-05
-1.69312e-05
-3.53901e-05
-6.10233e-06
-2.90346e-05
-2.93645e-07
-3.86043e-05
9.46322e-05
-6.12782e-05
0.000116224
-7.05649e-05
7.7109e-05
-7.44973e-05
3.51267e-05
-7.59721e-05
1.01522e-05
-7.57004e-05
-1.93689e-06
-7.523e-05
-4.61009e-06
-7.37826e-05
-8.874e-06
-7.05494e-05
-1.683e-05
-6.5117e-05
-2.63434e-05
-5.80761e-05
-3.36299e-05
-5.08272e-05
-3.46379e-05
-4.62313e-05
-2.53585e-05
-4.32288e-05
-1.98472e-05
-3.87746e-05
-2.68195e-05
-3.20459e-05
-3.75927e-05
-2.27505e-05
-4.46855e-05
-1.06818e-05
-4.11034e-05
-1.09755e-05
-3.65021e-05
0.000131134
-5.49914e-05
0.000134714
-6.26809e-05
8.47985e-05
-6.65227e-05
3.89684e-05
-6.83658e-05
1.19954e-05
-6.88909e-05
-1.41181e-06
-6.92122e-05
-4.28875e-06
-6.81773e-05
-9.90886e-06
-6.57898e-05
-1.92176e-05
-6.09352e-05
-3.1198e-05
-5.39661e-05
-4.0599e-05
-4.68847e-05
-4.17194e-05
-4.35575e-05
-2.86857e-05
-4.23253e-05
-2.10793e-05
-3.95663e-05
-2.95785e-05
-3.4709e-05
-4.24501e-05
-2.72053e-05
-5.21892e-05
-1.42373e-05
-5.40713e-05
-2.52128e-05
-3.20533e-05
0.000163188
-4.6094e-05
0.000148754
-5.26075e-05
9.1312e-05
-5.56822e-05
4.20431e-05
-5.66466e-05
1.29597e-05
-5.71988e-05
-8.59528e-07
-5.70445e-05
-4.44309e-06
-5.66622e-05
-1.02912e-05
-5.7314e-05
-1.85657e-05
-5.50083e-05
-3.35037e-05
-4.75001e-05
-4.81072e-05
-3.99278e-05
-4.92917e-05
-3.85426e-05
-3.0071e-05
-3.93917e-05
-2.02302e-05
-3.81277e-05
-3.08425e-05
-3.49466e-05
-4.56312e-05
-2.95714e-05
-5.75644e-05
-1.71937e-05
-6.6449e-05
-4.24064e-05
-2.63676e-05
0.000189555
-3.42708e-05
0.000156658
-3.96297e-05
9.66709e-05
-4.09643e-05
4.33776e-05
-3.78134e-05
9.80886e-06
-3.34421e-05
-5.23076e-06
-3.22002e-05
-5.68504e-06
-3.85057e-05
-3.98563e-06
-4.36521e-05
-1.34193e-05
-4.30622e-05
-3.40937e-05
-3.47873e-05
-5.63821e-05
-2.61911e-05
-5.7888e-05
-2.89249e-05
-2.73372e-05
-3.35696e-05
-1.55854e-05
-3.39947e-05
-3.04174e-05
-3.15985e-05
-4.80273e-05
-2.75866e-05
-6.15763e-05
-1.80602e-05
-7.59754e-05
-6.04667e-05
-2.06296e-05
0.000210185
-2.08317e-05
0.00015686
-2.31937e-05
9.90329e-05
-2.19272e-05
4.21112e-05
-1.80195e-05
5.90119e-06
-1.31952e-05
-1.0055e-05
-1.42264e-05
-4.65386e-06
-1.98687e-05
1.65673e-06
-3.00242e-05
-3.26382e-06
-3.01592e-05
-3.39587e-05
-2.15409e-05
-6.50003e-05
-1.16417e-05
-6.77872e-05
-1.15378e-05
-2.74411e-05
-2.24835e-05
-4.63965e-06
-2.59072e-05
-2.69938e-05
-2.26846e-05
-5.12499e-05
-1.75266e-05
-6.67343e-05
-1.37185e-05
-7.97835e-05
-7.41852e-05
-5.82659e-06
4.26273e-05
-1.39739e-05
3.65217e-05
-2.22951e-05
3.24269e-05
-2.97503e-05
2.87913e-05
-3.58873e-05
2.49474e-05
-4.06866e-05
2.09811e-05
-4.43129e-05
1.71201e-05
-4.69671e-05
1.35142e-05
-4.88618e-05
1.03118e-05
-5.02442e-05
7.66853e-06
-5.13293e-05
5.5268e-06
-5.21742e-05
3.52108e-06
-5.27646e-05
1.39535e-06
-5.31636e-05
-8.23684e-07
-5.35485e-05
-3.0498e-06
-5.40874e-05
-5.53506e-06
-5.47857e-05
-9.00412e-06
-5.5201e-05
-1.4671e-05
-5.45568e-05
-2.33329e-05
-5.14715e-05
-3.51771e-05
-4.33817e-05
-4.858e-05
-2.73391e-05
-5.6628e-05
-4.86326e-05
8.08011e-08
-5.52886e-06
4.81562e-05
-1.41771e-05
4.517e-05
-2.29525e-05
4.12023e-05
-3.0622e-05
3.64608e-05
-3.66742e-05
3.09996e-05
-4.11799e-05
2.54868e-05
-4.443e-05
2.03702e-05
-4.6732e-05
1.58162e-05
-4.8392e-05
1.19718e-05
-4.97127e-05
8.98927e-06
-5.08631e-05
6.67715e-06
-5.18266e-05
4.4846e-06
-5.26001e-05
2.16885e-06
-5.34171e-05
-6.61797e-09
-5.48303e-05
-1.63659e-06
-5.71488e-05
-3.21657e-06
-6.06725e-05
-5.48043e-06
-6.50041e-05
-1.03393e-05
-6.94931e-05
-1.8844e-05
-7.24804e-05
-3.21898e-05
-7.04497e-05
-5.06107e-05
-6.3339e-05
-6.37387e-05
-5.49636e-05
-5.7008e-05
-5.87453e-06
5.40307e-05
-1.37186e-05
5.30141e-05
-2.19969e-05
4.94805e-05
-2.94738e-05
4.39378e-05
-3.54359e-05
3.69617e-05
-3.98697e-05
2.99205e-05
-4.30505e-05
2.3551e-05
-4.53328e-05
1.80985e-05
-4.71036e-05
1.37426e-05
-4.86509e-05
1.05365e-05
-4.99046e-05
7.93091e-06
-5.07513e-05
5.33131e-06
-5.1367e-05
2.78458e-06
-5.25718e-05
1.19811e-06
-5.52048e-05
9.96456e-07
-6.01979e-05
1.77649e-06
-6.74807e-05
1.8024e-06
-7.55885e-05
-2.23152e-06
-8.51966e-05
-9.23589e-06
-9.32175e-05
-2.41688e-05
-9.124e-05
-5.25883e-05
-8.17599e-05
-7.32188e-05
-6.3693e-05
-7.30304e-05
-1.15673e-05
6.5598e-05
-1.25316e-05
5.39784e-05
-1.81619e-05
5.51109e-05
-2.43906e-05
5.01664e-05
-3.00551e-05
4.26262e-05
-3.47753e-05
3.46407e-05
-3.85171e-05
2.72928e-05
-4.15461e-05
2.11275e-05
-4.41287e-05
1.63252e-05
-4.61967e-05
1.26046e-05
-4.75646e-05
9.29879e-06
-4.83984e-05
6.16514e-06
-4.93122e-05
3.69836e-06
-5.10774e-05
2.96332e-06
-5.56691e-05
5.58813e-06
-6.70698e-05
1.31772e-05
-8.06937e-05
1.54264e-05
-9.33096e-05
1.03844e-05
-0.000110134
7.58808e-06
-0.000122979
-1.13232e-05
-0.000113353
-6.22149e-05
-9.78632e-05
-8.87081e-05
-8.14703e-05
-8.0086e-05
-1.02698e-06
6.66249e-05
-5.39063e-06
5.8342e-05
-9.29453e-06
5.90147e-05
-1.36466e-05
5.45184e-05
-1.81715e-05
4.71511e-05
-2.26424e-05
3.91116e-05
-2.70322e-05
3.16826e-05
-3.1445e-05
2.55403e-05
-3.59915e-05
2.08718e-05
-4.07395e-05
1.73526e-05
-4.58816e-05
1.4441e-05
-5.17692e-05
1.20528e-05
-5.89096e-05
1.08388e-05
-6.77647e-05
1.18184e-05
-7.83547e-05
1.6178e-05
-8.82692e-05
2.30917e-05
-0.000100972
2.81287e-05
-0.00012987
3.92823e-05
-0.000166233
4.39518e-05
-0.000169532
-8.02432e-06
-0.000145444
-8.63027e-05
-0.000129962
-0.000104191
-9.70855e-05
-0.000114346
5.17137e-06
6.14535e-05
2.82048e-06
6.06929e-05
1.54593e-06
6.02892e-05
-2.29915e-07
5.62942e-05
-3.1651e-06
5.00863e-05
-7.23373e-06
4.31802e-05
-1.22256e-05
3.66745e-05
-1.79143e-05
3.12291e-05
-2.41498e-05
2.71074e-05
-3.09856e-05
2.41885e-05
-3.8771e-05
2.22265e-05
-4.80449e-05
2.13268e-05
-5.93761e-05
2.217e-05
-7.33904e-05
2.58327e-05
-9.0733e-05
3.35207e-05
-0.000113402
4.57606e-05
-0.000146391
6.11173e-05
-0.000181578
7.44701e-05
-0.000194151
5.65243e-05
-0.000181632
-2.05436e-05
-0.000166784
-0.00010115
-0.000157604
-0.000113371
-0.000108519
-0.00014617
4.24166e-06
5.72118e-05
5.28849e-06
5.96462e-05
6.85529e-06
5.87225e-05
7.39305e-06
5.57565e-05
6.17876e-06
5.13005e-05
3.15117e-06
4.62078e-05
-1.42765e-06
4.12533e-05
-7.2044e-06
3.70059e-05
-1.39055e-05
3.38086e-05
-2.15006e-05
3.17836e-05
-3.02587e-05
3.09847e-05
-4.06284e-05
3.16965e-05
-5.30736e-05
3.46152e-05
-6.80286e-05
4.07876e-05
-8.58974e-05
5.13894e-05
-0.000107243
6.71057e-05
-0.000131983
8.58575e-05
-0.000153182
9.56693e-05
-0.000163137
6.6479e-05
-0.00016779
-1.589e-05
-0.000170569
-9.83715e-05
-0.00016968
-0.00011426
-0.000110703
-0.000167496
3.11229e-06
5.40995e-05
5.51639e-06
5.72422e-05
8.05487e-06
5.61842e-05
9.65288e-06
5.41586e-05
9.67549e-06
5.1278e-05
7.9403e-06
4.79431e-05
4.55285e-06
4.46408e-05
-2.51255e-07
4.181e-05
-6.24202e-06
3.97994e-05
-1.33246e-05
3.88662e-05
-2.1594e-05
3.92542e-05
-3.12537e-05
4.13561e-05
-4.24765e-05
4.58381e-05
-5.5302e-05
5.3613e-05
-6.9527e-05
6.56144e-05
-8.44781e-05
8.20568e-05
-9.86289e-05
0.000100008
-0.000110519
0.000107559
-0.000124832
8.07924e-05
-0.000147784
7.06168e-06
-0.000165831
-8.03245e-05
-0.000169848
-0.000110243
-0.000109792
-0.000170759
2.63301e-06
5.14667e-05
5.32984e-06
5.45456e-05
7.85976e-06
5.36544e-05
9.68281e-06
5.23356e-05
1.03534e-05
5.06075e-05
9.64034e-06
4.86561e-05
7.50546e-06
4.67757e-05
4.03447e-06
4.5281e-05
-6.40171e-07
4.4474e-05
-6.41497e-06
4.46411e-05
-1.32527e-05
4.60919e-05
-2.11361e-05
4.92395e-05
-2.9959e-05
5.4661e-05
-3.9404e-05
6.30581e-05
-4.88155e-05
7.5026e-05
-5.71293e-05
9.03706e-05
-6.3413e-05
0.000106292
-6.96701e-05
0.000113816
-8.50737e-05
9.61959e-05
-0.000118115
4.01026e-05
-0.000153709
-4.473e-05
-0.000164576
-9.93755e-05
-0.000106237
-0.000168131
2.33138e-06
4.91354e-05
4.91352e-06
5.19637e-05
7.23038e-06
5.13376e-05
9.02415e-06
5.05419e-05
1.00175e-05
4.96141e-05
1.00135e-05
4.866e-05
8.92211e-06
4.78671e-05
6.74382e-06
4.74593e-05
3.53943e-06
4.76785e-05
-6.02716e-07
4.87832e-05
-5.57835e-06
5.10675e-05
-1.12344e-05
5.48955e-05
-1.72921e-05
6.07187e-05
-2.32513e-05
6.90172e-05
-2.83132e-05
8.00878e-05
-3.14606e-05
9.3518e-05
-3.22093e-05
0.00010704
-3.30006e-05
0.000114608
-4.24563e-05
0.000105652
-7.22551e-05
6.99013e-05
-0.00012211
5.12461e-06
-0.000155528
-6.59569e-05
-9.88386e-05
-0.000162927
2.01107e-06
4.71245e-05
4.35316e-06
4.96218e-05
6.4579e-06
4.9233e-05
8.18772e-06
4.88121e-05
9.37607e-06
4.84258e-05
9.88249e-06
4.81536e-05
9.62202e-06
4.81275e-05
8.56956e-06
4.85117e-05
6.75405e-06
4.9494e-05
4.25202e-06
5.12852e-05
1.19312e-06
5.41264e-05
-2.21151e-06
5.83001e-05
-5.61827e-06
6.41255e-05
-8.49399e-06
7.18931e-05
-1.01008e-05
8.16946e-05
-9.63556e-06
9.30526e-05
-6.85425e-06
0.000104259
-3.66153e-06
0.000111415
-6.15405e-06
0.000108144
-2.39054e-05
8.76525e-05
-6.56665e-05
4.68857e-05
-0.000121878
-9.7456e-06
-6.37855e-05
-0.000156931
1.70058e-06
4.5424e-05
3.78677e-06
4.75357e-05
5.71475e-06
4.73051e-05
7.39602e-06
4.71309e-05
8.73031e-06
4.70916e-05
9.6268e-06
4.72572e-05
1.00256e-05
4.77287e-05
9.90717e-06
4.86302e-05
9.29581e-06
5.01054e-05
8.26507e-06
5.23158e-05
6.94939e-06
5.5442e-05
5.56794e-06
5.96816e-05
4.4585e-06
6.52349e-05
4.10059e-06
7.22509e-05
5.09615e-06
8.0699e-05
8.02015e-06
9.01285e-05
1.2973e-05
9.93062e-05
1.86034e-05
0.000105784
2.09466e-05
0.000105801
1.32649e-05
9.53342e-05
-1.17856e-05
7.19363e-05
-5.95956e-05
3.80643e-05
-5.34533e-06
-0.000118036
1.44235e-06
4.39817e-05
3.30103e-06
4.5677e-05
5.0931e-06
4.5513e-05
6.74897e-06
4.54751e-05
8.20647e-06
4.56341e-05
9.4118e-06
4.60519e-05
1.03323e-05
4.68082e-05
1.09646e-05
4.7998e-05
1.13406e-05
4.97293e-05
1.15357e-05
5.21207e-05
1.16801e-05
5.52975e-05
1.19769e-05
5.93847e-05
1.27216e-05
6.44902e-05
1.43085e-05
7.0664e-05
1.71967e-05
7.78108e-05
2.17825e-05
8.55426e-05
2.81037e-05
9.29849e-05
3.52846e-05
9.86033e-05
4.08801e-05
0.000100205
4.07472e-05
9.54669e-05
2.98726e-05
8.28108e-05
5.66127e-06
6.22755e-05
3.43072e-05
-3.39913e-05
1.25696e-06
4.27248e-05
2.93344e-06
4.40004e-05
4.62641e-06
4.382e-05
6.27507e-06
4.38265e-05
7.83944e-06
4.40698e-05
9.29127e-06
4.45999e-05
1.06204e-05
4.54791e-05
1.18395e-05
4.67788e-05
1.29908e-05
4.85781e-05
1.41515e-05
5.09601e-05
1.54434e-05
5.40057e-05
1.70442e-05
5.7784e-05
1.91976e-05
6.23369e-05
2.22114e-05
6.765e-05
2.64241e-05
7.3598e-05
3.21092e-05
7.98574e-05
3.92903e-05
8.58036e-05
4.74447e-05
9.04489e-05
5.51716e-05
9.24782e-05
6.01231e-05
9.05154e-05
5.937e-05
8.35638e-05
5.03537e-05
7.12919e-05
5.38947e-05
3.07662e-05
1.14614e-06
4.15786e-05
2.69005e-06
4.24565e-05
4.3149e-06
4.21952e-05
5.96747e-06
4.2174e-05
7.62205e-06
4.24154e-05
9.26761e-06
4.29544e-05
1.09098e-05
4.3837e-05
1.25739e-05
4.51147e-05
1.43092e-05
4.68428e-05
1.61931e-05
4.90762e-05
1.83367e-05
5.18621e-05
2.08908e-05
5.52298e-05
2.405e-05
5.91778e-05
2.80468e-05
6.3653e-05
3.31259e-05
6.8519e-05
3.94774e-05
7.35059e-05
4.71244e-05
7.81567e-05
5.57677e-05
8.18055e-05
6.46283e-05
8.36175e-05
7.24194e-05
8.27242e-05
7.75202e-05
7.84631e-05
7.8263e-05
7.05491e-05
5.91125e-05
7.3045e-05
1.09754e-06
4.04809e-05
2.55593e-06
4.0998e-05
4.13891e-06
4.06123e-05
5.80167e-06
4.05112e-05
7.52895e-06
4.0688e-05
9.32153e-06
4.11618e-05
1.11954e-05
4.19631e-05
1.31835e-05
4.31264e-05
1.53387e-05
4.46876e-05
1.77356e-05
4.66793e-05
2.04734e-05
4.91243e-05
2.3678e-05
5.20253e-05
2.75015e-05
5.53543e-05
3.21162e-05
5.90384e-05
3.76944e-05
6.29409e-05
4.43661e-05
6.68342e-05
5.21503e-05
7.03725e-05
6.08708e-05
7.30849e-05
7.00797e-05
7.44086e-05
7.90417e-05
7.37622e-05
8.68224e-05
7.06824e-05
9.23917e-05
6.49796e-05
5.68847e-05
9.46196e-05
1.09479e-06
3.93861e-05
2.50763e-06
3.9585e-05
4.06992e-06
3.90501e-05
5.7459e-06
3.88355e-05
7.52844e-06
3.89054e-05
9.42658e-06
3.92638e-05
1.14625e-05
3.99271e-05
1.36735e-05
4.09156e-05
1.61119e-05
4.22492e-05
1.88475e-05
4.39437e-05
2.19672e-05
4.60046e-05
2.55747e-05
4.8418e-05
2.97876e-05
5.11415e-05
3.47314e-05
5.40946e-05
4.05242e-05
5.71481e-05
4.72492e-05
6.01092e-05
5.49137e-05
6.2708e-05
6.34008e-05
6.45977e-05
7.24294e-05
6.538e-05
8.15386e-05
6.46531e-05
9.01246e-05
6.20963e-05
9.7492e-05
5.76122e-05
5.15229e-05
0.000102854
1.12454e-06
3.82616e-05
2.52279e-06
3.81869e-05
4.07972e-06
3.74932e-05
5.76858e-06
3.71469e-05
7.58917e-06
3.70849e-05
9.55612e-06
3.72969e-05
1.16955e-05
3.77877e-05
1.40454e-05
3.85657e-05
1.66561e-05
3.96386e-05
1.95904e-05
4.10094e-05
2.29234e-05
4.26717e-05
2.67396e-05
4.4602e-05
3.11292e-05
4.67518e-05
3.61825e-05
4.90413e-05
4.19777e-05
5.1353e-05
4.85627e-05
5.35241e-05
5.59298e-05
5.53409e-05
6.39859e-05
5.65416e-05
7.25299e-05
5.6836e-05
8.124e-05
5.5943e-05
8.96842e-05
5.3652e-05
9.73535e-05
4.99429e-05
4.51792e-05
0.000103697
1.17757e-06
3.70839e-05
2.58282e-06
3.67817e-05
4.1436e-06
3.59325e-05
5.84162e-06
3.54488e-05
7.68313e-06
3.52434e-05
9.6865e-06
3.52934e-05
1.188e-05
3.55942e-05
1.43009e-05
3.61449e-05
1.69954e-05
3.6944e-05
2.00192e-05
3.79855e-05
2.34358e-05
3.92551e-05
2.73133e-05
4.07244e-05
3.17212e-05
4.2344e-05
3.6723e-05
4.40394e-05
4.23689e-05
4.57073e-05
4.86812e-05
4.72119e-05
5.56386e-05
4.83834e-05
6.31577e-05
4.90224e-05
7.10775e-05
4.89161e-05
7.91517e-05
4.78686e-05
8.70521e-05
4.57516e-05
9.4395e-05
4.25999e-05
3.87719e-05
0.000100802
1.24627e-06
3.58376e-05
2.67202e-06
3.53559e-05
4.23995e-06
3.43649e-05
5.94067e-06
3.3748e-05
7.78617e-06
3.3398e-05
9.7977e-06
3.32818e-05
1.20044e-05
3.33876e-05
1.44415e-05
3.37079e-05
1.71509e-05
3.42346e-05
2.01808e-05
3.49557e-05
2.35841e-05
3.5852e-05
2.74153e-05
3.68931e-05
3.17274e-05
3.80321e-05
3.6565e-05
3.9202e-05
4.19581e-05
4.03141e-05
4.79124e-05
4.12575e-05
5.43973e-05
4.18984e-05
6.13342e-05
4.20854e-05
6.85868e-05
4.16634e-05
7.59562e-05
4.04991e-05
8.31854e-05
3.85223e-05
8.99833e-05
3.58021e-05
3.26674e-05
9.60877e-05
1.32212e-06
3.45157e-05
2.77534e-06
3.39026e-05
4.34894e-06
3.27915e-05
6.04405e-06
3.2053e-05
7.87745e-06
3.15647e-05
9.87289e-06
3.12864e-05
1.20592e-05
3.12014e-05
1.44694e-05
3.12978e-05
1.71408e-05
3.15633e-05
2.01145e-05
3.19821e-05
2.34342e-05
3.25326e-05
2.71431e-05
3.31841e-05
3.12811e-05
3.3894e-05
3.58793e-05
3.46038e-05
4.09543e-05
3.52392e-05
4.6501e-05
3.57107e-05
5.24846e-05
3.59147e-05
5.88316e-05
3.57382e-05
6.54242e-05
3.50708e-05
7.20981e-05
3.38251e-05
7.86487e-05
3.19718e-05
8.48531e-05
2.95976e-05
2.69944e-05
9.05261e-05
1.39553e-06
3.31201e-05
2.87719e-06
3.24211e-05
4.45192e-06
3.12167e-05
6.1322e-06
3.03727e-05
7.93909e-06
2.97578e-05
9.89814e-06
2.93275e-05
1.20372e-05
2.90623e-05
1.43873e-05
2.8948e-05
1.69808e-05
2.89699e-05
1.98528e-05
2.91102e-05
2.3039e-05
2.93464e-05
2.65737e-05
2.96495e-05
3.04868e-05
2.99809e-05
3.47995e-05
3.02912e-05
3.95194e-05
3.05192e-05
4.46358e-05
3.05943e-05
5.01129e-05
3.04376e-05
5.58837e-05
2.99673e-05
6.18466e-05
2.91077e-05
6.78651e-05
2.78066e-05
7.37742e-05
2.60626e-05
7.94011e-05
2.39707e-05
2.17865e-05
8.46091e-05
1.4572e-06
3.16627e-05
2.96248e-06
3.09158e-05
4.53183e-06
2.96472e-05
6.18806e-06
2.87165e-05
7.95612e-06
2.79897e-05
9.86238e-06
2.74214e-05
1.19337e-05
2.6991e-05
1.41984e-05
2.66835e-05
1.66851e-05
2.64833e-05
1.94233e-05
2.6372e-05
2.2442e-05
2.63276e-05
2.57687e-05
2.63228e-05
2.94257e-05
2.6324e-05
3.34273e-05
2.62897e-05
3.77756e-05
2.61709e-05
4.24572e-05
2.59127e-05
4.74377e-05
2.54571e-05
5.26578e-05
2.47472e-05
5.80306e-05
2.37348e-05
6.34426e-05
2.23946e-05
6.87601e-05
2.07452e-05
7.3846e-05
1.88848e-05
1.70374e-05
7.85952e-05
1.49947e-06
3.01632e-05
3.01867e-06
2.93967e-05
4.57443e-06
2.80914e-05
6.19789e-06
2.7093e-05
7.9169e-06
2.62708e-05
9.75755e-06
2.55807e-05
1.17458e-05
2.50028e-05
1.39072e-05
2.45223e-05
1.62666e-05
2.41239e-05
1.88493e-05
2.37894e-05
2.16789e-05
2.3498e-05
2.47771e-05
2.32246e-05
2.8161e-05
2.29402e-05
3.18401e-05
2.26106e-05
3.58138e-05
2.21972e-05
4.00677e-05
2.16588e-05
4.45705e-05
2.09542e-05
4.92708e-05
2.00468e-05
5.40952e-05
1.89103e-05
5.89496e-05
1.75401e-05
6.37248e-05
1.597e-05
6.83107e-05
1.4299e-05
1.27253e-05
7.26229e-05
1.51752e-06
2.86457e-05
3.03719e-06
2.78771e-05
4.56987e-06
2.65586e-05
6.1523e-06
2.55107e-05
7.81366e-06
2.46098e-05
9.57907e-06
2.38151e-05
1.14733e-05
2.31088e-05
1.35188e-05
2.2477e-05
1.57377e-05
2.1905e-05
1.81512e-05
2.13759e-05
2.0779e-05
2.08702e-05
2.36382e-05
2.03654e-05
2.67421e-05
1.98364e-05
3.00973e-05
1.92554e-05
3.37018e-05
1.85927e-05
3.75419e-05
1.78185e-05
4.15903e-05
1.69058e-05
4.58032e-05
1.58338e-05
5.01194e-05
1.4594e-05
5.44612e-05
1.31983e-05
5.87392e-05
1.1692e-05
6.28635e-05
1.01747e-05
8.82415e-06
6.67645e-05
1.51002e-06
2.71357e-05
3.01423e-06
2.63731e-05
4.51348e-06
2.50592e-05
6.04681e-06
2.39775e-05
7.64306e-06
2.30139e-05
9.32597e-06
2.21321e-05
1.11183e-05
2.13168e-05
1.30398e-05
2.05554e-05
1.51101e-05
1.98346e-05
1.73471e-05
1.91389e-05
1.9767e-05
1.84501e-05
2.23839e-05
1.77484e-05
2.5208e-05
1.70122e-05
2.82442e-05
1.6219e-05
3.14903e-05
1.53466e-05
3.49343e-05
1.43745e-05
3.8553e-05
1.32871e-05
4.231e-05
1.20768e-05
4.6155e-05
1.07491e-05
5.00241e-05
9.32911e-06
5.38442e-05
7.87188e-06
5.75415e-05
6.4774e-06
5.3081e-06
6.10575e-05
1.47852e-06
2.56574e-05
2.9505e-06
2.49012e-05
4.40552e-06
2.36043e-05
5.88172e-06
2.25014e-05
7.40615e-06
2.14896e-05
9.00086e-06
2.05375e-05
1.06858e-05
1.96321e-05
1.24785e-05
1.87626e-05
1.43959e-05
1.79171e-05
1.64534e-05
1.70813e-05
1.86645e-05
1.6239e-05
2.10406e-05
1.53722e-05
2.35901e-05
1.44627e-05
2.63167e-05
1.34924e-05
2.92185e-05
1.24449e-05
3.22856e-05
1.13074e-05
3.54991e-05
1.00735e-05
3.88296e-05
8.74622e-06
4.22363e-05
7.34236e-06
4.56675e-05
5.89789e-06
4.90638e-05
4.47564e-06
5.23645e-05
3.1767e-06
2.15186e-06
5.55207e-05
1.42638e-06
2.42312e-05
2.85021e-06
2.34775e-05
4.25011e-06
2.22046e-05
5.66126e-06
2.10904e-05
7.10772e-06
2.0043e-05
8.60942e-06
1.90359e-05
1.01831e-05
1.80584e-05
1.18445e-05
1.71012e-05
1.36078e-05
1.61537e-05
1.54862e-05
1.52029e-05
1.7491e-05
1.42342e-05
1.96316e-05
1.32316e-05
2.19149e-05
1.21794e-05
2.4344e-05
1.10633e-05
2.69175e-05
9.87141e-06
2.96276e-05
8.59716e-06
3.24597e-05
7.2413e-06
3.53907e-05
5.81528e-06
3.83882e-05
4.34491e-06
4.14112e-05
2.87486e-06
4.44124e-05
1.47452e-06
4.73428e-05
2.46374e-07
-6.67729e-07
5.01624e-05
1.35796e-06
2.28735e-05
2.71959e-06
2.21159e-05
4.0539e-06
2.08703e-05
5.39224e-06
1.97522e-05
6.75507e-06
1.868e-05
8.15954e-06
1.76317e-05
9.61961e-06
1.65983e-05
1.11487e-05
1.55722e-05
1.27588e-05
1.45436e-05
1.4461e-05
1.35008e-05
1.62647e-05
1.24305e-05
1.81778e-05
1.13185e-05
2.02058e-05
1.01514e-05
2.23515e-05
8.91752e-06
2.46139e-05
7.60895e-06
2.69874e-05
6.22356e-06
2.9461e-05
4.76771e-06
3.20171e-05
3.25929e-06
3.4631e-05
1.73108e-06
3.72714e-05
2.34609e-07
3.99015e-05
-1.15551e-06
4.24836e-05
-2.33566e-06
-3.16993e-06
4.49859e-05
1.27782e-06
2.15958e-05
2.56531e-06
2.08286e-05
3.82451e-06
1.96109e-05
5.08256e-06
1.84943e-05
6.35646e-06
1.74061e-05
7.66007e-06
1.63282e-05
9.00499e-06
1.52534e-05
1.04022e-05
1.4175e-05
1.18617e-05
1.30842e-05
1.33926e-05
1.197e-05
1.50026e-05
1.08204e-05
1.66982e-05
9.62283e-06
1.84839e-05
8.36564e-06
2.0362e-05
7.03945e-06
2.23318e-05
5.6391e-06
2.43894e-05
4.16589e-06
2.65269e-05
2.63027e-06
2.87315e-05
1.0548e-06
3.09853e-05
-5.22624e-07
3.32654e-05
-2.04552e-06
3.55454e-05
-3.43539e-06
3.77974e-05
-4.58768e-06
-5.37097e-06
3.99986e-05
1.1898e-06
2.04059e-05
2.39316e-06
1.96251e-05
3.56881e-06
1.84351e-05
4.73965e-06
1.73235e-05
5.91973e-06
1.62261e-05
7.1196e-06
1.51283e-05
8.3487e-06
1.40244e-05
9.61571e-06
1.29081e-05
1.09286e-05
1.17713e-05
1.22947e-05
1.06039e-05
1.37202e-05
9.39479e-06
1.52104e-05
8.13271e-06
1.67685e-05
6.80755e-06
1.83962e-05
5.41173e-06
2.00932e-05
3.94215e-06
2.18565e-05
2.40251e-06
2.36808e-05
8.06058e-07
2.55571e-05
-8.21572e-07
2.74737e-05
-2.43919e-06
2.94153e-05
-3.9871e-06
3.13642e-05
-5.38428e-06
3.33024e-05
-6.52583e-06
-7.28377e-06
3.52153e-05
1.09593e-06
1.93099e-05
2.20697e-06
1.85138e-05
3.29154e-06
1.73505e-05
4.36916e-06
1.62457e-05
5.45117e-06
1.51442e-05
6.54533e-06
1.40341e-05
7.65886e-06
1.29109e-05
8.79831e-06
1.17687e-05
9.96988e-06
1.05998e-05
1.11793e-05
9.39453e-06
1.24313e-05
8.14279e-06
1.37295e-05
6.83447e-06
1.50764e-05
5.46075e-06
1.64727e-05
4.01545e-06
1.79179e-05
2.49695e-06
1.94099e-05
9.10506e-07
2.0945e-05
-7.29023e-07
2.25177e-05
-2.39426e-06
2.41209e-05
-4.04231e-06
2.57457e-05
-5.61191e-06
2.73825e-05
-7.02108e-06
2.90222e-05
-8.16546e-06
-8.9201e-06
3.06586e-05
9.95953e-07
1.83139e-05
2.0077e-06
1.75018e-05
2.99467e-06
1.63633e-05
3.9742e-06
1.52661e-05
4.95496e-06
1.41634e-05
5.94246e-06
1.30465e-05
6.94168e-06
1.19116e-05
7.95734e-06
1.0753e-05
8.9941e-06
9.56298e-06
1.00561e-05
8.33253e-06
1.11467e-05
7.05219e-06
1.22683e-05
5.71299e-06
1.34217e-05
4.30736e-06
1.46069e-05
2.83023e-06
1.58229e-05
1.28088e-06
1.7068e-05
-3.34639e-07
1.83397e-05
-2.00072e-06
1.96348e-05
-3.68936e-06
2.09499e-05
-5.35735e-06
2.22814e-05
-6.94345e-06
2.36267e-05
-8.36626e-06
2.49845e-05
-9.52317e-06
-1.02926e-05
2.63572e-05
8.87645e-07
1.74261e-05
1.79348e-06
1.65958e-05
2.67755e-06
1.5479e-05
3.55537e-06
1.43881e-05
4.43312e-06
1.32855e-05
5.3142e-06
1.21654e-05
6.20151e-06
1.10242e-05
7.09822e-06
9.8562e-06
8.00763e-06
8.65357e-06
8.93256e-06
7.40763e-06
9.87505e-06
6.10973e-06
1.0836e-05
4.75209e-06
1.18148e-05
3.32845e-06
1.28104e-05
1.83464e-06
1.38209e-05
2.7025e-07
1.48448e-05
-1.3586e-06
1.58801e-05
-3.03619e-06
1.69255e-05
-4.7348e-06
1.79801e-05
-6.41197e-06
1.90445e-05
-8.00784e-06
2.01215e-05
-9.44316e-06
2.12169e-05
-1.06185e-05
-1.14169e-05
2.23412e-05
7.6755e-07
1.66585e-05
1.56071e-06
1.58024e-05
2.33783e-06
1.47018e-05
3.11193e-06
1.36139e-05
3.88657e-06
1.25108e-05
4.6628e-06
1.13891e-05
5.44167e-06
1.02452e-05
6.22507e-06
9.07273e-06
7.01513e-06
7.86351e-06
7.81371e-06
6.60906e-06
8.62177e-06
5.30164e-06
9.43882e-06
3.93499e-06
1.02626e-05
2.50458e-06
1.10903e-05
1.00693e-06
1.19194e-05
-5.58961e-07
1.27482e-05
-2.18745e-06
1.35753e-05
-3.86337e-06
1.44002e-05
-5.55984e-06
1.52241e-05
-7.2359e-06
1.60503e-05
-8.83409e-06
1.68859e-05
-1.02787e-05
1.77425e-05
-1.1475e-05
-1.23121e-05
1.86377e-05
6.31966e-07
1.60265e-05
1.30565e-06
1.51284e-05
1.97352e-06
1.40339e-05
2.64414e-06
1.29431e-05
3.31747e-06
1.18373e-05
3.99176e-06
1.07147e-05
4.66645e-06
9.57043e-06
5.34233e-06
8.39679e-06
6.02084e-06
7.18497e-06
6.70336e-06
5.9265e-06
7.39032e-06
4.61462e-06
8.08004e-06
3.24519e-06
8.76806e-06
1.81653e-06
9.44922e-06
3.25779e-07
1.01204e-05
-1.23007e-06
1.07797e-05
-2.84679e-06
1.14265e-05
-4.51016e-06
1.2061e-05
-6.19435e-06
1.26853e-05
-7.86024e-06
1.33048e-05
-9.45349e-06
1.39291e-05
-1.09029e-05
1.45742e-05
-1.212e-05
-1.30017e-05
1.52638e-05
4.78109e-07
1.55483e-05
1.02688e-06
1.45794e-05
1.58648e-06
1.34742e-05
2.15706e-06
1.23723e-05
2.73291e-06
1.12614e-05
3.30924e-06
1.01383e-05
3.88406e-06
8.99554e-06
4.45745e-06
7.82335e-06
5.03075e-06
6.6116e-06
5.60563e-06
5.35153e-06
6.18293e-06
4.03723e-06
6.76052e-06
2.66757e-06
7.33077e-06
1.24632e-06
7.88507e-06
-2.28442e-07
8.41971e-06
-1.76462e-06
8.93361e-06
-3.36067e-06
9.42673e-06
-5.00328e-06
9.89996e-06
-6.66756e-06
1.03561e-05
-8.31627e-06
1.08012e-05
-9.89844e-06
1.12465e-05
-1.1348e-05
1.17103e-05
-1.25838e-05
-1.3512e-05
1.22206e-05
3.06102e-07
1.52419e-05
7.29478e-07
1.41558e-05
1.18753e-06
1.30159e-05
1.66523e-06
1.18945e-05
2.14922e-06
1.07774e-05
2.63196e-06
9.65549e-06
3.11048e-06
8.51696e-06
3.58465e-06
7.34908e-06
4.05618e-06
6.13995e-06
4.52796e-06
4.87965e-06
5.00292e-06
3.56225e-06
5.48023e-06
2.1903e-06
5.94786e-06
7.78763e-07
6.39136e-06
-6.71886e-07
6.80739e-06
-2.18067e-06
7.19665e-06
-3.75e-06
7.56018e-06
-5.36688e-06
7.89936e-06
-7.00673e-06
8.21708e-06
-8.6339e-06
8.51948e-06
-1.02007e-05
8.81795e-06
-1.16464e-05
9.1316e-06
-1.28974e-05
-1.38704e-05
9.49002e-06
1.22293e-07
1.51193e-05
4.29965e-07
1.38481e-05
8.00915e-07
1.26448e-05
1.19607e-06
1.14994e-05
1.59482e-06
1.03786e-05
1.98832e-06
9.26191e-06
2.37335e-06
8.1318e-06
2.74965e-06
6.97264e-06
3.11914e-06
5.77037e-06
3.48628e-06
4.5125e-06
3.85855e-06
3.19003e-06
4.24123e-06
1.80768e-06
4.61552e-06
4.04484e-07
4.9578e-06
-1.01423e-06
5.26741e-06
-2.49039e-06
5.54837e-06
-4.03108e-06
5.80282e-06
-5.62141e-06
6.03208e-06
-7.23599e-06
6.23857e-06
-8.84034e-06
6.42766e-06
-1.03898e-05
6.60975e-06
-1.18285e-05
6.80265e-06
-1.30903e-05
-1.41026e-05
7.03492e-06
-5.65151e-08
1.51758e-05
1.62034e-07
1.36295e-05
4.65297e-07
1.23415e-05
7.88946e-07
1.11757e-05
1.10953e-06
1.00579e-05
1.41928e-06
8.95205e-06
1.71506e-06
7.83592e-06
1.99545e-06
6.69219e-06
2.26063e-06
5.50519e-06
2.51449e-06
4.25866e-06
2.77035e-06
2.93418e-06
3.05354e-06
1.52445e-06
3.33175e-06
1.26188e-07
3.57033e-06
-1.2529e-06
3.77719e-06
-2.69733e-06
3.96096e-06
-4.21489e-06
4.12302e-06
-5.7835e-06
4.26328e-06
-7.37625e-06
4.38279e-06
-8.95983e-06
4.48535e-06
-1.04923e-05
4.57909e-06
-1.19221e-05
4.6785e-06
-1.31896e-05
-1.42312e-05
4.80714e-06
-2.05536e-07
1.53814e-05
-3.45084e-08
1.34583e-05
2.21911e-07
1.2085e-05
4.85037e-07
1.09125e-05
7.38016e-07
9.80486e-06
9.75901e-07
8.71414e-06
1.19469e-06
7.61709e-06
1.38964e-06
6.4972e-06
1.55541e-06
5.33938e-06
1.6878e-06
4.1262e-06
1.79445e-06
2.82748e-06
1.93966e-06
1.3792e-06
2.09595e-06
-3.01051e-08
2.20223e-06
-1.35917e-06
2.30229e-06
-2.79743e-06
2.39697e-06
-4.30963e-06
2.48093e-06
-5.86751e-06
2.5508e-06
-7.44609e-06
2.60557e-06
-9.01449e-06
2.64684e-06
-1.05334e-05
2.67956e-06
-1.19547e-05
2.71333e-06
-1.32233e-05
-1.42821e-05
2.76436e-06
-2.84241e-07
-1.30092e-07
8.85768e-08
3.09221e-07
5.20136e-07
7.15628e-07
8.89208e-07
1.03227e-06
1.1329e-06
1.17238e-06
1.11675e-06
9.42914e-07
8.15491e-07
7.7798e-07
7.8512e-07
8.05576e-07
8.27184e-07
8.44741e-07
8.56223e-07
8.61524e-07
8.62185e-07
8.6168e-07
8.65668e-07
1.28462e-05
-1.27654e-05
1.21375e-05
7.08663e-07
-1.00276e-05
2.21651e-05
5.29555e-05
-6.29831e-05
-5.84212e-05
-1.13522e-05
-6.32221e-05
5.50957e-06
-6.75654e-05
2.65084e-05
4.8311e-05
-6.29209e-05
-7.0016e-05
-1.43666e-05
-6.43468e-05
-1.59638e-07
-5.40605e-05
1.62221e-05
2.9114e-05
-3.48635e-05
-7.0739e-05
-2.37135e-05
-5.94205e-05
-1.14781e-05
-4.60151e-05
2.81668e-06
1.21495e-05
-2.90506e-05
-0.0001047
-3.33602e-05
-8.74692e-05
-2.87086e-05
-6.14774e-05
-2.31752e-05
-9.37895e-06
-3.99489e-05
-0.000133635
-4.58958e-05
-0.000113071
-4.92719e-05
-9.30946e-05
-4.3152e-05
-2.96177e-05
-7.28559e-05
-0.000164445
-4.89469e-05
-0.000166564
-4.71534e-05
-0.00016559
-4.4125e-05
-3.49232e-05
-0.000160285
-0.000171665
-4.80405e-05
-0.000173517
-4.53023e-05
-0.000177316
-4.03259e-05
-3.04305e-05
-0.000181808
-0.000169574
-4.65969e-05
-0.000171404
-4.34726e-05
-0.000172589
-3.9141e-05
-3.27293e-05
-0.00017029
-0.000164409
-4.51148e-05
-0.000165972
-4.19101e-05
-0.000167627
-3.74855e-05
-3.22681e-05
-0.000168089
-0.000157207
-4.48386e-05
-0.000156896
-4.22208e-05
-0.000157726
-3.66559e-05
-3.23505e-05
-0.000157644
-0.00013853
-2.43448e-05
-0.000146838
-3.39122e-05
-0.000144212
-3.92823e-05
-3.64071e-05
-0.000140155
-6.15794e-05
3.24317e-06
-8.88865e-05
-6.60513e-06
-0.00011138
-1.67886e-05
-2.50076e-05
-0.00012278
1.62271e-05
1.77823e-05
-1.99905e-06
1.16209e-05
-2.32016e-05
4.41399e-06
-3.90195e-06
-4.43073e-05
6.78222e-05
2.3005e-05
6.03809e-05
1.90621e-05
5.06425e-05
1.41523e-05
7.97679e-06
3.87636e-05
9.40706e-05
2.3554e-05
9.22438e-05
2.08888e-05
8.89129e-05
1.74832e-05
1.30612e-05
8.38285e-05
0.000104423
2.19843e-05
0.000105213
2.0099e-05
0.00010508
1.76166e-05
1.43214e-05
0.000103819
0.00010609
1.95911e-05
0.000107992
1.81976e-05
0.000109285
1.63234e-05
1.38091e-05
0.000109797
0.000103425
1.69683e-05
0.000105721
1.5902e-05
0.000107592
1.44517e-05
1.25042e-05
0.000108897
9.86857e-05
1.43702e-05
0.000101052
1.35357e-05
0.000103107
1.23964e-05
1.08728e-05
0.000104739
9.29934e-05
1.19029e-05
9.52871e-05
1.12421e-05
9.73423e-05
1.03412e-05
9.14407e-06
9.90709e-05
8.69045e-05
9.60763e-06
8.90634e-05
9.08308e-06
9.10336e-05
8.37099e-06
7.43161e-06
9.2746e-05
8.0706e-05
7.49688e-06
8.27061e-05
7.08285e-06
8.45532e-05
6.52396e-06
5.79208e-06
8.61927e-05
7.455e-05
5.56972e-06
7.63858e-05
5.24703e-06
7.80951e-05
4.81461e-06
4.25246e-06
7.96348e-05
6.85161e-05
3.8181e-06
7.01914e-05
3.57166e-06
7.17613e-05
3.24473e-06
2.82295e-06
7.31908e-05
6.26444e-05
2.23118e-06
6.41676e-05
2.04844e-06
6.56026e-05
1.80973e-06
1.5046e-06
6.6921e-05
5.69535e-05
7.98439e-07
5.83336e-05
6.68288e-07
5.96406e-05
5.02807e-07
2.94428e-07
6.08508e-05
5.14498e-05
-4.88867e-07
5.26949e-05
-5.76767e-07
5.38803e-05
-6.82592e-07
-8.11643e-07
5.49864e-05
4.6135e-05
-1.63785e-06
4.72516e-05
-1.69332e-06
4.83212e-05
-1.75214e-06
-1.81766e-06
4.93272e-05
4.10151e-05
-2.65428e-06
4.20087e-05
-2.68682e-06
4.29673e-05
-2.71061e-06
-2.72735e-06
4.38769e-05
3.61046e-05
-3.54351e-06
3.698e-05
-3.56216e-06
3.78318e-05
-3.56231e-06
-3.54424e-06
3.86487e-05
3.14262e-05
-4.31096e-06
3.21882e-05
-4.32419e-06
3.29374e-05
-4.31151e-06
-4.2719e-06
3.36651e-05
2.70088e-05
-4.96252e-06
2.76628e-05
-4.97818e-06
2.83141e-05
-4.96283e-06
-4.9142e-06
2.89564e-05
2.28839e-05
-5.50511e-06
2.3436e-05
-5.53026e-06
2.39946e-05
-5.52155e-06
-5.47551e-06
2.4556e-05
1.90796e-05
-5.94695e-06
1.9537e-05
-5.98764e-06
2.00091e-05
-5.99379e-06
-5.96074e-06
2.04944e-05
1.56144e-05
-6.29755e-06
1.59853e-05
-6.35855e-06
1.63777e-05
-6.38633e-06
-6.37512e-06
1.67921e-05
1.24904e-05
-6.56733e-06
1.27836e-05
-6.65179e-06
1.31033e-05
-6.70607e-06
-6.72343e-06
1.34516e-05
9.68933e-06
-6.76663e-06
9.91333e-06
-6.87575e-06
1.01662e-05
-6.95896e-06
-7.00891e-06
1.04517e-05
7.17317e-06
-6.90483e-06
7.33484e-06
-7.03741e-06
7.52484e-06
-7.14897e-06
-7.2319e-06
7.7478e-06
4.8923e-06
-6.98997e-06
4.99699e-06
-7.1421e-06
5.12575e-06
-7.27771e-06
-7.38933e-06
5.28317e-06
2.80305e-06
-7.02865e-06
2.85443e-06
-7.19346e-06
2.92179e-06
-7.34505e-06
-7.47661e-06
3.00898e-06
8.72314e-07
8.83096e-07
8.99276e-07
9.2245e-07
-3.81245e-05
0.000185326
-1.23377e-05
0.000131073
6.23012e-06
8.04651e-05
1.81018e-05
3.02395e-05
2.46076e-05
-6.04582e-07
2.41998e-05
-9.6473e-06
1.50871e-05
4.45883e-06
-3.64962e-06
2.03935e-05
-2.41464e-05
1.7233e-05
-3.30382e-05
-2.50669e-05
-2.26552e-05
-7.53833e-05
-5.41518e-06
-8.50273e-05
1.66205e-05
-4.94768e-05
4.29309e-07
1.15516e-05
-2.44034e-05
-2.16107e-06
-1.76799e-05
-5.79734e-05
8.29812e-06
-9.27123e-05
6.4688e-06
-7.79542e-05
-6.77164e-05
-1.65023e-05
0.000138908
2.51618e-05
8.94089e-05
5.70985e-05
4.85283e-05
7.14168e-05
1.59212e-05
7.32011e-05
-2.38892e-06
5.91546e-05
4.3992e-06
3.7742e-05
2.58714e-05
1.37994e-05
4.43361e-05
-4.83912e-06
3.58714e-05
-1.39056e-05
-1.60004e-05
-1.21959e-05
-7.7093e-05
-7.87867e-06
-8.93445e-05
-3.76261e-06
-5.35928e-05
-1.68747e-05
2.46637e-05
-3.59376e-05
1.69018e-05
-2.5782e-05
-6.81291e-05
1.36877e-05
-0.000132182
4.53753e-05
-0.000109642
-2.23411e-05
1.41767e-05
8.98674e-05
4.90819e-05
5.45036e-05
7.18909e-05
2.57193e-05
7.87601e-05
9.05199e-06
7.16529e-05
4.71826e-06
4.10649e-05
3.49872e-05
1.63489e-05
5.05874e-05
-8.43031e-07
6.15281e-05
-1.27844e-05
4.78128e-05
-1.34595e-05
-1.53253e-05
-1.26237e-05
-7.79288e-05
-1.19847e-05
-8.99835e-05
-2.05594e-05
-4.50181e-05
-4.7177e-05
5.12812e-05
-6.81344e-05
3.78592e-05
-6.73266e-05
-6.89368e-05
-3.88047e-05
-0.000160704
1.02925e-05
-0.000158739
-1.20486e-05
1.39066e-05
4.69102e-05
4.34065e-05
2.50038e-05
6.60583e-05
3.06747e-06
6.37977e-05
1.13126e-05
4.61889e-06
6.38971e-05
-3.21241e-05
7.17302e-05
-4.08906e-05
5.93538e-05
-4.15956e-05
6.22332e-05
-3.56347e-05
4.18519e-05
-2.22784e-05
-2.86816e-05
-1.45324e-05
-8.56748e-05
-1.17529e-05
-9.2763e-05
-1.92639e-05
-3.75071e-05
-4.9344e-05
8.13613e-05
-8.78063e-05
7.63216e-05
-0.000109597
-4.71464e-05
-9.67839e-05
-0.000173517
-3.92762e-05
-0.000216247
-5.13247e-05
5.29076e-06
1.67052e-06
4.11774e-05
-1.08829e-05
2.02843e-05
2.39605e-05
-6.14142e-05
9.30113e-05
-0.000111548
0.000114031
-9.25902e-05
5.27719e-05
-8.23498e-05
4.91134e-05
-7.08412e-05
5.07246e-05
-4.90309e-05
2.00416e-05
-2.71426e-05
-5.05699e-05
-1.19567e-05
-0.000100861
-4.3273e-06
-0.000100392
-2.13041e-06
-3.9704e-05
-1.74752e-05
9.6706e-05
-7.67001e-05
0.000135547
-0.000125538
1.69143e-06
-0.000149543
-0.000149512
-7.76697e-05
-0.00028812
-0.000128994
-3.86498e-05
-3.25354e-05
-6.81635e-05
1.86306e-05
-0.000121209
7.70056e-05
-0.000140434
0.000112237
-0.000113936
8.75332e-05
-0.000104841
4.36768e-05
-9.54508e-05
3.97231e-05
-7.70297e-05
3.23034e-05
-4.91682e-05
-7.81995e-06
-2.1858e-05
-7.788e-05
-5.62415e-06
-0.000117095
2.05895e-06
-0.000108075
6.64566e-06
-4.42907e-05
8.47213e-06
9.48795e-05
-3.38138e-05
0.000177832
-9.61998e-05
6.40774e-05
-0.00017407
-7.16415e-05
-9.50937e-05
-0.000367096
-0.000224088
-0.000158824
-3.39963e-05
-0.000168372
2.81785e-05
-0.000164315
7.29485e-05
-0.00013961
8.75325e-05
-0.000110305
5.82278e-05
-0.000102418
3.57901e-05
-9.09471e-05
2.82521e-05
-6.87402e-05
1.00965e-05
-3.61383e-05
-4.04218e-05
-9.89573e-06
-0.000104123
3.39232e-07
-0.00012733
1.94511e-06
-0.000109681
2.84428e-06
-4.51899e-05
1.15601e-05
8.61637e-05
5.93324e-07
0.000188799
-4.57719e-05
0.000110443
-0.000142491
2.5078e-05
-8.96364e-05
-0.000419951
-0.000313725
-0.000183975
-3.18298e-05
-0.000177242
2.14455e-05
-0.000157117
5.28232e-05
-0.000120301
5.07169e-05
-0.000103764
4.16908e-05
-9.82387e-05
3.02647e-05
-7.90124e-05
9.02578e-06
-4.56876e-05
-2.32283e-05
-1.17873e-05
-7.43223e-05
4.44955e-06
-0.000120359
5.72729e-06
-0.000128607
-5.11708e-06
-9.88369e-05
-7.99376e-06
-4.23132e-05
2.66182e-06
7.55081e-05
1.69484e-05
0.000174513
-6.62771e-06
0.000134019
-6.0407e-05
7.88571e-05
-6.64816e-05
-0.000413877
-0.000380206
-0.000163534
-3.85858e-05
-0.000151119
9.03022e-06
-0.000126694
2.83979e-05
-0.000108392
3.2415e-05
-9.61114e-05
2.94105e-05
-7.65666e-05
1.07199e-05
-5.05268e-05
-1.70141e-05
-1.7078e-05
-5.66769e-05
1.13285e-05
-0.000102729
1.64104e-05
-0.000125441
1.45266e-05
-0.000126723
-1.69898e-05
-6.73206e-05
-2.20302e-05
-3.72728e-05
-4.93502e-06
5.8413e-05
1.73504e-05
0.000152227
1.60886e-05
0.000135281
8.06521e-06
8.68806e-05
-4.0614e-05
-0.000365198
-0.00042082
-0.000154271
-5.24038e-05
-0.000138129
-7.11155e-06
-0.000111533
1.80244e-06
-8.92104e-05
1.00919e-05
-5.50237e-05
-4.77634e-06
-1.96415e-05
-2.46622e-05
5.51485e-06
-4.21707e-05
2.25629e-05
-7.3725e-05
2.41035e-05
-0.000104269
2.54262e-05
-0.000126764
7.14904e-06
-0.000108446
-1.09033e-05
-4.92683e-05
-2.97411e-05
-1.84348e-05
-2.15228e-05
5.01946e-05
7.43266e-07
0.000129961
8.19755e-06
0.000127826
4.97663e-05
4.53119e-05
-1.35964e-05
-0.000301835
-0.000434416
-0.000150278
-5.97689e-05
-0.000116634
-4.07566e-05
-8.61505e-05
-2.86806e-05
-5.81908e-05
-1.78678e-05
-2.93523e-05
-3.36147e-05
-7.64082e-06
-4.63736e-05
1.20647e-05
-6.18762e-05
2.24426e-05
-8.41029e-05
2.52669e-05
-0.000107094
1.20848e-05
-0.000113582
-3.14148e-05
-6.49468e-05
-5.76968e-05
-2.29863e-05
-6.39657e-05
-1.2166e-05
-5.26327e-05
3.88618e-05
-3.11042e-05
0.000108433
-1.30347e-05
0.000109757
3.93846e-05
-7.10703e-06
1.53471e-06
-0.000263985
-0.000432881
-0.000129357
-7.05677e-05
-0.000111473
-5.86398e-05
-8.88945e-05
-5.12594e-05
-5.75121e-05
-4.92502e-05
-3.61445e-05
-5.49823e-05
-1.85555e-05
-6.39625e-05
-2.48878e-06
-7.79429e-05
8.46976e-06
-9.50614e-05
1.38365e-05
-0.00011246
-3.15907e-05
-6.81548e-05
-8.02559e-05
-1.62812e-05
-9.5362e-05
-7.88031e-06
-0.000104628
-2.89964e-06
-0.00010542
3.96538e-05
-9.51856e-05
9.81979e-05
-5.71178e-05
7.16889e-05
-1.47811e-05
-4.94433e-05
-6.28907e-06
-0.000272477
-0.00043917
-0.000110648
-8.26996e-05
-9.52473e-05
-7.40405e-05
-7.78014e-05
-6.87053e-05
-5.84823e-05
-6.85694e-05
-4.09094e-05
-7.25552e-05
-2.50441e-05
-7.98278e-05
-9.65015e-06
-9.33368e-05
3.05117e-06
-0.000107763
-2.77556e-05
-8.16537e-05
-7.17979e-05
-2.41126e-05
-9.55918e-05
7.51295e-06
-0.000113316
9.84379e-06
-0.000137671
2.14553e-05
-0.000152219
5.42017e-05
-0.000124369
7.03486e-05
-7.79102e-05
2.523e-05
-3.15566e-05
-9.57967e-05
-3.83902e-06
-0.000300195
-0.00044301
-8.78081e-05
-3.91987e-05
-8.76234e-05
-7.42252e-05
-6.9895e-05
-8.64337e-05
-5.54685e-05
-8.29959e-05
-4.09317e-05
-8.7092e-05
-2.26771e-05
-9.80824e-05
-6.24692e-06
-0.000109767
-2.77762e-05
-8.62334e-05
-6.09685e-05
-4.84612e-05
-8.34344e-05
-1.64668e-06
-9.77154e-05
2.17941e-05
-0.00011792
3.00481e-05
-0.000139207
4.27423e-05
-0.000137817
5.28122e-05
-0.000108423
4.09551e-05
-6.83586e-05
-1.48347e-05
-2.42398e-05
-0.000139915
1.11795e-06
-0.000325553
-0.000441892
8.06823e-06
-8.50331e-06
-2.53267e-05
-4.08304e-05
-4.96858e-05
-6.20746e-05
-5.00803e-05
-8.26013e-05
-4.18418e-05
-9.53305e-05
-4.23989e-05
-9.75253e-05
-5.04592e-05
-0.000101707
-6.09361e-05
-7.57565e-05
-7.32298e-05
-3.61675e-05
-7.98554e-05
4.97902e-06
-8.86107e-05
3.05493e-05
-0.00010191
4.33476e-05
-0.000108925
4.97572e-05
-0.000100246
4.41332e-05
-7.67261e-05
1.74355e-05
-4.75564e-05
-4.40044e-05
-1.18368e-05
-0.000175635
4.40223e-06
-0.000341792
-0.000437489
6.59037e-05
9.42139e-06
4.39678e-05
-1.88946e-05
2.51258e-05
-4.32327e-05
8.80177e-06
-6.62773e-05
-4.59182e-06
-8.19369e-05
-1.67548e-05
-8.53622e-05
-3.62376e-05
-8.22238e-05
-5.10408e-05
-6.09533e-05
-5.93043e-05
-2.79039e-05
-6.17614e-05
7.43633e-06
-6.51595e-05
3.39475e-05
-6.97421e-05
4.79304e-05
-6.90746e-05
4.90899e-05
-5.94763e-05
3.45349e-05
-4.27831e-05
7.42309e-07
-2.33694e-05
-6.34181e-05
2.94047e-07
-0.000199298
6.704e-06
-0.000348202
-0.000430785
9.56755e-05
1.7565e-05
8.20672e-05
-5.28639e-06
6.5997e-05
-2.71624e-05
4.71544e-05
-4.74347e-05
2.70722e-05
-6.18547e-05
8.10239e-06
-6.63924e-05
-1.19351e-05
-6.21862e-05
-2.70843e-05
-4.58041e-05
-3.49741e-05
-2.0014e-05
-3.66031e-05
9.06554e-06
-3.6191e-05
3.35355e-05
-3.50888e-05
4.68281e-05
-3.0968e-05
4.49693e-05
-2.26013e-05
2.61682e-05
-1.07961e-05
-1.10628e-05
1.89479e-06
-7.6109e-05
1.07728e-05
-0.000208176
8.4394e-06
-0.000345868
-0.000422346
0.00010716
2.02022e-05
9.96338e-05
2.23937e-06
8.76626e-05
-1.51914e-05
7.12921e-05
-3.10642e-05
5.20818e-05
-4.26443e-05
3.26882e-05
-4.69988e-05
1.41233e-05
-4.3621e-05
-3.09096e-07
-3.13718e-05
-8.53662e-06
-1.17863e-05
-1.05614e-05
1.10904e-05
-8.64319e-06
3.16173e-05
-4.77032e-06
4.29553e-05
7.09054e-07
3.949e-05
7.95264e-06
1.89246e-05
1.65547e-05
-1.96647e-05
2.4677e-05
-8.42314e-05
2.00994e-05
-0.000203599
1.02685e-05
-0.000336037
-0.000412077
0.000109159
1.99404e-05
0.000105297
6.10124e-06
9.72187e-05
-7.11357e-06
8.49091e-05
-1.87546e-05
6.94217e-05
-2.71567e-05
5.28253e-05
-3.04024e-05
3.68472e-05
-2.76427e-05
2.38535e-05
-1.83781e-05
1.57002e-05
-3.63305e-06
1.29717e-05
1.3819e-05
1.47707e-05
2.98185e-05
1.92925e-05
3.84336e-05
2.49961e-05
3.37864e-05
3.11275e-05
1.27932e-05
3.74318e-05
-2.59689e-05
4.16836e-05
-8.84831e-05
3.03844e-05
-0.0001923
1.2229e-05
-0.000317882
-0.000399848
0.000106464
1.82154e-05
0.000104883
7.68226e-06
9.9805e-05
-2.03588e-06
9.12261e-05
-1.01757e-05
7.97809e-05
-1.57113e-05
6.68529e-05
-1.74745e-05
5.39973e-05
-1.47871e-05
4.30511e-05
-7.43178e-06
3.55806e-05
3.83763e-06
3.2375e-05
1.70245e-05
3.33125e-05
2.8881e-05
3.71592e-05
3.4587e-05
4.21636e-05
2.87819e-05
4.70514e-05
7.90529e-06
5.10179e-05
-2.99355e-05
5.14606e-05
-8.89257e-05
3.75578e-05
-0.000178397
1.39791e-05
-0.000294304
-0.000385869
0.000101513
1.57734e-05
0.000101352
7.84329e-06
9.84184e-05
8.97453e-07
9.27223e-05
-4.47961e-06
8.46651e-05
-7.65394e-06
7.51426e-05
-7.95189e-06
6.53315e-05
-4.97585e-06
5.6603e-05
1.29667e-06
5.02148e-05
1.02258e-05
4.69715e-05
2.02676e-05
4.70519e-05
2.88006e-05
4.97381e-05
3.19008e-05
5.35523e-05
2.49678e-05
5.70181e-05
4.43952e-06
5.88709e-05
-3.17885e-05
5.64085e-05
-8.64634e-05
4.19064e-05
-0.000163895
1.52842e-05
-0.000267681
-0.000370585
9.54972e-05
1.30222e-05
9.61995e-05
7.14089e-06
9.47316e-05
2.36533e-06
9.11151e-05
-8.62825e-07
8.563e-05
-2.16896e-06
7.8859e-05
-1.18088e-06
7.16414e-05
2.24169e-06
6.49631e-05
7.9749e-06
5.97824e-05
1.54064e-05
5.68107e-05
2.32394e-05
5.63202e-05
2.92911e-05
5.79061e-05
3.03149e-05
6.04501e-05
2.24238e-05
6.25657e-05
2.32391e-06
6.28445e-05
-3.20674e-05
5.89319e-05
-8.25509e-05
4.5873e-05
-0.000150836
1.80337e-05
-0.000239842
-0.000352552
8.90261e-05
1.01888e-05
9.02335e-05
5.93361e-06
8.97362e-05
2.8624e-06
8.75716e-05
1.30192e-06
8.39315e-05
1.47093e-06
7.92334e-05
3.5172e-06
7.40507e-05
7.42407e-06
6.90841e-05
1.29417e-05
6.50408e-05
1.94496e-05
6.2491e-05
2.57893e-05
6.17047e-05
3.00774e-05
6.24428e-05
2.95767e-05
6.38747e-05
2.09918e-05
6.48276e-05
1.37108e-06
6.39959e-05
-3.12356e-05
5.94864e-05
-7.80415e-05
4.80383e-05
-0.000139388
2.39301e-05
-0.000215734
-0.000328621
8.24247e-05
7.39889e-06
8.39081e-05
4.45026e-06
8.40378e-05
2.73255e-06
8.28577e-05
2.48202e-06
8.05207e-05
3.8078e-06
7.73183e-05
6.71975e-06
7.36582e-05
1.1084e-05
7.00356e-05
1.65644e-05
6.69621e-05
2.2523e-05
6.48674e-05
2.7884e-05
6.39678e-05
3.09771e-05
6.40978e-05
2.94467e-05
6.46171e-05
2.04724e-05
6.45548e-05
1.43336e-06
6.27602e-05
-2.94409e-05
5.7776e-05
-7.30571e-05
4.76413e-05
-0.000129253
2.96208e-05
-0.000197713
-0.000299001
7.58694e-05
4.72025e-06
7.74857e-05
2.83401e-06
7.80136e-05
2.20471e-06
7.74989e-05
2.99664e-06
7.60663e-05
5.24036e-06
7.39299e-05
8.8562e-06
7.13847e-05
1.36291e-05
6.87839e-05
1.91651e-05
6.64934e-05
2.48135e-05
6.48199e-05
2.95573e-05
6.39073e-05
3.18898e-05
6.36001e-05
2.97538e-05
6.3358e-05
2.07146e-05
6.2333e-05
2.45829e-06
5.94905e-05
-2.65983e-05
5.35977e-05
-6.71641e-05
4.32343e-05
-0.00011889
2.65651e-05
-0.000181044
-0.000272435
6.94541e-05
2.18722e-06
7.11162e-05
1.17184e-06
7.18944e-05
1.42652e-06
7.18326e-05
3.05819e-06
7.10337e-05
6.03921e-06
6.96611e-05
1.02286e-05
6.79333e-05
1.53569e-05
6.61048e-05
2.09934e-05
6.44341e-05
2.64843e-05
6.31263e-05
3.0865e-05
6.2249e-05
3.27671e-05
6.16206e-05
3.03823e-05
6.07307e-05
2.16044e-05
5.877e-05
4.41906e-06
5.47297e-05
-2.25581e-05
4.74175e-05
-5.98518e-05
3.5547e-05
-0.000107019
1.80335e-05
-0.00016353
-0.000254402
6.32239e-05
-1.85876e-07
6.4881e-05
-4.8535e-07
6.58167e-05
4.90728e-07
6.60711e-05
2.80367e-06
6.5729e-05
6.38131e-06
6.49182e-05
1.10391e-05
6.38038e-05
1.64714e-05
6.25709e-05
2.22261e-05
6.13982e-05
2.7657e-05
6.04094e-05
3.18537e-05
5.9601e-05
3.35754e-05
5.87488e-05
3.12345e-05
5.73331e-05
2.30201e-05
5.45315e-05
7.22073e-06
4.92932e-05
-1.73198e-05
4.03534e-05
-5.09119e-05
2.64528e-05
-9.31189e-05
7.98511e-06
-0.000145063
-0.000246417
5.71967e-05
-2.39614e-06
5.88208e-05
-2.10956e-06
5.98578e-05
-5.46195e-07
6.03426e-05
2.31886e-06
6.0345e-05
6.37898e-06
5.99662e-05
1.14177e-05
5.93325e-05
1.71052e-05
5.85792e-05
2.29794e-05
5.7826e-05
2.841e-05
5.71338e-05
3.25459e-05
5.64407e-05
3.42684e-05
5.54814e-05
3.21936e-05
5.37172e-05
2.47844e-05
5.03101e-05
1.06279e-05
4.41737e-05
-1.11834e-05
3.40501e-05
-4.07884e-05
1.90083e-05
-7.80771e-05
1.34008e-06
-0.000127395
-0.000245077
5.1378e-05
-4.44681e-06
5.29556e-05
-3.68718e-06
5.40608e-05
-1.65135e-06
5.47236e-05
1.65602e-06
5.5001e-05
6.1017e-06
5.49733e-05
1.14454e-05
5.47378e-05
1.73406e-05
5.43939e-05
2.33232e-05
5.40185e-05
2.87852e-05
5.36275e-05
3.29369e-05
5.31179e-05
3.47779e-05
5.21995e-05
3.3112e-05
5.03316e-05
2.66522e-05
4.67014e-05
1.42583e-05
4.02798e-05
-4.76177e-06
3.00421e-05
-3.05509e-05
1.58566e-05
-6.38916e-05
2.22808e-06
-0.000113766
-0.000242849
4.57734e-05
-6.34322e-06
4.72987e-05
-5.21238e-06
4.84534e-05
-2.80616e-06
4.92629e-05
8.46502e-07
4.97727e-05
5.59194e-06
5.00466e-05
1.11715e-05
5.016e-05
1.72271e-05
5.01864e-05
2.32968e-05
5.01738e-05
2.87977e-05
5.01089e-05
3.30017e-05
4.9867e-05
3.50198e-05
4.91539e-05
3.38251e-05
4.74564e-05
2.83497e-05
4.40349e-05
1.76798e-05
3.8024e-05
1.24923e-06
2.86984e-05
-2.12254e-05
1.64058e-05
-5.15989e-05
5.01552e-06
-0.000102376
-0.000237833
4.0396e-05
-8.09054e-06
4.18667e-05
-6.68296e-06
4.30606e-05
-4.0002e-06
4.39977e-05
-9.05377e-08
4.47135e-05
4.87615e-06
4.52581e-05
1.06268e-05
4.56905e-05
1.67945e-05
4.60663e-05
2.29209e-05
4.64157e-05
2.84482e-05
4.67107e-05
3.27066e-05
4.68211e-05
3.49094e-05
4.64678e-05
3.41786e-05
4.51878e-05
2.96297e-05
4.23476e-05
2.052e-05
3.72408e-05
6.35605e-06
2.94054e-05
-1.339e-05
1.91615e-05
-4.1355e-05
8.52999e-06
-9.17446e-05
-0.000229303
3.52677e-05
-9.69328e-06
3.66834e-05
-8.09849e-06
3.79106e-05
-5.22743e-06
3.89633e-05
-1.14314e-06
3.98677e-05
3.97168e-06
4.06622e-05
9.8322e-06
4.13931e-05
1.60635e-05
4.21045e-05
2.22093e-05
4.28183e-05
2.77345e-05
4.3503e-05
3.20218e-05
4.40358e-05
3.43768e-05
4.41631e-05
3.40514e-05
4.34806e-05
3.03122e-05
4.14581e-05
2.25425e-05
3.75403e-05
1.02738e-05
3.13518e-05
-7.20159e-06
2.29019e-05
-3.29051e-05
1.25182e-05
-8.1361e-05
-0.000216785
3.04187e-05
-1.11557e-05
3.17796e-05
-9.45937e-06
3.30365e-05
-6.48434e-06
3.41969e-05
-2.30349e-06
3.52775e-05
2.89093e-06
3.63054e-05
8.80421e-06
3.73166e-05
1.50522e-05
3.8349e-05
2.11767e-05
3.94233e-05
2.66604e-05
4.05145e-05
3.09307e-05
4.15149e-05
3.33765e-05
4.22018e-05
3.33647e-05
4.22272e-05
3.02867e-05
4.11559e-05
2.36137e-05
3.85495e-05
1.28802e-05
3.4053e-05
-2.70522e-06
2.72818e-05
-2.6134e-05
1.7119e-05
-7.11981e-05
-0.000199666
2.58824e-05
-1.24821e-05
2.71893e-05
-1.07663e-05
2.84737e-05
-7.76877e-06
2.97364e-05
-3.56623e-06
3.09834e-05
1.64369e-06
3.22297e-05
7.55784e-06
3.35014e-05
1.37805e-05
3.48338e-05
1.98442e-05
3.62528e-05
2.52415e-05
3.77476e-05
2.9436e-05
3.92308e-05
3.18933e-05
4.05125e-05
3.20831e-05
4.12947e-05
2.95045e-05
4.1223e-05
2.36853e-05
3.99588e-05
1.41443e-05
3.71521e-05
1.01522e-07
3.20917e-05
-2.10735e-05
2.21354e-05
-6.12417e-05
-0.00017753
2.16897e-05
-1.36774e-05
2.29433e-05
-1.202e-05
2.42537e-05
-9.07927e-06
2.56152e-05
-4.9278e-06
2.7021e-05
2.37622e-07
2.84711e-05
6.10773e-06
2.99801e-05
1.22713e-05
3.15833e-05
1.82411e-05
3.33183e-05
2.35064e-05
3.51922e-05
2.75623e-05
3.71379e-05
2.99477e-05
3.90014e-05
3.02196e-05
4.05329e-05
2.7973e-05
4.14478e-05
2.27703e-05
4.15054e-05
1.40867e-05
4.03569e-05
1.25006e-06
3.70843e-05
-1.78008e-05
2.73738e-05
-5.15311e-05
-0.000150156
1.78609e-05
-1.47463e-05
1.90606e-05
-1.32198e-05
2.03949e-05
-1.04136e-05
2.1853e-05
-6.38593e-06
2.34129e-05
-1.32247e-06
2.50536e-05
4.467e-06
2.67738e-05
1.0551e-05
2.8614e-05
1.6401e-05
3.06234e-05
2.1497e-05
3.28398e-05
2.53461e-05
3.51993e-05
2.75883e-05
3.75651e-05
2.78538e-05
3.97708e-05
2.57673e-05
4.16184e-05
2.09228e-05
4.29224e-05
1.27828e-05
4.33615e-05
8.11063e-07
4.16542e-05
-1.60934e-05
3.3073e-05
-4.29497e-05
-0.000117083
1.43961e-05
-1.56908e-05
1.55368e-05
-1.43605e-05
1.68887e-05
-1.17656e-05
1.84404e-05
-7.9378e-06
2.01536e-05
-3.03584e-06
2.19762e-05
2.64435e-06
2.38779e-05
8.64924e-06
2.59155e-05
1.43636e-05
2.81635e-05
1.9249e-05
3.06406e-05
2.28692e-05
3.3308e-05
2.49209e-05
3.60722e-05
2.50897e-05
3.88518e-05
2.29878e-05
4.15137e-05
1.8261e-05
4.39405e-05
1.0356e-05
4.56099e-05
-8.58208e-07
4.45031e-05
-1.49865e-05
3.64995e-05
-3.49462e-05
-8.05839e-05
1.1268e-05
-1.65072e-05
1.23334e-05
-1.54261e-05
1.36838e-05
-1.3116e-05
1.53181e-05
-9.57227e-06
1.71858e-05
-4.90375e-06
1.91901e-05
6.40022e-07
2.12401e-05
6.59923e-06
2.34167e-05
1.2187e-05
2.58474e-05
1.68184e-05
2.84913e-05
2.02254e-05
3.13201e-05
2.20921e-05
3.43357e-05
2.20742e-05
3.75514e-05
1.97722e-05
4.10082e-05
1.48042e-05
4.4335e-05
7.02924e-06
4.66887e-05
-3.2119e-06
4.55122e-05
-1.381e-05
3.60229e-05
-2.54568e-05
-4.45609e-05
8.42082e-06
-1.71801e-05
9.37412e-06
-1.63796e-05
1.06743e-05
-1.44162e-05
1.23515e-05
-1.12496e-05
1.43652e-05
-6.91762e-06
1.65691e-05
-1.56395e-06
1.87552e-05
4.4133e-06
2.10188e-05
9.92328e-06
2.35612e-05
1.42759e-05
2.62932e-05
1.74936e-05
2.91187e-05
1.92666e-05
3.20829e-05
1.91099e-05
3.53812e-05
1.6474e-05
3.93351e-05
1.08503e-05
4.34741e-05
2.89025e-06
4.66371e-05
-6.37496e-06
4.68428e-05
-1.40157e-05
3.86248e-05
-1.72388e-05
-5.93613e-06
5.78432e-06
-1.76812e-05
6.55989e-06
-1.71554e-05
7.70866e-06
-1.5565e-05
9.31862e-06
-1.28596e-05
1.14157e-05
-9.01483e-06
1.38504e-05
-3.99888e-06
1.62534e-05
2.01032e-06
1.8611e-05
7.56574e-06
2.12898e-05
1.1597e-05
2.40281e-05
1.47552e-05
2.6636e-05
1.66587e-05
2.91198e-05
1.66261e-05
3.18034e-05
1.37903e-05
3.53652e-05
7.28842e-06
3.96782e-05
-1.42275e-06
4.44607e-05
-1.11575e-05
4.9278e-05
-1.8833e-05
4.79715e-05
-1.59323e-05
4.20354e-05
3.30961e-06
-1.79818e-05
3.82019e-06
-1.7666e-05
4.65028e-06
-1.63953e-05
5.9441e-06
-1.41535e-05
7.87327e-06
-1.09439e-05
1.04821e-05
-6.60791e-06
1.33465e-05
-8.5418e-07
1.60845e-05
4.82775e-06
1.91579e-05
8.52351e-06
2.19135e-05
1.19996e-05
2.41069e-05
1.44653e-05
2.56128e-05
1.51202e-05
2.65791e-05
1.28239e-05
2.81433e-05
5.72424e-06
3.06797e-05
-3.95922e-06
3.6813e-05
-1.72908e-05
5.12857e-05
-3.33058e-05
7.05271e-05
-3.51737e-05
0.000112562
1.01068e-06
1.18457e-06
1.50758e-06
2.08875e-06
3.1417e-06
5.16778e-06
8.8388e-06
1.37504e-05
1.76741e-05
2.055e-05
2.23761e-05
2.28142e-05
2.09896e-05
1.61807e-05
1.25581e-05
1.52643e-05
3.1739e-05
7.76696e-05
)
;

boundaryField
{
    leftWall
    {
        type            calculated;
        value           uniform 0;
    }
    rightWall
    {
        type            calculated;
        value           uniform 0;
    }
    lowerWall
    {
        type            calculated;
        value           uniform 0;
    }
    atmosphere
    {
        type            calculated;
        value           nonuniform List<scalar> 
46
(
1.56655e-05
1.33042e-05
1.18663e-05
1.06918e-05
9.59394e-06
8.51861e-06
7.44344e-06
6.35406e-06
5.23872e-06
4.08675e-06
2.88315e-06
1.55303e-06
9.72546e-08
-1.32175e-06
-2.80463e-06
-4.33007e-06
-5.88904e-06
-7.46358e-06
-9.02596e-06
-1.05387e-05
-1.19554e-05
-1.32227e-05
-1.42861e-05
-7.03532e-06
-7.20427e-06
-7.36117e-06
-7.49982e-06
-1.80701e-05
-1.78399e-05
-1.67184e-05
-1.47348e-05
-1.19968e-05
-8.63402e-06
-4.52526e-06
-8.38952e-08
4.59981e-06
9.12362e-06
1.26393e-05
1.46821e-05
1.46485e-05
1.05331e-05
-3.36611e-07
-1.9997e-05
-4.97805e-05
-8.11043e-05
0.000190232
)
;
    }
    defaultFaces
    {
        type            empty;
        value           nonuniform List<scalar> 0();
    }
}


// ************************************************************************* //
