/*--------------------------------*- C++ -*----------------------------------*\
| =========                 |                                                 |
| \\      /  F ield         | OpenFOAM: The Open Source CFD Toolbox           |
|  \\    /   O peration     | Version:  v2012                                 |
|   \\  /    A nd           | Website:  www.openfoam.com                      |
|    \\/     M anipulation  |                                                 |
\*---------------------------------------------------------------------------*/
FoamFile
{
    version     2.0;
    format      ascii;
    class       volVectorField;
    location    "0.85";
    object      U;
}
// * * * * * * * * * * * * * * * * * * * * * * * * * * * * * * * * * * * * * //

dimensions      [0 1 -1 0 0 0 0];


internalField   nonuniform List<vector> 
2268
(
(-0.0277561 0.0143414 0)
(-0.0788162 0.0150704 0)
(-0.121038 0.00937173 0)
(-0.147645 0.006375 0)
(-0.169949 0.00538515 0)
(-0.189741 0.00503688 0)
(-0.207941 0.00470065 0)
(-0.224171 0.00419061 0)
(-0.238017 0.00351389 0)
(-0.249204 0.00272748 0)
(-0.257656 0.00187121 0)
(-0.263282 0.000981119 0)
(-0.265807 8.65206e-05 0)
(-0.264868 -0.000881765 0)
(-0.260741 -0.00184616 0)
(-0.252495 -0.00299735 0)
(-0.238773 -0.00454126 0)
(-0.218788 -0.006573 0)
(-0.189694 -0.0099747 0)
(-0.14712 -0.0151923 0)
(-0.0913561 -0.0192044 0)
(-0.0331027 -0.0179848 0)
(-0.00134943 -0.0066302 0)
(-0.0447274 0.0378484 0)
(-0.0934858 0.0358487 0)
(-0.128348 0.0241896 0)
(-0.154222 0.0179147 0)
(-0.178295 0.0154166 0)
(-0.200173 0.0140109 0)
(-0.219575 0.0125853 0)
(-0.23601 0.0108655 0)
(-0.249292 0.00892215 0)
(-0.259466 0.00689643 0)
(-0.266735 0.0048524 0)
(-0.271253 0.00275275 0)
(-0.273037 0.000540411 0)
(-0.272008 -0.00185645 0)
(-0.267427 -0.00458149 0)
(-0.258557 -0.00802842 0)
(-0.243971 -0.0127016 0)
(-0.22134 -0.0188189 0)
(-0.187904 -0.0271399 0)
(-0.141602 -0.0369384 0)
(-0.0843129 -0.0422431 0)
(-0.0264438 -0.0345875 0)
(0.00276113 -0.00844192 0)
(-0.0465401 0.0676788 0)
(-0.0859091 0.055104 0)
(-0.119054 0.0381639 0)
(-0.147547 0.0299522 0)
(-0.173883 0.0263661 0)
(-0.197461 0.0237892 0)
(-0.217992 0.0209808 0)
(-0.235177 0.0177638 0)
(-0.248981 0.0143294 0)
(-0.259575 0.0109096 0)
(-0.267252 0.00758815 0)
(-0.272201 0.00425007 0)
(-0.274356 0.000719019 0)
(-0.273413 -0.00314888 0)
(-0.268876 -0.00765537 0)
(-0.260073 -0.013353 0)
(-0.245666 -0.0210783 0)
(-0.22328 -0.0315589 0)
(-0.190051 -0.0452612 0)
(-0.144037 -0.0603717 0)
(-0.0864335 -0.0686849 0)
(-0.026228 -0.0560633 0)
(0.00883615 -0.0124029 0)
(-0.0436341 0.0970966 0)
(-0.0781557 0.073295 0)
(-0.112075 0.0529505 0)
(-0.142813 0.0433213 0)
(-0.171052 0.0384466 0)
(-0.196002 0.0344141 0)
(-0.217381 0.030005 0)
(-0.23504 0.0251424 0)
(-0.249081 0.0201196 0)
(-0.259797 0.0152453 0)
(-0.267587 0.0106003 0)
(-0.272691 0.0059696 0)
(-0.275025 0.00105488 0)
(-0.274281 -0.00437865 0)
(-0.270073 -0.0106966 0)
(-0.261837 -0.0186512 0)
(-0.248383 -0.0294285 0)
(-0.227474 -0.0442135 0)
(-0.196227 -0.0634621 0)
(-0.152165 -0.0846327 0)
(-0.0949817 -0.097446 0)
(-0.0320698 -0.0811014 0)
(0.0115734 -0.014849 0)
(-0.0394874 0.123663 0)
(-0.071921 0.0908323 0)
(-0.107119 0.0685091 0)
(-0.139792 0.0577141 0)
(-0.169743 0.0513633 0)
(-0.195866 0.045606 0)
(-0.217886 0.039369 0)
(-0.235796 0.0326993 0)
(-0.249839 0.0259906 0)
(-0.260455 0.0196244 0)
(-0.268179 0.0136624 0)
(-0.273327 0.0077615 0)
(-0.27583 0.00149 0)
(-0.275406 -0.00545333 0)
(-0.271783 -0.0134787 0)
(-0.264567 -0.0235164 0)
(-0.252778 -0.0371228 0)
(-0.234345 -0.0559617 0)
(-0.206328 -0.0806517 0)
(-0.165634 -0.108253 0)
(-0.110514 -0.126705 0)
(-0.0468386 -0.10816 0)
(0.00345714 -0.0183713 0)
(-0.0349866 0.147772 0)
(-0.066673 0.108181 0)
(-0.103546 0.0848075 0)
(-0.138189 0.0729646 0)
(-0.169789 0.0649388 0)
(-0.19694 0.0571844 0)
(-0.219421 0.0488925 0)
(-0.237384 0.0402601 0)
(-0.251229 0.0317835 0)
(-0.26157 0.0239169 0)
(-0.269106 0.0166882 0)
(-0.27425 0.00959275 0)
(-0.276951 0.00205116 0)
(-0.276967 -0.0062775 0)
(-0.274165 -0.0158097 0)
(-0.268385 -0.0276228 0)
(-0.258908 -0.0436528 0)
(-0.243809 -0.0660969 0)
(-0.220043 -0.0958793 0)
(-0.183982 -0.129901 0)
(-0.132764 -0.154466 0)
(-0.0710984 -0.135199 0)
(-0.0193369 -0.0273512 0)
(-0.0303128 0.169301 0)
(-0.0620754 0.125753 0)
(-0.101102 0.102056 0)
(-0.137894 0.089134 0)
(-0.171093 0.079156 0)
(-0.199108 0.0690921 0)
(-0.221844 0.0584992 0)
(-0.239653 0.0477418 0)
(-0.253114 0.0374184 0)
(-0.263032 0.0280608 0)
(-0.270297 0.0196476 0)
(-0.275422 0.0114683 0)
(-0.27837 0.00278031 0)
(-0.27895 -0.00676663 0)
(-0.277201 -0.0175396 0)
(-0.273252 -0.0307308 0)
(-0.266691 -0.0486787 0)
(-0.255721 -0.0742299 0)
(-0.23711 -0.108798 0)
(-0.206551 -0.149325 0)
(-0.159883 -0.180816 0)
(-0.100522 -0.164937 0)
(-0.0457986 -0.04791 0)
(-0.0251228 0.190678 0)
(-0.057551 0.144001 0)
(-0.0996083 0.120569 0)
(-0.138771 0.106406 0)
(-0.173458 0.0941039 0)
(-0.20211 0.0813668 0)
(-0.224856 0.0682017 0)
(-0.242294 0.0551478 0)
(-0.255206 0.0429012 0)
(-0.264596 0.0320797 0)
(-0.271553 0.0225952 0)
(-0.276679 0.0134686 0)
(-0.279934 0.00378102 0)
(-0.281197 -0.00678218 0)
(-0.280726 -0.0184628 0)
(-0.278992 -0.032553 0)
(-0.275943 -0.0518572 0)
(-0.269931 -0.080082 0)
(-0.257507 -0.119366 0)
(-0.233419 -0.167074 0)
(-0.19143 -0.208189 0)
(-0.13148 -0.205438 0)
(-0.0623283 -0.10193 0)
(0.19948 -0.0821658 0)
(-0.115146 0.0921929 0)
(-0.567324 0.103266 0)
(-0.85303 0.0622328 0)
(-0.98506 0.0216989 0)
(-1.01831 0.000852914 0)
(-1.00991 -0.00798581 0)
(-0.987909 -0.0139093 0)
(-0.940218 -0.0224636 0)
(-0.859037 -0.0316695 0)
(-0.74657 -0.038741 0)
(-0.622983 -0.0391785 0)
(-0.520527 -0.0303054 0)
(-0.445262 -0.0250526 0)
(-0.360035 -0.033496 0)
(-0.237693 -0.0464349 0)
(-0.0932974 -0.0497327 0)
(0.0312704 -0.0319114 0)
(0.102241 0.0146422 0)
(-0.101664 0.0460975 0)
(-0.464706 0.24886 0)
(-0.870307 0.220818 0)
(-0.98185 0.11845 0)
(-0.995443 0.038719 0)
(-0.981971 0.000635213 0)
(-0.971628 -0.0112242 0)
(-0.953334 -0.0211848 0)
(-0.916119 -0.0386145 0)
(-0.850496 -0.0588274 0)
(-0.756761 -0.074534 0)
(-0.649775 -0.0764926 0)
(-0.559535 -0.0589788 0)
(-0.494514 -0.0484475 0)
(-0.42184 -0.0638468 0)
(-0.317067 -0.0870149 0)
(-0.187751 -0.0929212 0)
(-0.0623104 -0.0619335 0)
(0.0679595 0.0359715 0)
(-0.249002 0.191672 0)
(-0.612489 0.389839 0)
(-0.863503 0.299057 0)
(-0.908226 0.141039 0)
(-0.931225 0.0390392 0)
(-0.927617 -0.00664917 0)
(-0.919431 -0.0177792 0)
(-0.905415 -0.0322038 0)
(-0.875157 -0.0588264 0)
(-0.819273 -0.089592 0)
(-0.737743 -0.112712 0)
(-0.642156 -0.114901 0)
(-0.563729 -0.0878653 0)
(-0.512901 -0.0722569 0)
(-0.456333 -0.095301 0)
(-0.371479 -0.13011 0)
(-0.260155 -0.145248 0)
(-0.133071 -0.109715 0)
(-0.00154461 0.0207895 0)
(-0.304875 0.363681 0)
(-0.626737 0.51149 0)
(-0.785409 0.352683 0)
(-0.830402 0.160145 0)
(-0.860709 0.0449234 0)
(-0.863849 -0.00875749 0)
(-0.865149 -0.0211788 0)
(-0.85591 -0.0408696 0)
(-0.83065 -0.0760417 0)
(-0.780537 -0.117072 0)
(-0.705269 -0.149457 0)
(-0.614207 -0.153184 0)
(-0.546387 -0.113738 0)
(-0.51312 -0.0905369 0)
(-0.4748 -0.120678 0)
(-0.410529 -0.167337 0)
(-0.320326 -0.194572 0)
(-0.19718 -0.167205 0)
(-0.0497358 -0.0229242 0)
(-0.310481 0.545276 0)
(-0.577134 0.611102 0)
(-0.689668 0.391893 0)
(-0.741039 0.177668 0)
(-0.768514 0.0528092 0)
(-0.778513 -0.0077538 0)
(-0.796788 -0.0227785 0)
(-0.78841 -0.0470175 0)
(-0.77066 -0.0865399 0)
(-0.731675 -0.136127 0)
(-0.659174 -0.176853 0)
(-0.564704 -0.185911 0)
(-0.505732 -0.134249 0)
(-0.493008 -0.101225 0)
(-0.474065 -0.138618 0)
(-0.430462 -0.19647 0)
(-0.363419 -0.236665 0)
(-0.248942 -0.22906 0)
(-0.0794582 -0.083964 0)
(-0.289007 0.715588 0)
(-0.494248 0.68947 0)
(-0.571668 0.422301 0)
(-0.625742 0.190832 0)
(-0.637761 0.0587509 0)
(-0.632538 -0.00285223 0)
(-0.667887 -0.0207523 0)
(-0.647272 -0.052503 0)
(-0.655602 -0.0973365 0)
(-0.661743 -0.157323 0)
(-0.588515 -0.201064 0)
(-0.480312 -0.208497 0)
(-0.437354 -0.142815 0)
(-0.448695 -0.104723 0)
(-0.449074 -0.151118 0)
(-0.423345 -0.220217 0)
(-0.379656 -0.27479 0)
(-0.281463 -0.293611 0)
(-0.108213 -0.157767 0)
(-0.255686 0.859707 0)
(-0.391971 0.745981 0)
(-0.416611 0.453216 0)
(-0.475538 0.208003 0)
(-0.454522 0.0568614 0)
(-0.38422 -0.0166404 0)
(-0.340211 -0.0290192 0)
(-0.420719 -0.0352173 0)
(-0.48707 -0.0817967 0)
(-0.526203 -0.172128 0)
(-0.445789 -0.266516 0)
(-0.308906 -0.256791 0)
(-0.313789 -0.132006 0)
(-0.364776 -0.0943425 0)
(-0.394034 -0.156308 0)
(-0.382156 -0.234704 0)
(-0.349087 -0.301619 0)
(-0.266639 -0.358039 0)
(-0.12943 -0.248975 0)
(-0.217585 0.977068 0)
(-0.288949 0.775795 0)
(-0.229203 0.48626 0)
(-0.267264 0.219706 0)
(-0.23645 0.0441075 0)
(-0.152482 -0.0339606 0)
(-0.124176 -0.026227 0)
(-0.175247 -0.0145093 0)
(-0.324178 -0.0408227 0)
(-0.379447 -0.165958 0)
(-0.295223 -0.299443 0)
(-0.162973 -0.319637 0)
(-0.115651 -0.13417 0)
(-0.1967 -0.0574428 0)
(-0.289833 -0.142139 0)
(-0.292357 -0.233981 0)
(-0.231621 -0.29654 0)
(-0.168397 -0.393997 0)
(-0.115026 -0.346363 0)
(-0.0147684 0.212592 0)
(-0.0504691 0.172847 0)
(-0.0985402 0.151454 0)
(-0.141438 0.135106 0)
(-0.178038 0.118537 0)
(-0.207202 0.101051 0)
(-0.229536 0.083469 0)
(-0.246081 0.0665994 0)
(-0.257947 0.0512689 0)
(-0.266452 0.0382404 0)
(-0.272964 0.0272943 0)
(-0.278157 0.0169072 0)
(-0.281952 0.0059077 0)
(-0.284383 -0.00586914 0)
(-0.286179 -0.0182475 0)
(-0.288495 -0.0326722 0)
(-0.291987 -0.0527484 0)
(-0.295446 -0.083742 0)
(-0.29553 -0.128835 0)
(-0.286267 -0.186987 0)
(-0.258352 -0.246331 0)
(-0.201852 -0.270987 0)
(-0.0970102 -0.22088 0)
(-0.0119097 0.224868 0)
(-0.0497466 0.204996 0)
(-0.101336 0.186524 0)
(-0.145995 0.166279 0)
(-0.182733 0.143368 0)
(-0.210734 0.119677 0)
(-0.231152 0.0968941 0)
(-0.245625 0.0759071 0)
(-0.255857 0.0575563 0)
(-0.263644 0.0426908 0)
(-0.270285 0.0308191 0)
(-0.275919 0.0197945 0)
(-0.280318 0.0083287 0)
(-0.284086 -0.00304451 0)
(-0.289405 -0.0137032 0)
(-0.29909 -0.0247146 0)
(-0.314856 -0.0408306 0)
(-0.335892 -0.0697588 0)
(-0.36023 -0.116242 0)
(-0.382493 -0.18433 0)
(-0.388182 -0.269322 0)
(-0.366029 -0.323713 0)
(-0.322842 -0.264635 0)
(-0.0224453 0.252885 0)
(-0.0477394 0.242787 0)
(-0.0974113 0.223457 0)
(-0.140206 0.198299 0)
(-0.176153 0.168413 0)
(-0.203777 0.138205 0)
(-0.223804 0.110199 0)
(-0.237965 0.0853364 0)
(-0.248509 0.0644799 0)
(-0.257496 0.0483376 0)
(-0.265215 0.0356064 0)
(-0.270534 0.0232978 0)
(-0.273697 0.0105704 0)
(-0.277633 -0.000589231 0)
(-0.286813 -0.00974909 0)
(-0.307352 -0.0168487 0)
(-0.340553 -0.0243638 0)
(-0.380917 -0.0445846 0)
(-0.431049 -0.0861596 0)
(-0.48419 -0.156724 0)
(-0.503887 -0.262716 0)
(-0.475545 -0.351495 0)
(-0.418943 -0.309156 0)
(-0.109541 0.321557 0)
(-0.038368 0.272007 0)
(-0.0828792 0.250804 0)
(-0.115052 0.222845 0)
(-0.147357 0.187728 0)
(-0.175433 0.15255 0)
(-0.197898 0.120647 0)
(-0.215536 0.0931157 0)
(-0.230328 0.0707293 0)
(-0.243198 0.0539542 0)
(-0.252697 0.0404727 0)
(-0.257939 0.0275293 0)
(-0.261652 0.0145131 0)
(-0.267897 0.00562253 0)
(-0.282162 0.00201739 0)
(-0.325274 0.00413345 0)
(-0.393639 0.0133065 0)
(-0.457742 -0.00229573 0)
(-0.551284 -0.0411473 0)
(-0.644876 -0.124324 0)
(-0.63653 -0.297603 0)
(-0.57397 -0.430526 0)
(-0.487165 -0.383678 0)
(-0.0351764 0.4035 0)
(0.00713337 0.354632 0)
(-0.0447301 0.374195 0)
(-0.0614668 0.34444 0)
(-0.0854731 0.293461 0)
(-0.109763 0.23765 0)
(-0.133393 0.186351 0)
(-0.156772 0.144442 0)
(-0.180671 0.113307 0)
(-0.205533 0.0897879 0)
(-0.231803 0.0681029 0)
(-0.260839 0.0471955 0)
(-0.295039 0.0333966 0)
(-0.337421 0.037323 0)
(-0.393792 0.0727006 0)
(-0.460291 0.135758 0)
(-0.507873 0.115035 0)
(-0.612461 0.0763495 0)
(-0.834906 0.0844398 0)
(-0.930574 -0.046987 0)
(-0.798288 -0.428737 0)
(-0.725644 -0.536238 0)
(-0.665132 -0.483493 0)
(0.0132434 0.354935 0)
(0.0303758 0.331588 0)
(0.00882153 0.336571 0)
(0.00481752 0.31229 0)
(-0.00779092 0.272143 0)
(-0.0267481 0.228055 0)
(-0.0512545 0.187394 0)
(-0.0800866 0.15403 0)
(-0.112137 0.129039 0)
(-0.147022 0.110883 0)
(-0.18579 0.0971103 0)
(-0.23093 0.0875713 0)
(-0.285591 0.085698 0)
(-0.352836 0.0969125 0)
(-0.434883 0.126965 0)
(-0.535385 0.18212 0)
(-0.682953 0.271091 0)
(-0.911184 0.381736 0)
(-1.09105 0.338947 0)
(-1.01142 -0.112451 0)
(-0.893882 -0.514934 0)
(-0.850261 -0.595004 0)
(-0.827031 -0.567989 0)
(0.0163642 0.312606 0)
(0.0281923 0.318292 0)
(0.032372 0.314819 0)
(0.0400172 0.297237 0)
(0.0385416 0.270138 0)
(0.0270652 0.239167 0)
(0.00633981 0.20913 0)
(-0.0218077 0.183376 0)
(-0.055478 0.16369 0)
(-0.0937227 0.150309 0)
(-0.137217 0.142954 0)
(-0.188 0.142757 0)
(-0.248614 0.153326 0)
(-0.321569 0.180254 0)
(-0.408869 0.229754 0)
(-0.511056 0.305691 0)
(-0.629771 0.401751 0)
(-0.769273 0.473973 0)
(-0.895121 0.373114 0)
(-0.912481 -0.0593372 0)
(-0.891252 -0.544862 0)
(-0.903737 -0.618928 0)
(-0.900456 -0.60373 0)
(0.0107993 0.299099 0)
(0.0236742 0.315277 0)
(0.0369353 0.309269 0)
(0.0491652 0.296023 0)
(0.0539769 0.276939 0)
(0.0494421 0.25484 0)
(0.0355112 0.232928 0)
(0.0132524 0.213916 0)
(-0.015931 0.199771 0)
(-0.0510323 0.191683 0)
(-0.0920535 0.19063 0)
(-0.139898 0.198563 0)
(-0.195646 0.219223 0)
(-0.260021 0.25803 0)
(-0.332864 0.3209 0)
(-0.411528 0.409918 0)
(-0.489004 0.508698 0)
(-0.559923 0.547602 0)
(-0.636442 0.385123 0)
(-0.72846 -0.0436772 0)
(-0.863312 -0.502333 0)
(-0.906247 -0.610369 0)
(-0.912928 -0.596248 0)
(0.00851664 0.285588 0)
(0.0216863 0.302598 0)
(0.0359074 0.297014 0)
(0.0482618 0.288007 0)
(0.055398 0.275842 0)
(0.0554725 0.261903 0)
(0.0478312 0.248182 0)
(0.03268 0.236667 0)
(0.0106818 0.229134 0)
(-0.0174657 0.227134 0)
(-0.0513486 0.232273 0)
(-0.0908713 0.246829 0)
(-0.135791 0.274229 0)
(-0.185127 0.318886 0)
(-0.23653 0.384989 0)
(-0.285282 0.472477 0)
(-0.32439 0.565056 0)
(-0.35331 0.604067 0)
(-0.398701 0.476037 0)
(-0.517771 0.110849 0)
(-0.762271 -0.369319 0)
(-0.877195 -0.576489 0)
(-0.897291 -0.581582 0)
(0.00750869 0.270914 0)
(0.0197938 0.286921 0)
(0.0330252 0.282877 0)
(0.044423 0.277402 0)
(0.052237 0.270615 0)
(0.0551041 0.263217 0)
(0.0522645 0.25643 0)
(0.0434994 0.251659 0)
(0.028993 0.250369 0)
(0.00915668 0.254069 0)
(-0.0154843 0.264458 0)
(-0.0442375 0.283691 0)
(-0.0760081 0.314579 0)
(-0.108843 0.360307 0)
(-0.139402 0.423202 0)
(-0.162595 0.501485 0)
(-0.172661 0.581505 0)
(-0.17152 0.623684 0)
(-0.186168 0.555597 0)
(-0.273385 0.310007 0)
(-0.503426 -0.11211 0)
(-0.803362 -0.493021 0)
(-0.868965 -0.548652 0)
(0.00635704 0.259026 0)
(0.017383 0.273436 0)
(0.02937 0.270828 0)
(0.0398371 0.26776 0)
(0.0478899 0.264529 0)
(0.0526127 0.261602 0)
(0.0533896 0.259797 0)
(0.0499206 0.260127 0)
(0.0422025 0.263738 0)
(0.0305003 0.271905 0)
(0.0153546 0.286097 0)
(-0.00232061 0.30808 0)
(-0.0210499 0.339923 0)
(-0.0385579 0.383658 0)
(-0.0514915 0.440249 0)
(-0.0554642 0.507187 0)
(-0.0463865 0.573886 0)
(-0.0260935 0.614681 0)
(-0.0148615 0.58666 0)
(-0.0572402 0.443272 0)
(-0.206345 0.162533 0)
(-0.498059 -0.221304 0)
(-0.821237 -0.490382 0)
(0.00516688 0.249222 0)
(0.0149455 0.261678 0)
(0.0257603 0.260134 0)
(0.0355159 0.258687 0)
(0.0437477 0.257759 0)
(0.0498574 0.257749 0)
(0.0534281 0.259268 0)
(0.0542342 0.263074 0)
(0.0522625 0.270049 0)
(0.0477442 0.281192 0)
(0.0412183 0.297639 0)
(0.0336353 0.320678 0)
(0.0264891 0.351681 0)
(0.0219437 0.391782 0)
(0.0229179 0.441064 0)
(0.0328124 0.496976 0)
(0.0542032 0.551743 0)
(0.0855089 0.589015 0)
(0.113522 0.583292 0)
(0.107877 0.507529 0)
(0.0263274 0.344115 0)
(-0.166564 0.106708 0)
(-0.424176 -0.21597 0)
(0.00416533 0.240828 0)
(0.0128577 0.251111 0)
(0.0226851 0.250175 0)
(0.0319538 0.249739 0)
(0.0403924 0.250232 0)
(0.0476143 0.252017 0)
(0.05338 0.255574 0)
(0.0575809 0.261486 0)
(0.0602655 0.270422 0)
(0.0616887 0.283131 0)
(0.0623831 0.300427 0)
(0.0632478 0.323161 0)
(0.065629 0.352128 0)
(0.0713713 0.387814 0)
(0.0828095 0.429823 0)
(0.102461 0.475883 0)
(0.131938 0.520469 0)
(0.169869 0.553373 0)
(0.208393 0.55952 0)
(0.229089 0.523316 0)
(0.205421 0.434916 0)
(0.11234 0.297312 0)
(-0.0600939 0.120172 0)
(0.00344541 0.233625 0)
(0.0112936 0.241632 0)
(0.0203502 0.240815 0)
(0.0293086 0.240845 0)
(0.0379767 0.242067 0)
(0.0461089 0.244786 0)
(0.0536005 0.249385 0)
(0.0604495 0.256308 0)
(0.0667771 0.266052 0)
(0.0728732 0.279154 0)
(0.0792581 0.296159 0)
(0.086745 0.317569 0)
(0.0964775 0.343759 0)
(0.109934 0.374781 0)
(0.12889 0.410005 0)
(0.15517 0.447517 0)
(0.189863 0.483407 0)
(0.23199 0.511252 0)
(0.276901 0.522215 0)
(0.314578 0.506961 0)
(0.329791 0.459346 0)
(0.306673 0.378607 0)
(0.233132 0.267571 0)
(0.0030139 0.22723 0)
(0.0102852 0.233017 0)
(0.0187831 0.23191 0)
(0.0275571 0.23196 0)
(0.0364509 0.233371 0)
(0.0453163 0.236375 0)
(0.0541423 0.241265 0)
(0.0630061 0.248369 0)
(0.0720851 0.258044 0)
(0.0816923 0.270653 0)
(0.0923244 0.286531 0)
(0.1047 0.305928 0)
(0.119763 0.328928 0)
(0.138658 0.355323 0)
(0.162685 0.384381 0)
(0.193142 0.414508 0)
(0.230814 0.442873 0)
(0.275113 0.465257 0)
(0.323301 0.476252 0)
(0.36991 0.470173 0)
(0.40682 0.442732 0)
(0.424727 0.392339 0)
(0.415481 0.319562 0)
(0.00282213 0.221253 0)
(0.00976125 0.224988 0)
(0.0178955 0.223301 0)
(0.0265772 0.223036 0)
(0.0356736 0.224237 0)
(0.0451071 0.227054 0)
(0.0549298 0.231691 0)
(0.0652714 0.238379 0)
(0.0763423 0.247359 0)
(0.0884597 0.25886 0)
(0.102083 0.273058 0)
(0.117837 0.290027 0)
(0.136491 0.309671 0)
(0.158915 0.331636 0)
(0.186035 0.355169 0)
(0.218738 0.378933 0)
(0.257575 0.400805 0)
(0.302234 0.41784 0)
(0.351056 0.426494 0)
(0.400873 0.423079 0)
(0.447103 0.404658 0)
(0.48437 0.36991 0)
(0.507367 0.319737 0)
(0.00280969 0.215403 0)
(0.00961203 0.217304 0)
(0.0175473 0.214856 0)
(0.0262036 0.214046 0)
(0.0354691 0.21476 0)
(0.0453178 0.217059 0)
(0.0558442 0.22107 0)
(0.0672097 0.226939 0)
(0.0796392 0.234811 0)
(0.0934367 0.244813 0)
(0.109014 0.257009 0)
(0.126905 0.271359 0)
(0.147731 0.28766 0)
(0.172153 0.305491 0)
(0.200813 0.324128 0)
(0.234288 0.342442 0)
(0.272917 0.358796 0)
(0.316495 0.371036 0)
(0.36396 0.37667 0)
(0.413296 0.373178 0)
(0.461604 0.358523 0)
(0.505374 0.331963 0)
(0.541193 0.295036 0)
(0.0029309 0.209468 0)
(0.00973783 0.20977 0)
(0.0175983 0.206471 0)
(0.0262715 0.20498 0)
(0.0356637 0.205029 0)
(0.0457872 0.206599 0)
(0.0567644 0.209747 0)
(0.0687739 0.214545 0)
(0.0820416 0.221068 0)
(0.0968494 0.22936 0)
(0.113555 0.239413 0)
(0.132604 0.251115 0)
(0.154496 0.264211 0)
(0.179734 0.278262 0)
(0.208757 0.292603 0)
(0.241915 0.306281 0)
(0.279372 0.31801 0)
(0.320924 0.326175 0)
(0.3658 0.328962 0)
(0.41257 0.32459 0)
(0.459188 0.311683 0)
(0.503117 0.289967 0)
(0.542021 0.261362 0)
(0.00315438 0.203293 0)
(0.0100605 0.202241 0)
(0.017927 0.198077 0)
(0.026634 0.195843 0)
(0.0361017 0.195134 0)
(0.0463712 0.195856 0)
(0.0575829 0.198007 0)
(0.0699224 0.201603 0)
(0.0836084 0.206659 0)
(0.0988965 0.213166 0)
(0.116091 0.221062 0)
(0.135553 0.230201 0)
(0.157682 0.24031 0)
(0.182859 0.250965 0)
(0.211387 0.261572 0)
(0.243455 0.271333 0)
(0.279096 0.279228 0)
(0.318076 0.284034 0)
(0.359759 0.28442 0)
(0.403037 0.279129 0)
(0.446346 0.267284 0)
(0.487766 0.24896 0)
(0.525683 0.226146 0)
(0.00345144 0.196775 0)
(0.0105143 0.194621 0)
(0.018429 0.18964 0)
(0.0271629 0.186665 0)
(0.0366474 0.185167 0)
(0.0469461 0.184992 0)
(0.0582094 0.186091 0)
(0.0706229 0.188439 0)
(0.0843936 0.192005 0)
(0.0997505 0.196741 0)
(0.116949 0.202556 0)
(0.136277 0.209286 0)
(0.158044 0.216668 0)
(0.182541 0.224311 0)
(0.209972 0.231696 0)
(0.24043 0.238162 0)
(0.273859 0.242905 0)
(0.309995 0.244995 0)
(0.348279 0.243459 0)
(0.387801 0.23743 0)
(0.427317 0.226399 0)
(0.465348 0.210669 0)
(0.500796 0.192114 0)
(0.00378655 0.189852 0)
(0.0110325 0.18686 0)
(0.0190075 0.181161 0)
(0.0277426 0.177489 0)
(0.0371817 0.175219 0)
(0.0474054 0.17415 0)
(0.0585688 0.1742 0)
(0.0708517 0.175313 0)
(0.0844473 0.177431 0)
(0.0995592 0.180475 0)
(0.116402 0.184338 0)
(0.135201 0.188854 0)
(0.156194 0.193781 0)
(0.179593 0.198775 0)
(0.205539 0.203394 0)
(0.234064 0.207097 0)
(0.265064 0.209255 0)
(0.298263 0.209167 0)
(0.333162 0.206134 0)
(0.368992 0.199579 0)
(0.404747 0.189251 0)
(0.439274 0.175586 0)
(0.471835 0.160262 0)
(0.00411812 0.182515 0)
(0.0115436 0.17894 0)
(0.0195687 0.172658 0)
(0.0282675 0.168367 0)
(0.0375998 0.165376 0)
(0.0476588 0.163453 0)
(0.0585998 0.162497 0)
(0.0705932 0.162433 0)
(0.0838165 0.163184 0)
(0.0984501 0.164656 0)
(0.114674 0.166732 0)
(0.132669 0.169251 0)
(0.15261 0.171995 0)
(0.174651 0.174675 0)
(0.198883 0.176924 0)
(0.225305 0.178307 0)
(0.253792 0.17834 0)
(0.284077 0.176504 0)
(0.315715 0.172312 0)
(0.348055 0.165401 0)
(0.380275 0.155701 0)
(0.411468 0.143713 0)
(0.44113 0.130909 0)
(0.00440626 0.174805 0)
(0.0119776 0.170874 0)
(0.0200249 0.164165 0)
(0.0286443 0.159352 0)
(0.0378127 0.155712 0)
(0.0476319 0.153002 0)
(0.0582545 0.151109 0)
(0.0698391 0.149953 0)
(0.0825459 0.149446 0)
(0.096534 0.149489 0)
(0.111956 0.14996 0)
(0.128957 0.150707 0)
(0.147669 0.151539 0)
(0.1682 0.152213 0)
(0.190605 0.152434 0)
(0.214862 0.151865 0)
(0.240845 0.150138 0)
(0.268308 0.146886 0)
(0.296863 0.141783 0)
(0.32596 0.134629 0)
(0.354923 0.125483 0)
(0.383032 0.114869 0)
(0.409934 0.104076 0)
(0.00461972 0.166811 0)
(0.0122764 0.162703 0)
(0.0203035 0.155724 0)
(0.0287973 0.150493 0)
(0.0377506 0.146291 0)
(0.047269 0.142875 0)
(0.0574998 0.140135 0)
(0.0685889 0.137988 0)
(0.0806786 0.136347 0)
(0.0939077 0.135112 0)
(0.108407 0.134163 0)
(0.124295 0.13336 0)
(0.141673 0.132534 0)
(0.160616 0.131486 0)
(0.181155 0.129983 0)
(0.203257 0.127769 0)
(0.226803 0.124578 0)
(0.251577 0.120162 0)
(0.277245 0.114327 0)
(0.303346 0.106998 0)
(0.329326 0.0983238 0)
(0.354607 0.0888375 0)
(0.378934 0.0796734 0)
(0.00474048 0.158653 0)
(0.0124012 0.154491 0)
(0.020354 0.147381 0)
(0.0286746 0.141836 0)
(0.0373669 0.137163 0)
(0.0465351 0.133134 0)
(0.0563192 0.129645 0)
(0.0668517 0.12662 0)
(0.0782571 0.123975 0)
(0.0906564 0.121615 0)
(0.104161 0.119426 0)
(0.11887 0.117281 0)
(0.134861 0.115033 0)
(0.152189 0.112518 0)
(0.170872 0.109556 0)
(0.190871 0.105957 0)
(0.212081 0.101543 0)
(0.234315 0.0961622 0)
(0.257293 0.0897243 0)
(0.280632 0.0822537 0)
(0.303876 0.0739678 0)
(0.326561 0.0654025 0)
(0.348499 0.0575676 0)
(0.00476479 0.150467 0)
(0.0123367 0.146319 0)
(0.0201532 0.139192 0)
(0.0282519 0.133424 0)
(0.0366407 0.128371 0)
(0.0454184 0.123824 0)
(0.0547148 0.119692 0)
(0.0646483 0.115906 0)
(0.0753275 0.112389 0)
(0.0868568 0.109054 0)
(0.0993311 0.105797 0)
(0.112832 0.102503 0)
(0.127425 0.0990439 0)
(0.14315 0.0952871 0)
(0.160016 0.0910944 0)
(0.177989 0.0863344 0)
(0.196977 0.0808952 0)
(0.216823 0.0747046 0)
(0.237297 0.0677577 0)
(0.258083 0.0601576 0)
(0.278809 0.0521776 0)
(0.2991 0.0443552 0)
(0.318819 0.0376045 0)
(0.00469964 0.142389 0)
(0.0120891 0.138275 0)
(0.0197032 0.131213 0)
(0.0275307 0.1253 0)
(0.035576 0.11995 0)
(0.0439287 0.114978 0)
(0.0527064 0.110309 0)
(0.0620126 0.10588 0)
(0.0719418 0.101623 0)
(0.0825832 0.09746 0)
(0.0940172 0.0932959 0)
(0.106313 0.0890285 0)
(0.119523 0.0845493 0)
(0.133681 0.0797493 0)
(0.148792 0.074526 0)
(0.164827 0.0687929 0)
(0.18171 0.0624933 0)
(0.199315 0.055619 0)
(0.217454 0.0482332 0)
(0.235872 0.0405037 0)
(0.254267 0.0327498 0)
(0.272339 0.0255137 0)
(0.289994 0.0196376 0)
(0.00455863 0.13454 0)
(0.0116804 0.130449 0)
(0.0190262 0.123502 0)
(0.0265334 0.117506 0)
(0.0341971 0.111932 0)
(0.0420945 0.106624 0)
(0.0503292 0.101518 0)
(0.0589903 0.0965614 0)
(0.068159 0.0916932 0)
(0.0779107 0.0868414 0)
(0.088313 0.0819222 0)
(0.0994238 0.0768447 0)
(0.111288 0.0715165 0)
(0.123933 0.0658499 0)
(0.137363 0.0597704 0)
(0.151556 0.0532274 0)
(0.166452 0.0462082 0)
(0.181952 0.0387551 0)
(0.197909 0.0309861 0)
(0.214119 0.0231214 0)
(0.230343 0.0155195 0)
(0.246345 0.00872931 0)
(0.262073 0.00354021 0)
(0.00435892 0.127019 0)
(0.011141 0.122921 0)
(0.0181567 0.116116 0)
(0.0252958 0.110082 0)
(0.0325417 0.104349 0)
(0.0399568 0.0987845 0)
(0.0476294 0.0933363 0)
(0.0556353 0.0879588 0)
(0.0640429 0.0825983 0)
(0.0729148 0.077189 0)
(0.0823076 0.0716555 0)
(0.0922698 0.0659176 0)
(0.102839 0.0598966 0)
(0.114037 0.0535221 0)
(0.125871 0.046742 0)
(0.138322 0.0395338 0)
(0.151347 0.0319189 0)
(0.164871 0.023979 0)
(0.178782 0.0158752 0)
(0.192923 0.00786968 0)
(0.20711 0.000352498 0)
(0.221165 -0.00611997 0)
(0.235083 -0.0107974 0)
(0.0041193 0.119903 0)
(0.0105029 0.115763 0)
(0.0171332 0.109109 0)
(0.0238591 0.103071 0)
(0.0306529 0.097231 0)
(0.0375613 0.091479 0)
(0.0446574 0.085772 0)
(0.0520042 0.0800711 0)
(0.0596579 0.0743269 0)
(0.0676697 0.0684792 0)
(0.0760861 0.06246 0)
(0.084947 0.0561981 0)
(0.0942828 0.049626 0)
(0.104113 0.0426874 0)
(0.114441 0.0353475 0)
(0.125256 0.0276051 0)
(0.136527 0.0195074 0)
(0.148199 0.0111657 0)
(0.160191 0.00277329 0)
(0.172386 -0.00537619 0)
(0.184654 -0.0128678 0)
(0.196869 -0.0191391 0)
(0.209072 -0.0234677 0)
(0.003856 0.113242 0)
(0.00979327 0.109033 0)
(0.0159896 0.10253 0)
(0.0222613 0.0965119 0)
(0.0285712 0.0906065 0)
(0.0349518 0.0847246 0)
(0.0414614 0.0788309 0)
(0.0481509 0.0728909 0)
(0.0550648 0.0668588 0)
(0.0622444 0.0606788 0)
(0.0697268 0.0542886 0)
(0.0775437 0.0476248 0)
(0.0857187 0.0406291 0)
(0.0942661 0.0332561 0)
(0.10319 0.0254843 0)
(0.112481 0.017328 0)
(0.122117 0.00885286 0)
(0.132062 0.000190456 0)
(0.142258 -0.00844378 0)
(0.15263 -0.016734 0)
(0.163089 -0.0242471 0)
(0.173559 -0.0304172 0)
(0.184126 -0.0345435 0)
(0.00357741 0.107071 0)
(0.00902786 0.10278 0)
(0.0147488 0.0964233 0)
(0.02053 0.090439 0)
(0.0263284 0.0845003 0)
(0.0321642 0.0785346 0)
(0.0380824 0.0725138 0)
(0.0441218 0.066406 0)
(0.0503168 0.0601676 0)
(0.0566995 0.0537464 0)
(0.0632984 0.047085 0)
(0.0701371 0.0401263 0)
(0.0772321 0.0328197 0)
(0.0845924 0.0251285 0)
(0.092219 0.0170407 0)
(0.100105 0.00858141 0)
(0.108234 -0.000172377 0)
(0.116582 -0.00907643 0)
(0.125115 -0.0179016 0)
(0.133786 -0.0263191 0)
(0.142547 -0.0338872 0)
(0.151366 -0.0400398 0)
(0.16037 -0.0440932 0)
(0.00328035 0.10142 0)
(0.00820787 0.0970433 0)
(0.0134185 0.0908264 0)
(0.0186784 0.0848829 0)
(0.0239435 0.0789322 0)
(0.0292234 0.0729179 0)
(0.0345507 0.066817 0)
(0.0399533 0.0605987 0)
(0.0454564 0.054221 0)
(0.0510842 0.0476343 0)
(0.0568571 0.0407854 0)
(0.0627907 0.0336231 0)
(0.0688942 0.0261034 0)
(0.0751702 0.0181965 0)
(0.0816156 0.00989659 0)
(0.0882227 0.00123535 0)
(0.0949798 -0.0077045 0)
(0.101872 -0.0167719 0)
(0.108881 -0.0257328 0)
(0.115985 -0.034255 0)
(0.123167 -0.0418954 0)
(0.130435 -0.0480937 0)
(0.137952 -0.0521832 0)
(0.00295071 0.096325 0)
(0.00732064 0.09186 0)
(0.0119918 0.0857712 0)
(0.0167062 0.0798673 0)
(0.0214234 0.0739161 0)
(0.0261434 0.0678772 0)
(0.0308867 0.0617308 0)
(0.0356715 0.0554461 0)
(0.0405155 0.0489816 0)
(0.0454354 0.0422894 0)
(0.050445 0.0353206 0)
(0.0555525 0.0280298 0)
(0.0607588 0.0203796 0)
(0.0660589 0.0123455 0)
(0.0714444 0.00392526 0)
(0.0769057 -0.0048475 0)
(0.0824334 -0.0138874 0)
(0.0880186 -0.023043 0)
(0.0936545 -0.0320821 0)
(0.0993361 -0.0406763 0)
(0.105073 -0.0483901 0)
(0.110906 -0.0546763 0)
(0.117026 -0.058889 0)
(0.00256789 0.091843 0)
(0.0063448 0.0872658 0)
(0.0104522 0.0812835 0)
(0.0146049 0.0754077 0)
(0.0187688 0.0694576 0)
(0.0229329 0.0634079 0)
(0.0271057 0.0572396 0)
(0.0312968 0.0509202 0)
(0.0355176 0.0444073 0)
(0.0397796 0.0376544 0)
(0.0440912 0.0306169 0)
(0.0484541 0.0232566 0)
(0.0528607 0.0155437 0)
(0.057296 0.00745779 0)
(0.0617448 -0.0010037 0)
(0.0661956 -0.00980815 0)
(0.07064 -0.0188714 0)
(0.075073 -0.0280457 0)
(0.0794951 -0.0371051 0)
(0.083914 -0.0457321 0)
(0.0883575 -0.0535067 0)
(0.0928922 -0.0599033 0)
(0.097728 -0.064304 0)
(0.00211088 0.0880445 0)
(0.00525656 0.0832973 0)
(0.00878378 0.0773816 0)
(0.0123703 0.0715096 0)
(0.0159867 0.0655527 0)
(0.0196077 0.0594975 0)
(0.023229 0.0533222 0)
(0.026853 0.0469896 0)
(0.0304866 0.0404544 0)
(0.0341385 0.0336711 0)
(0.0378148 0.0266003 0)
(0.0415134 0.0192129 0)
(0.045217 0.0114905 0)
(0.0488969 0.003416 0)
(0.052529 -0.00501933 0)
(0.056101 -0.0137875 0)
(0.0596062 -0.0228088 0)
(0.063043 -0.0319409 0)
(0.0664166 -0.0409675 0)
(0.0697424 -0.0495864 0)
(0.0730598 -0.0573999 0)
(0.0764523 -0.0639124 0)
(0.0801379 -0.0685434 0)
(0.00156108 0.085023 0)
(0.00403942 0.0799895 0)
(0.00698846 0.0740706 0)
(0.0100224 0.0681637 0)
(0.0131113 0.062186 0)
(0.01621 0.0561266 0)
(0.0193016 0.0499545 0)
(0.022383 0.0436234 0)
(0.0254591 0.037083 0)
(0.0285394 0.0302872 0)
(0.0316326 0.0232023 0)
(0.0347384 0.0158123 0)
(0.0378292 0.00811872 0)
(0.0408552 0.000108198 0)
(0.0437805 -0.00824421 0)
(0.046595 -0.0169212 0)
(0.0492968 -0.0258485 0)
(0.0518878 -0.0348898 0)
(0.0543763 -0.0438393 0)
(0.0567815 -0.0524128 0)
(0.0591484 -0.0602396 0)
(0.0615683 -0.0668607 0)
(0.0642559 -0.0717429 0)
(0.000898197 0.0828958 0)
(0.00270797 0.077364 0)
(0.00511245 0.0713323 0)
(0.00763218 0.0653434 0)
(0.0102275 0.0593329 0)
(0.01283 0.0532737 0)
(0.0154127 0.0471158 0)
(0.0179693 0.0407994 0)
(0.0205051 0.0342657 0)
(0.0230335 0.0274656 0)
(0.0255731 0.0203685 0)
(0.0281373 0.0129769 0)
(0.0306895 0.00533469 0)
(0.0331461 -0.00256582 0)
(0.0354546 -0.0107882 0)
(0.0376147 -0.0193327 0)
(0.0396334 -0.0281296 0)
(0.0415166 -0.0370463 0)
(0.0432737 -0.045887 0)
(0.0449248 -0.0543859 0)
(0.0465147 -0.0622012 0)
(0.0481342 -0.068915 0)
(0.0499829 -0.0740491 0)
(0.000105366 0.0817324 0)
(0.00133855 0.0753978 0)
(0.00327285 0.0691169 0)
(0.00534153 0.0630078 0)
(0.00748622 0.0569666 0)
(0.0096209 0.0509219 0)
(0.0117136 0.0447955 0)
(0.0137567 0.0385106 0)
(0.0157552 0.0319973 0)
(0.0177251 0.0251968 0)
(0.019702 0.0180716 0)
(0.0217379 0.0106441 0)
(0.0237917 0.00305634 0)
(0.0257318 -0.00468537 0)
(0.0274793 -0.0127379 0)
(0.0290606 -0.0211251 0)
(0.0304956 -0.0297736 0)
(0.0317914 -0.03855 0)
(0.0329559 -0.0472656 0)
(0.0340059 -0.0556718 0)
(0.0349814 -0.063455 0)
(0.0359642 -0.0702394 0)
(0.0371266 -0.0756056 0)
(-0.000787637 0.081553 0)
(9.31994e-05 0.0740129 0)
(0.00166944 0.0673294 0)
(0.00335975 0.061092 0)
(0.00509906 0.0550437 0)
(0.00679877 0.0490397 0)
(0.00842818 0.042971 0)
(0.00997638 0.0367464 0)
(0.0114387 0.0302839 0)
(0.0128213 0.0235057 0)
(0.0141734 0.0163446 0)
(0.0156314 0.00881532 0)
(0.0171463 0.00125284 0)
(0.0185646 -0.0062656 0)
(0.0197527 -0.0141275 0)
(0.0207955 -0.0223629 0)
(0.0217228 -0.0308744 0)
(0.0225336 -0.0395198 0)
(0.0232276 -0.0481153 0)
(0.0238147 -0.0564272 0)
(0.024325 -0.0641676 0)
(0.0248223 -0.0709985 0)
(0.0254396 -0.0765541 0)
(-0.00163789 0.082193 0)
(-0.000845189 0.072945 0)
(0.000519426 0.065767 0)
(0.00190232 0.059442 0)
(0.00329248 0.0534289 0)
(0.00461808 0.0475007 0)
(0.00585071 0.0415308 0)
(0.00696794 0.0354252 0)
(0.00793979 0.0290984 0)
(0.00873256 0.0224589 0)
(0.00936926 0.0153936 0)
(0.0100934 0.00781017 0)
(0.0107495 0.000181985 0)
(0.0115475 -0.00713774 0)
(0.0121084 -0.0148983 0)
(0.0126264 -0.0230621 0)
(0.0131079 -0.0314983 0)
(0.0135229 -0.0400605 0)
(0.0138565 -0.0485729 0)
(0.014109 -0.0568158 0)
(0.0142968 -0.0645225 0)
(0.0144612 -0.0713854 0)
(0.0146882 -0.0770812 0)
(-0.00216212 0.0845399 0)
(-0.00125717 0.0718941 0)
(-9.46774e-05 0.0641792 0)
(0.00107322 0.0578605 0)
(0.00223805 0.0519456 0)
(0.00333845 0.0461411 0)
(0.00433885 0.0403245 0)
(0.00520048 0.0344162 0)
(0.00586593 0.0283482 0)
(0.00624976 0.02205 0)
(0.0062729 0.0153944 0)
(0.00602797 0.00790168 0)
(0.00421176 9.10771e-05 0)
(0.00422233 -0.00730175 0)
(0.00418896 -0.0152085 0)
(0.00426737 -0.0234054 0)
(0.00438588 -0.0317978 0)
(0.00449417 -0.0402792 0)
(0.00457263 -0.0486975 0)
(0.0046161 -0.0568496 0)
(0.00462816 -0.0644843 0)
(0.0046227 -0.071314 0)
(0.00462917 -0.0770446 0)
(0.0330296 -0.197208 0)
(0.112751 -0.120807 0)
(0.0512737 0.136704 0)
(-0.236056 0.593343 0)
(-0.312926 -0.0820139 0)
(-0.327012 0.141098 0)
(-0.337198 0.424094 0)
(-0.36992 0.720419 0)
(-0.385416 -0.142516 0)
(-0.363209 0.0255213 0)
(-0.320349 0.237048 0)
(-0.245831 0.416031 0)
(-0.407802 -0.204245 0)
(-0.352934 -0.0587458 0)
(-0.285622 0.0813937 0)
(-0.201488 0.188054 0)
(-0.604741 -0.312534 0)
(-0.534067 -0.129118 0)
(-0.385484 0.0302775 0)
(-0.264952 0.126307 0)
(-0.794925 -0.479094 0)
(-0.637846 -0.578368 0)
(-0.568994 -0.453501 0)
(-0.446586 -0.155385 0)
(-0.893007 -0.562645 0)
(-0.885833 -0.558864 0)
(-0.894109 -0.614554 0)
(-0.875061 -0.617956 0)
(-0.915451 -0.554966 0)
(-0.918454 -0.52396 0)
(-0.933022 -0.459985 0)
(-0.979737 -0.308869 0)
(-0.906029 -0.541132 0)
(-0.912447 -0.50894 0)
(-0.916393 -0.463439 0)
(-0.916123 -0.379336 0)
(-0.8794 -0.518505 0)
(-0.887135 -0.483078 0)
(-0.894032 -0.433462 0)
(-0.896377 -0.377278 0)
(-0.841945 -0.492623 0)
(-0.844695 -0.462446 0)
(-0.846928 -0.416063 0)
(-0.846359 -0.36382 0)
(-0.718833 -0.497672 0)
(-0.792545 -0.458605 0)
(-0.781342 -0.396714 0)
(-0.766828 -0.360822 0)
(-0.251449 -0.101737 0)
(-0.371208 -0.29899 0)
(-0.56562 -0.434261 0)
(-0.672393 -0.393373 0)
(0.129568 0.161302 0)
(0.0422056 0.0765827 0)
(-0.0603014 -0.0401257 0)
(-0.161546 -0.204164 0)
(0.380903 0.252276 0)
(0.346607 0.199961 0)
(0.300542 0.136377 0)
(0.242614 0.0570301 0)
(0.508053 0.274539 0)
(0.501792 0.238589 0)
(0.488096 0.193781 0)
(0.46527 0.136835 0)
(0.557169 0.263777 0)
(0.563599 0.238846 0)
(0.565656 0.206363 0)
(0.561919 0.163691 0)
(0.563518 0.238505 0)
(0.575095 0.220392 0)
(0.583918 0.196176 0)
(0.588834 0.163722 0)
(0.548379 0.208784 0)
(0.56162 0.19508 0)
(0.573006 0.176489 0)
(0.581589 0.151481 0)
(0.522884 0.178546 0)
(0.536245 0.167895 0)
(0.548274 0.153351 0)
(0.558212 0.133843 0)
(0.492609 0.149468 0)
(0.505423 0.141059 0)
(0.517226 0.129574 0)
(0.527413 0.114257 0)
(0.460347 0.122232 0)
(0.472335 0.115553 0)
(0.483521 0.10646 0)
(0.493425 0.0944192 0)
(0.427549 0.0970718 0)
(0.438611 0.091778 0)
(0.449019 0.0846082 0)
(0.458387 0.075184 0)
(0.394985 0.0740427 0)
(0.40511 0.0698865 0)
(0.41469 0.0642932 0)
(0.423415 0.0569952 0)
(0.363058 0.0530834 0)
(0.372279 0.0498736 0)
(0.381039 0.0455908 0)
(0.389094 0.0400439 0)
(0.331975 0.0340661 0)
(0.340342 0.0316492 0)
(0.348322 0.0284639 0)
(0.355718 0.0243717 0)
(0.301833 0.0168577 0)
(0.309402 0.0151021 0)
(0.316645 0.0128341 0)
(0.323408 0.00995216 0)
(0.272672 0.00135013 0)
(0.279488 0.000135237 0)
(0.286038 -0.00137674 0)
(0.292196 -0.00325856 0)
(0.244506 -0.012541 0)
(0.250606 -0.0133302 0)
(0.256497 -0.0142353 0)
(0.262077 -0.0153052 0)
(0.217371 -0.0248859 0)
(0.222786 -0.0253602 0)
(0.228045 -0.0257987 0)
(0.233069 -0.0262301 0)
(0.191347 -0.0357453 0)
(0.196102 -0.0360113 0)
(0.200755 -0.0361168 0)
(0.205243 -0.0360732 0)
(0.166555 -0.0451814 0)
(0.170678 -0.0453392 0)
(0.174747 -0.0452385 0)
(0.17872 -0.044875 0)
(0.143152 -0.0532587 0)
(0.14667 -0.0534018 0)
(0.150182 -0.0532146 0)
(0.15366 -0.0526785 0)
(0.121302 -0.0600502 0)
(0.12425 -0.0602641 0)
(0.127235 -0.0601021 0)
(0.130243 -0.0595315 0)
(0.101154 -0.065642 0)
(0.103572 -0.066002 0)
(0.106066 -0.065966 0)
(0.108633 -0.0654874 0)
(0.0828029 -0.0701355 0)
(0.0847385 -0.0707042 0)
(0.086782 -0.0708809 0)
(0.08894 -0.0706056 0)
(0.0662572 -0.0736461 0)
(0.0677633 -0.0744697 0)
(0.0693997 -0.074927 0)
(0.0711806 -0.074946 0)
(0.0514189 -0.0762953 0)
(0.0525474 -0.0774 0)
(0.0538166 -0.0781814 0)
(0.0552462 -0.0785584 0)
(0.0380863 -0.0781958 0)
(0.0388827 -0.0795833 0)
(0.0398156 -0.0807016 0)
(0.0409064 -0.0814643 0)
(0.0259977 -0.079444 0)
(0.0264991 -0.0810831 0)
(0.0271165 -0.0825122 0)
(0.0278667 -0.0836445 0)
(0.0149214 -0.0801975 0)
(0.015158 -0.0820288 0)
(0.0154696 -0.0836981 0)
(0.0158701 -0.0851233 0)
(0.00465845 -0.0802903 0)
(0.00470348 -0.0822199 0)
(0.00477316 -0.0840105 0)
(0.00487329 -0.0855891 0)
(-0.287166 1.04348 0)
(-0.180846 0.744246 0)
(0.00844736 0.490242 0)
(0.0795557 0.19178 0)
(0.125322 0.00882697 0)
(0.159981 -0.0498516 0)
(0.11532 -0.0015366 0)
(0.0591314 0.0638816 0)
(-0.0976335 0.017008 0)
(-0.186634 -0.153805 0)
(-0.153403 -0.34705 0)
(-0.086769 -0.379468 0)
(0.0159437 -0.193722 0)
(0.112627 0.0493906 0)
(-0.0784834 -0.0727441 0)
(-0.146677 -0.250158 0)
(-0.0268398 -0.352487 0)
(0.0935486 -0.348795 0)
(-0.00615321 -0.397111 0)
(-0.239238 0.865381 0)
(0.0256081 0.557687 0)
(0.242183 0.313577 0)
(0.368345 0.112663 0)
(0.4129 -0.00866212 0)
(0.371515 -0.0222598 0)
(0.26241 0.0610551 0)
(0.160019 0.159026 0)
(0.0108466 0.143293 0)
(-0.068859 -0.0954664 0)
(-0.0856142 -0.374085 0)
(-0.0617606 -0.426537 0)
(-0.0401859 -0.253467 0)
(-0.0102279 0.0650615 0)
(-0.142702 0.0608674 0)
(-0.206712 -0.281579 0)
(-0.0761026 -0.540216 0)
(0.18815 -0.407191 0)
(0.25012 -0.213623 0)
(-0.0726383 0.528539 0)
(0.189474 0.326742 0)
(0.345157 0.164869 0)
(0.426343 0.0527755 0)
(0.42818 -0.0066144 0)
(0.312157 0.0525242 0)
(0.139879 0.181345 0)
(0.0495222 0.265969 0)
(-0.0452433 0.238512 0)
(-0.0873993 -0.0506149 0)
(-0.0836847 -0.370401 0)
(-0.0642738 -0.434202 0)
(-0.0793397 -0.23929 0)
(-0.141606 0.181802 0)
(-0.322252 0.131913 0)
(-0.40027 -0.344206 0)
(-0.33222 -0.703232 0)
(-0.140093 -0.655303 0)
(0.231548 -0.0483771 0)
(-0.0376118 0.275713 0)
(0.166385 0.181288 0)
(0.301043 0.0977706 0)
(0.369014 0.0531957 0)
(0.251218 0.0481776 0)
(-0.150833 0.248327 0)
(-0.211674 0.27291 0)
(-0.188573 0.319622 0)
(-0.204203 0.244119 0)
(-0.178474 -0.107066 0)
(-0.0948495 -0.389438 0)
(-0.0667385 -0.440301 0)
(-0.0424555 -0.194509 0)
(-0.155755 0.347426 0)
(-0.38922 0.227809 0)
(-0.556329 -0.329912 0)
(-0.616312 -0.826168 0)
(-0.443779 -0.874558 0)
(0.0116033 -0.0844938 0)
(-0.0814921 0.209904 0)
(0.141369 0.136537 0)
(0.279828 0.0464453 0)
(-0.0805764 0.121166 0)
(-0.609049 0.543743 0)
(-0.54115 0.350978 0)
(-0.453903 0.281225 0)
(-0.394929 0.291622 0)
(-0.325865 0.153991 0)
(-0.21481 -0.181103 0)
(-0.0921881 -0.446254 0)
(-0.0480548 -0.468242 0)
(0.0293683 -0.186427 0)
(-0.0130979 0.486824 0)
(-0.256227 0.492253 0)
(-0.568722 -0.167687 0)
(-0.829203 -0.912448 0)
(-0.683803 -1.19281 0)
(-0.167803 -0.388215 0)
(-0.201643 0.00307243 0)
(-0.138489 -0.0863747 0)
(-0.652836 0.155339 0)
(-0.744296 0.57956 0)
(-0.671995 0.517307 0)
(-0.576858 0.258654 0)
(-0.542199 0.230564 0)
(-0.47194 0.200443 0)
(-0.34341 0.0246426 0)
(-0.179425 -0.301217 0)
(-0.0588792 -0.532399 0)
(-0.0133858 -0.506419 0)
(0.0405156 -0.206005 0)
(0.0812894 0.440678 0)
(-0.0357634 0.768817 0)
(-0.374195 0.135391 0)
(-0.883149 -0.699838 0)
(-0.751176 -1.63287 0)
(-0.221075 -0.840398 0)
(-0.841529 -0.408052 0)
(-0.872614 0.0954782 0)
(-0.925868 0.40916 0)
(-0.848186 0.563094 0)
(-0.629684 0.363592 0)
(-0.559793 0.191016 0)
(-0.536562 0.183311 0)
(-0.449394 0.126973 0)
(-0.282778 -0.0907118 0)
(-0.0961235 -0.450976 0)
(-0.0063416 -0.59951 0)
(0.00751395 -0.525326 0)
(-0.00013777 -0.221738 0)
(0.0530513 0.391736 0)
(0.068869 0.924766 0)
(-0.101951 0.469544 0)
(-0.682937 -0.117514 0)
(-0.614263 -2.00808 0)
(-0.184357 -1.341 0)
(-0.997889 -0.130115 0)
(-0.988648 0.131487 0)
(-0.927449 0.306604 0)
(-0.721336 0.296333 0)
(-0.575644 0.218452 0)
(-0.556822 0.182393 0)
(-0.508624 0.126662 0)
(-0.376488 0.0232011 0)
(-0.108909 -0.274352 0)
(0.00858407 -0.563222 0)
(0.0427384 -0.623213 0)
(0.015314 -0.526673 0)
(-0.0886972 -0.217226 0)
(-0.0006067 0.405831 0)
(0.0731053 0.915565 0)
(0.0575221 0.639984 0)
(-0.213083 0.328118 0)
(-0.391659 -2.19791 0)
(-0.163969 -1.75392 0)
(-0.946628 -0.124308 0)
(-0.874261 0.0878513 0)
(-0.733434 0.184367 0)
(-0.611699 0.204609 0)
(-0.555417 0.20784 0)
(-0.494148 0.135942 0)
(-0.387252 0.00304347 0)
(-0.165752 -0.215946 0)
(0.0407005 -0.486702 0)
(0.0848408 -0.60395 0)
(0.0881647 -0.625267 0)
(0.0443145 -0.4945 0)
(-0.213157 -0.181946 0)
(-0.0526364 0.362737 0)
(0.0402756 0.806461 0)
(0.108534 0.698557 0)
(0.0817192 0.610157 0)
(-0.0943493 -1.85822 0)
(-0.199544 -1.99411 0)
(-0.881161 -0.252193 0)
(-0.824096 0.0923087 0)
(-0.651452 0.185553 0)
(-0.53806 0.18745 0)
(-0.429024 0.132409 0)
(-0.213203 0.00535033 0)
(-0.0165501 -0.149549 0)
(0.10939 -0.362497 0)
(0.117049 -0.504406 0)
(0.131725 -0.607618 0)
(0.11952 -0.615861 0)
(0.0273695 -0.215226 0)
(-0.193305 -0.138325 0)
(-0.165622 0.29017 0)
(-0.0299982 0.702743 0)
(0.0431489 0.681207 0)
(0.12426 0.491038 0)
(0.108762 -1.45227 0)
(-0.0335161 -2.06099 0)
(-0.828642 -0.285595 0)
(-0.736666 -0.214323 0)
(-0.543816 -0.143378 0)
(-0.389994 -0.0243954 0)
(-0.230039 -0.149552 0)
(-0.0972971 -0.232196 0)
(0.0291021 -0.311111 0)
(0.0905033 -0.414272 0)
(0.125189 -0.511815 0)
(0.144245 -0.598249 0)
(-0.00256915 -0.455323 0)
(-0.302292 -0.148115 0)
(-0.360606 -0.0763545 0)
(-0.367259 0.246914 0)
(-0.175652 0.617741 0)
(-0.118108 0.637247 0)
(0.0840603 0.0302012 0)
(0.0161867 -1.31019 0)
(0.135875 -2.09696 0)
(-0.729746 -0.298641 0)
(-0.645854 -0.251634 0)
(-0.544841 -0.228536 0)
(-0.389594 -0.225103 0)
(-0.247007 -0.253568 0)
(-0.144771 -0.297488 0)
(-0.0516037 -0.358768 0)
(0.0155106 -0.429446 0)
(0.0824737 -0.50734 0)
(0.0575006 -0.499925 0)
(-0.37547 -0.153414 0)
(-0.488904 -0.0711558 0)
(-0.549909 -0.0411696 0)
(-0.640415 0.188437 0)
(-0.458567 0.530336 0)
(-0.456349 0.409718 0)
(-0.125862 -0.182847 0)
(-0.158856 -1.2836 0)
(0.15514 -2.12966 0)
(-0.614769 -0.321156 0)
(-0.56218 -0.276377 0)
(-0.467048 -0.260846 0)
(-0.363343 -0.275979 0)
(-0.265525 -0.297594 0)
(-0.176181 -0.322298 0)
(-0.0892276 -0.367376 0)
(-0.0133046 -0.44254 0)
(0.0348126 -0.520263 0)
(-0.300037 -0.202113 0)
(-0.480724 -0.00543937 0)
(-0.558107 0.00582712 0)
(-0.682908 0.0188112 0)
(-0.840351 0.183979 0)
(-0.737757 0.358531 0)
(-0.552624 0.208996 0)
(-0.253497 -0.376113 0)
(-0.156885 -1.42733 0)
(0.13349 -2.14964 0)
(-0.443005 -0.397858 0)
(-0.53194 -0.336969 0)
(-0.40804 -0.328148 0)
(-0.333202 -0.33299 0)
(-0.261988 -0.353472 0)
(-0.182347 -0.387011 0)
(-0.0680906 -0.424747 0)
(0.018287 -0.492574 0)
(-0.289596 -0.323422 0)
(-0.409694 -0.0392836 0)
(-0.49258 0.081089 0)
(-0.572802 0.0977503 0)
(-0.714452 0.168219 0)
(-0.780974 0.260825 0)
(-0.675225 0.255999 0)
(-0.472837 0.0127388 0)
(-0.221678 -0.579556 0)
(-0.091905 -1.53716 0)
(0.106429 -2.15067 0)
(0.123159 -0.111081 0)
(-0.0133782 -0.386992 0)
(-0.257087 -0.439796 0)
(-0.298694 -0.391694 0)
(-0.23885 -0.413522 0)
(-0.195913 -0.506938 0)
(-0.255437 -0.650761 0)
(-0.288367 -0.4437 0)
(-0.367628 -0.191727 0)
(-0.414526 0.0220758 0)
(-0.451607 0.136268 0)
(-0.513927 0.189277 0)
(-0.585678 0.238342 0)
(-0.583089 0.236254 0)
(-0.484821 0.131624 0)
(-0.338601 -0.156521 0)
(-0.129899 -0.773792 0)
(-0.0307632 -1.63046 0)
(0.0761228 -2.13713 0)
(0.408239 0.0232839 0)
(0.301849 -0.133139 0)
(0.177031 -0.284713 0)
(0.08435 -0.453024 0)
(0.0117191 -0.542356 0)
(-0.0530286 -0.516302 0)
(-0.141488 -0.462393 0)
(-0.23648 -0.331772 0)
(-0.302303 -0.15137 0)
(-0.32996 0.0330053 0)
(-0.341586 0.163752 0)
(-0.366119 0.230821 0)
(-0.386099 0.243675 0)
(-0.355975 0.186562 0)
(-0.27966 0.0352233 0)
(-0.188098 -0.272314 0)
(-0.0312126 -0.928158 0)
(0.0209703 -1.68519 0)
(0.0488347 -2.10912 0)
(0.542846 0.076692 0)
(0.482983 -0.0454458 0)
(0.400422 -0.160722 0)
(0.305876 -0.272277 0)
(0.200802 -0.348534 0)
(0.0950364 -0.367922 0)
(-0.0114633 -0.346407 0)
(-0.110253 -0.256871 0)
(-0.174546 -0.116632 0)
(-0.198655 0.0393405 0)
(-0.19851 0.165998 0)
(-0.195299 0.233684 0)
(-0.184868 0.229137 0)
(-0.1487 0.144309 0)
(-0.0914993 -0.0302588 0)
(-0.0309391 -0.346174 0)
(0.0516683 -1.01646 0)
(0.065363 -1.6887 0)
(0.02669 -2.07225 0)
(0.588692 0.0962903 0)
(0.561188 -0.00172403 0)
(0.508341 -0.095735 0)
(0.431551 -0.182974 0)
(0.334114 -0.246935 0)
(0.228015 -0.27069 0)
(0.12366 -0.25393 0)
(0.0314968 -0.186531 0)
(-0.0317991 -0.0782491 0)
(-0.0584186 0.0471317 0)
(-0.0563241 0.157528 0)
(-0.0395233 0.218738 0)
(-0.0142599 0.205386 0)
(0.0215865 0.108239 0)
(0.0661841 -0.0770673 0)
(0.113843 -0.392869 0)
(0.12549 -1.01496 0)
(0.104689 -1.6611 0)
(0.0110274 -2.02768 0)
(0.590286 0.0995119 0)
(0.58105 0.0232446 0)
(0.549131 -0.0502529 0)
(0.494038 -0.116191 0)
(0.417819 -0.164532 0)
(0.329197 -0.183911 0)
(0.23914 -0.170134 0)
(0.158617 -0.119346 0)
(0.0995234 -0.0375613 0)
(0.0700099 0.0592262 0)
(0.0690706 0.147701 0)
(0.0879263 0.19695 0)
(0.117044 0.17776 0)
(0.150245 0.0766597 0)
(0.18499 -0.111672 0)
(0.221044 -0.420791 0)
(0.198029 -0.957431 0)
(0.140635 -1.59956 0)
(-0.00112615 -1.97414 0)
(0.570816 0.0935912 0)
(0.571682 0.035269 0)
(0.554055 -0.0195674 0)
(0.517231 -0.0667838 0)
(0.462424 -0.100094 0)
(0.395088 -0.112332 0)
(0.323624 -0.099653 0)
(0.25744 -0.0603573 0)
(0.206135 0.00137766 0)
(0.17645 0.0744129 0)
(0.171147 0.141339 0)
(0.185818 0.176103 0)
(0.211708 0.151159 0)
(0.239902 0.0497775 0)
(0.264995 -0.136356 0)
(0.284549 -0.431521 0)
(0.250505 -0.894594 0)
(0.165691 -1.48954 0)
(-0.0152798 -1.90873 0)
(0.541512 0.0829093 0)
(0.547981 0.0387963 0)
(0.539869 -0.000884887 0)
(0.516619 -0.0329155 0)
(0.479036 -0.0534347 0)
(0.430525 -0.0582144 0)
(0.376911 -0.0446995 0)
(0.32533 -0.0123469 0)
(0.283193 0.0355732 0)
(0.256333 0.0907775 0)
(0.247986 0.139364 0)
(0.256791 0.160306 0)
(0.276272 0.129494 0)
(0.29767 0.0292455 0)
(0.313581 -0.150592 0)
(0.317695 -0.426488 0)
(0.281008 -0.82829 0)
(0.18582 -1.37101 0)
(-0.0326476 -1.83293 0)
(0.50779 0.069997 0)
(0.517255 0.037015 0)
(0.515309 0.0091817 0)
(0.501601 -0.0110583 0)
(0.476735 -0.021345 0)
(0.442939 -0.0193921 0)
(0.404158 -0.00389801 0)
(0.365488 0.0248294 0)
(0.332414 0.0638084 0)
(0.309685 0.10628 0)
(0.300261 0.140795 0)
(0.304119 0.150226 0)
(0.316919 0.114094 0)
(0.331316 0.0155757 0)
(0.339585 -0.155806 0)
(0.333534 -0.410871 0)
(0.295543 -0.762383 0)
(0.219243 -1.22999 0)
(-0.0433144 -1.75646 0)
(0.47238 0.0562664 0)
(0.483296 0.0320717 0)
(0.485241 0.0134962 0)
(0.478035 0.00236927 0)
(0.462154 8.79243e-05 0)
(0.439154 0.0077215 0)
(0.41176 0.0255837 0)
(0.383521 0.0526947 0)
(0.358397 0.0860679 0)
(0.340019 0.119818 0)
(0.330886 0.144199 0)
(0.331356 0.144881 0)
(0.338558 0.104591 0)
(0.346737 0.00813345 0)
(0.348833 -0.154432 0)
(0.336745 -0.390184 0)
(0.298334 -0.703124 0)
(0.245539 -1.09938 0)
(-0.0152112 -1.66727 0)
(0.436709 0.042522 0)
(0.448162 0.0253486 0)
(0.452482 0.0140823 0)
(0.449599 0.0100608 0)
(0.439934 0.0140366 0)
(0.424626 0.0263261 0)
(0.405589 0.0465083 0)
(0.385328 0.07312 0)
(0.366667 0.103098 0)
(0.352282 0.13105 0)
(0.344097 0.148421 0)
(0.342462 0.142973 0)
(0.34532 0.0999966 0)
(0.348124 0.00600145 0)
(0.344853 -0.148083 0)
(0.328124 -0.367173 0)
(0.288869 -0.651389 0)
(0.23931 -1.00017 0)
(0.0614846 -1.52798 0)
(0.401543 0.0292047 0)
(0.412997 0.0177132 0)
(0.418713 0.0122931 0)
(0.418683 0.013893 0)
(0.413276 0.0228226 0)
(0.403372 0.0388735 0)
(0.390363 0.0611567 0)
(0.376044 0.0878696 0)
(0.362427 0.11587 0)
(0.351429 0.140085 0)
(0.344407 0.152841 0)
(0.3415 0.143501 0)
(0.340971 0.0994057 0)
(0.338998 0.00862239 0)
(0.330216 -0.136983 0)
(0.308036 -0.34127 0)
(0.26411 -0.602703 0)
(0.207589 -0.918166 0)
(0.0772608 -1.3813 0)
(0.367275 0.0165384 0)
(0.378423 0.00969208 0)
(0.38492 0.0090031 0)
(0.386777 0.0151102 0)
(0.384318 0.0280002 0)
(0.37824 0.0471108 0)
(0.369595 0.0712378 0)
(0.359691 0.098356 0)
(0.349963 0.125284 0)
(0.341744 0.147209 0)
(0.335883 0.157169 0)
(0.332215 0.145824 0)
(0.328998 0.102205 0)
(0.322701 0.0158308 0)
(0.308144 -0.120487 0)
(0.278874 -0.309741 0)
(0.227315 -0.549697 0)
(0.157753 -0.835586 0)
(0.0482453 -1.26898 0)
(0.334076 0.00462401 0)
(0.344758 0.00159714 0)
(0.351659 0.00476647 0)
(0.354793 0.0145243 0)
(0.35443 0.0306133 0)
(0.351138 0.0522247 0)
(0.345731 0.0779424 0)
(0.339179 0.105605 0)
(0.332503 0.132042 0)
(0.326585 0.152698 0)
(0.321854 0.161244 0)
(0.31782 0.149464 0)
(0.312567 0.107878 0)
(0.302554 0.0274375 0)
(0.282514 -0.098017 0)
(0.245804 -0.270419 0)
(0.185814 -0.487067 0)
(0.0965372 -0.747352 0)
(0.0148836 -1.20971 0)
(0.301996 -0.00650297 0)
(0.31214 -0.00639135 0)
(0.319227 -7.18191e-05 0)
(0.323259 0.0126524 0)
(0.324459 0.0313354 0)
(0.323289 0.0549903 0)
(0.320391 0.0820594 0)
(0.316495 0.110309 0)
(0.312318 0.136629 0)
(0.308406 0.156734 0)
(0.304858 0.164902 0)
(0.300907 0.15394 0)
(0.294445 0.115742 0)
(0.281806 0.0427288 0)
(0.257692 -0.0700946 0)
(0.215619 -0.22361 0)
(0.15029 -0.415953 0)
(0.0362941 -0.658479 0)
(0.0106727 -1.19916 0)
(0.271038 -0.0168451 0)
(0.280626 -0.0141774 0)
(0.28778 -0.00530332 0)
(0.292483 0.00981567 0)
(0.294916 0.0305886 0)
(0.295456 0.0558965 0)
(0.294614 0.0840872 0)
(0.292942 0.112902 0)
(0.29094 0.139325 0)
(0.288909 0.159367 0)
(0.286715 0.167887 0)
(0.283409 0.158641 0)
(0.276783 0.124802 0)
(0.263165 0.0602045 0)
(0.23756 -0.0389717 0)
(0.194413 -0.173237 0)
(0.13087 -0.344022 0)
(0.00940862 -0.584477 0)
(0.0351963 -1.18936 0)
(0.241227 -0.0264222 0)
(0.250261 -0.0217154 0)
(0.257417 -0.010808 0)
(0.262659 0.00620903 0)
(0.266126 0.0286328 0)
(0.268123 0.0552446 0)
(0.269059 0.0843274 0)
(0.269358 0.113627 0)
(0.269367 0.140248 0)
(0.269221 0.160503 0)
(0.268647 0.169809 0)
(0.266617 0.162788 0)
(0.260962 0.133761 0)
(0.248227 0.0777916 0)
(0.224032 -0.00805376 0)
(0.184159 -0.124889 0)
(0.127824 -0.27918 0)
(0.0210765 -0.525617 0)
(0.0539345 -1.16758 0)
(0.212631 -0.0352593 0)
(0.22112 -0.0289871 0)
(0.228244 -0.0165189 0)
(0.233947 0.00195 0)
(0.238325 0.0256286 0)
(0.241622 0.0532204 0)
(0.244163 0.082962 0)
(0.246282 0.112617 0)
(0.248229 0.139417 0)
(0.25004 0.159971 0)
(0.251378 0.170217 0)
(0.251233 0.165549 0)
(0.247586 0.141264 0)
(0.237375 0.0933935 0)
(0.216919 0.0194651 0)
(0.183113 -0.0826656 0)
(0.136241 -0.224203 0)
(0.0450975 -0.471501 0)
(0.0686551 -1.13642 0)
(0.185371 -0.0433807 0)
(0.193322 -0.0359881 0)
(0.200398 -0.0223986 0)
(0.206513 -0.00288992 0)
(0.211725 0.0216773 0)
(0.216216 0.0499445 0)
(0.220243 0.0801091 0)
(0.224078 0.109951 0)
(0.227917 0.136823 0)
(0.231758 0.157608 0)
(0.235261 0.168717 0)
(0.237491 0.166221 0)
(0.236643 0.146224 0)
(0.230075 0.105469 0)
(0.214828 0.0416446 0)
(0.188442 -0.0483378 0)
(0.151014 -0.178705 0)
(0.0714252 -0.420341 0)
(0.0862965 -1.087 0)
(0.159608 -0.0508086 0)
(0.16703 -0.0427203 0)
(0.174046 -0.028427 0)
(0.180543 -0.00826647 0)
(0.186536 0.0168465 0)
(0.192143 0.0455022 0)
(0.197559 0.0758579 0)
(0.20301 0.105696 0)
(0.208678 0.132471 0)
(0.214574 0.153303 0)
(0.220398 0.165033 0)
(0.225327 0.164322 0)
(0.227788 0.14794 0)
(0.225534 0.113142 0)
(0.216216 0.0576633 0)
(0.197897 -0.0222496 0)
(0.169834 -0.14165 0)
(0.0992984 -0.370504 0)
(0.109632 -1.0167 0)
(0.135521 -0.0575654 0)
(0.142424 -0.0491882 0)
(0.149375 -0.0345926 0)
(0.156233 -0.0141507 0)
(0.162967 0.011186 0)
(0.169626 0.0399641 0)
(0.176335 0.0702927 0)
(0.183285 0.0999318 0)
(0.190671 0.126403 0)
(0.198563 0.147025 0)
(0.206739 0.159023 0)
(0.214497 0.159586 0)
(0.220495 0.146043 0)
(0.222841 0.115999 0)
(0.219704 0.0671684 0)
(0.209613 -0.00435461 0)
(0.190882 -0.1128 0)
(0.12827 -0.321785 0)
(0.137435 -0.921224 0)
(0.113273 -0.0636748 0)
(0.119671 -0.055397 0)
(0.12655 -0.0408884 0)
(0.133755 -0.0205219 0)
(0.141203 0.00473735 0)
(0.148858 0.0334001 0)
(0.156758 0.0635126 0)
(0.165062 0.0927713 0)
(0.174003 0.118717 0)
(0.183744 0.138824 0)
(0.194155 0.150678 0)
(0.204646 0.151925 0)
(0.214109 0.140413 0)
(0.22102 0.113963 0)
(0.224036 0.0701479 0)
(0.222011 0.00529516 0)
(0.212381 -0.0925235 0)
(0.15901 -0.274558 0)
(0.165585 -0.796322 0)
(0.0929735 -0.0691622 0)
(0.0988751 -0.0613501 0)
(0.105671 -0.047308 0)
(0.113209 -0.0273664 0)
(0.121356 -0.00246723 0)
(0.129967 0.0258798 0)
(0.138955 0.0556362 0)
(0.148442 0.084363 0)
(0.158738 0.10957 0)
(0.170125 0.12881 0)
(0.182535 0.140123 0)
(0.195419 0.141572 0)
(0.207913 0.131282 0)
(0.219028 0.10724 0)
(0.227942 0.0668266 0)
(0.233449 0.00676729 0)
(0.231659 -0.0806616 0)
(0.192867 -0.22809 0)
(0.189593 -0.648674 0)
(0.0746312 -0.0740481 0)
(0.0800276 -0.0670397 0)
(0.0867008 -0.0538378 0)
(0.0945441 -0.0346761 0)
(0.103384 -0.0104134 0)
(0.112938 0.0174593 0)
(0.122916 0.0467973 0)
(0.133391 0.0748801 0)
(0.144849 0.0991545 0)
(0.157589 0.11733 0)
(0.171469 0.1278 0)
(0.186154 0.128986 0)
(0.201126 0.11907 0)
(0.215933 0.0962342 0)
(0.230126 0.0575208 0)
(0.241811 0.00107979 0)
(0.244369 -0.0741632 0)
(0.218838 -0.18615 0)
(0.201017 -0.476425 0)
(0.0581201 -0.0783334 0)
(0.0629564 -0.0724245 0)
(0.0693994 -0.0604312 0)
(0.077453 -0.0424314 0)
(0.0869625 -0.0191068 0)
(0.0974859 0.00817125 0)
(0.108381 0.0371673 0)
(0.119606 0.0645931 0)
(0.131899 0.087724 0)
(0.145594 0.104801 0)
(0.160351 0.114308 0)
(0.176005 0.114718 0)
(0.19262 0.104262 0)
(0.210639 0.0810466 0)
(0.229738 0.043314 0)
(0.245736 -0.00863169 0)
(0.24932 -0.0686106 0)
(0.22921 -0.145636 0)
(0.203585 -0.310115 0)
(0.0431811 -0.0819763 0)
(0.0473201 -0.0773918 0)
(0.0532847 -0.0669567 0)
(0.0612821 -0.050552 0)
(0.0713148 -0.0285529 0)
(0.0828617 -0.00198519 0)
(0.0947067 0.0269901 0)
(0.106551 0.0539636 0)
(0.11935 0.0757519 0)
(0.133622 0.0917142 0)
(0.148628 0.100381 0)
(0.164041 0.0998029 0)
(0.180519 0.0877577 0)
(0.199862 0.0622512 0)
(0.222305 0.024555 0)
(0.242943 -0.0215807 0)
(0.250207 -0.0637482 0)
(0.24589 -0.0983926 0)
(0.222946 -0.133219 0)
(0.0294885 -0.0848792 0)
(0.0326922 -0.0817088 0)
(0.037718 -0.0730917 0)
(0.0450434 -0.0587556 0)
(0.05507 -0.0386748 0)
(0.0675464 -0.0131371 0)
(0.080536 0.0163332 0)
(0.0935344 0.0430661 0)
(0.106935 0.0633544 0)
(0.121671 0.0784965 0)
(0.136166 0.0869666 0)
(0.149692 0.0859566 0)
(0.163039 0.0720573 0)
(0.17967 0.0424273 0)
(0.200137 0.00266807 0)
(0.224306 -0.0398472 0)
(0.243105 -0.0686811 0)
(0.285219 -0.0513823 0)
(0.275 0.109741 0)
(0.0167919 -0.0869559 0)
(0.0187893 -0.0850413 0)
(0.0222258 -0.0782327 0)
(0.0277564 -0.066308 0)
(0.0363278 -0.0490693 0)
(0.0486402 -0.0259221 0)
(0.0624141 0.00371452 0)
(0.0796055 0.029014 0)
(0.0949343 0.0481123 0)
(0.110696 0.0640642 0)
(0.12424 0.0744557 0)
(0.134169 0.0757094 0)
(0.140584 0.0631082 0)
(0.148321 0.0306626 0)
(0.154339 -0.0153024 0)
(0.175943 -0.0666396 0)
(0.211449 -0.113495 0)
(0.351164 -0.0852028 0)
(0.374489 0.329261 0)
(0.00511753 -0.0876963 0)
(0.00574653 -0.0865536 0)
(0.00698718 -0.0810622 0)
(0.00926569 -0.0713391 0)
(0.0134793 -0.0578137 0)
(0.0212591 -0.0405951 0)
(0.0308519 -0.0172436 0)
(0.0647525 0.0061453 0)
(0.0857016 0.0264707 0)
(0.103513 0.0469321 0)
(0.116452 0.0627578 0)
(0.122787 0.0710289 0)
(0.120577 0.0677504 0)
(0.111971 0.0411888 0)
(0.0645263 -0.0100854 0)
(0.0700149 -0.0993979 0)
(0.100864 -0.233 0)
(0.237823 -0.352591 0)
(0.526419 0.867719 0)
)
;

boundaryField
{
    leftWall
    {
        type            noSlip;
    }
    rightWall
    {
        type            noSlip;
    }
    lowerWall
    {
        type            noSlip;
    }
    atmosphere
    {
        type            pressureInletOutletVelocity;
        value           nonuniform List<vector> 
46
(
(-0.00216212 0.0845399 0)
(-0.00125717 0.0718941 0)
(-9.46774e-05 0.0641792 0)
(0.00107322 0.0578605 0)
(0.00223805 0.0519456 0)
(0.00333845 0.0461411 0)
(0.00433885 0.0403245 0)
(0.00520048 0.0344162 0)
(0.00586593 0.0283482 0)
(0.00624976 0.02205 0)
(0.0062729 0.0153944 0)
(0.00602797 0.00790168 0)
(0.00421176 9.10771e-05 0)
(0 -0.00730175 0)
(0 -0.0152085 0)
(0 -0.0234054 0)
(0 -0.0317978 0)
(0 -0.0402792 0)
(0 -0.0486975 0)
(0 -0.0568496 0)
(0 -0.0644843 0)
(0 -0.071314 0)
(0 -0.0770446 0)
(0 -0.0802903 0)
(0 -0.0822199 0)
(0 -0.0840105 0)
(0 -0.0855891 0)
(0 -0.0876963 0)
(0 -0.0865536 0)
(0 -0.0810622 0)
(0 -0.0713391 0)
(0 -0.0578137 0)
(0 -0.0405951 0)
(0 -0.0172436 0)
(0 0.0061453 0)
(0.0857016 0.0264707 0)
(0.103513 0.0469321 0)
(0.116452 0.0627578 0)
(0.122787 0.0710289 0)
(0.120577 0.0677504 0)
(0.111971 0.0411888 0)
(0 -0.0100854 0)
(0 -0.0993979 0)
(0 -0.233 0)
(0 -0.352591 0)
(0.526419 0.867719 0)
)
;
    }
    defaultFaces
    {
        type            empty;
    }
}


// ************************************************************************* //
