/*--------------------------------*- C++ -*----------------------------------*\
| =========                 |                                                 |
| \\      /  F ield         | OpenFOAM: The Open Source CFD Toolbox           |
|  \\    /   O peration     | Version:  v2012                                 |
|   \\  /    A nd           | Website:  www.openfoam.com                      |
|    \\/     M anipulation  |                                                 |
\*---------------------------------------------------------------------------*/
FoamFile
{
    version     2.0;
    format      ascii;
    class       surfaceScalarField;
    location    "0.9";
    object      phi;
}
// * * * * * * * * * * * * * * * * * * * * * * * * * * * * * * * * * * * * * //

dimensions      [0 3 -1 0 0 0 0];
oriented        oriented;


internalField   nonuniform List<scalar> 
4432
(
-3.00816e-06
3.00816e-06
-6.83496e-06
3.82679e-06
-9.86205e-06
3.02709e-06
-1.23535e-05
2.49147e-06
-1.46337e-05
2.28019e-06
-1.68079e-05
2.17424e-06
-1.88608e-05
2.05281e-06
-2.07449e-05
1.88411e-06
-2.24216e-05
1.67669e-06
-2.38628e-05
1.4412e-06
-2.50357e-05
1.17293e-06
-2.58886e-05
8.52934e-07
-2.63364e-05
4.47775e-07
-2.62448e-05
-9.15538e-08
-2.54958e-05
-7.49043e-07
-2.38983e-05
-1.59754e-06
-2.12643e-05
-2.63397e-06
-1.73136e-05
-3.95071e-06
-1.19463e-05
-5.36732e-06
-5.76294e-06
-6.18332e-06
-4.30654e-07
-5.33228e-06
1.97366e-06
-2.40431e-06
1.97366e-06
-4.64949e-06
7.65764e-06
-8.42374e-06
7.60104e-06
-1.13213e-05
5.92461e-06
-1.38774e-05
5.04763e-06
-1.62919e-05
4.69465e-06
-1.8543e-05
4.42537e-06
-2.05786e-05
4.08847e-06
-2.23651e-05
3.67058e-06
-2.38911e-05
3.20268e-06
-2.51505e-05
2.70064e-06
-2.61242e-05
2.14659e-06
-2.67728e-05
1.50148e-06
-2.70425e-05
7.17515e-07
-2.68654e-05
-2.68615e-07
-2.60775e-05
-1.53696e-06
-2.4467e-05
-3.20804e-06
-2.1747e-05
-5.35398e-06
-1.77098e-05
-7.98795e-06
-1.23886e-05
-1.06885e-05
-6.36291e-06
-1.2209e-05
-9.58203e-07
-1.0737e-05
1.73672e-06
-5.09926e-06
3.71039e-06
-4.81658e-06
1.24742e-05
-8.18679e-06
1.09712e-05
-1.1036e-05
8.77381e-06
-1.36959e-05
7.70751e-06
-1.61971e-05
7.19592e-06
-1.84951e-05
6.7233e-06
-2.05473e-05
6.14072e-06
-2.23355e-05
5.45875e-06
-2.38611e-05
4.72829e-06
-2.5128e-05
3.96757e-06
-2.61245e-05
3.14302e-06
-2.68146e-05
2.19165e-06
-2.71387e-05
1.04157e-06
-2.70086e-05
-3.98686e-07
-2.62827e-05
-2.26286e-06
-2.47625e-05
-4.72828e-06
-2.21818e-05
-7.93464e-06
-1.83079e-05
-1.18619e-05
-1.31418e-05
-1.58546e-05
-7.18863e-06
-1.81622e-05
-1.6599e-06
-1.62657e-05
1.5293e-06
-8.28848e-06
5.2397e-06
-4.62768e-06
1.71019e-05
-7.83277e-06
1.41763e-05
-1.07434e-05
1.16844e-05
-1.35145e-05
1.04787e-05
-1.60979e-05
9.77934e-06
-1.84418e-05
9.06718e-06
-2.0513e-05
8.21192e-06
-2.2305e-05
7.25072e-06
-2.38308e-05
6.25411e-06
-2.51043e-05
5.24104e-06
-2.61205e-05
4.15926e-06
-2.68478e-05
2.91892e-06
-2.72291e-05
1.42289e-06
-2.71817e-05
-4.46087e-07
-2.65819e-05
-2.86271e-06
-2.52407e-05
-6.06941e-06
-2.28894e-05
-1.0286e-05
-1.92466e-05
-1.55047e-05
-1.42195e-05
-2.08817e-05
-8.23051e-06
-2.41511e-05
-2.45296e-06
-2.20432e-05
1.24659e-06
-1.1988e-05
6.48629e-06
-4.37346e-06
2.14754e-05
-7.53973e-06
1.73426e-05
-1.05365e-05
1.46812e-05
-1.3406e-05
1.33482e-05
-1.60599e-05
1.24332e-05
-1.84403e-05
1.14476e-05
-2.05216e-05
1.02932e-05
-2.23088e-05
9.03797e-06
-2.38283e-05
7.77362e-06
-2.51058e-05
6.51846e-06
-2.6145e-05
5.19846e-06
-2.69206e-05
3.6946e-06
-2.73831e-05
1.88535e-06
-2.7461e-05
-3.68202e-07
-2.70471e-05
-3.27661e-06
-2.59618e-05
-7.15466e-06
-2.39224e-05
-1.23254e-05
-2.05652e-05
-1.88619e-05
-1.56638e-05
-2.57831e-05
-9.56682e-06
-3.02481e-05
-3.50517e-06
-2.81049e-05
5.3791e-07
-1.60311e-05
7.02421e-06
-4.12443e-06
2.55998e-05
-7.30359e-06
2.05218e-05
-1.03938e-05
1.77714e-05
-1.33538e-05
1.63082e-05
-1.60693e-05
1.51487e-05
-1.8478e-05
1.38563e-05
-2.05619e-05
1.23771e-05
-2.23386e-05
1.08147e-05
-2.38494e-05
9.28436e-06
-2.51336e-05
7.80268e-06
-2.62055e-05
6.27042e-06
-2.70481e-05
4.53712e-06
-2.76208e-05
2.4581e-06
-2.78664e-05
-1.22586e-07
-2.76963e-05
-3.44673e-06
-2.69417e-05
-7.90921e-06
-2.52984e-05
-1.39688e-05
-2.22895e-05
-2.18708e-05
-1.75122e-05
-3.05604e-05
-1.12459e-05
-3.65144e-05
-4.84477e-06
-3.4506e-05
-4.30872e-07
-2.0445e-05
6.59333e-06
-3.89539e-06
2.94952e-05
-7.10732e-06
2.37337e-05
-1.02939e-05
2.09581e-05
-1.3338e-05
1.93523e-05
-1.61065e-05
1.79172e-05
-1.85361e-05
1.62859e-05
-2.06174e-05
1.44584e-05
-2.23813e-05
1.25786e-05
-2.38853e-05
1.07883e-05
-2.51839e-05
9.10129e-06
-2.6303e-05
7.38949e-06
-2.72345e-05
5.46868e-06
-2.79487e-05
3.17229e-06
-2.84043e-05
3.32985e-07
-2.8536e-05
-3.31503e-06
-2.81896e-05
-8.25564e-06
-2.70349e-05
-1.51235e-05
-2.44458e-05
-2.44598e-05
-1.97966e-05
-3.52096e-05
-1.32882e-05
-4.30228e-05
-6.38634e-06
-4.14078e-05
-1.40984e-06
-2.54215e-05
5.18349e-06
-3.67728e-06
3.31725e-05
-6.92839e-06
2.69848e-05
-1.02118e-05
2.42414e-05
-1.33308e-05
2.24713e-05
-1.61425e-05
2.07288e-05
-1.85868e-05
1.87302e-05
-2.06637e-05
1.65353e-05
-2.24173e-05
1.43323e-05
-2.39215e-05
1.22925e-05
-2.52464e-05
1.04262e-05
-2.64303e-05
8.57347e-06
-2.74756e-05
6.51395e-06
-2.83635e-05
4.06018e-06
-2.90699e-05
1.03936e-06
-2.95642e-05
-2.82068e-06
-2.97042e-05
-8.1157e-06
-2.9138e-05
-1.56897e-05
-2.7057e-05
-2.65408e-05
-2.25768e-05
-3.96898e-05
-1.57986e-05
-4.98011e-05
-8.13658e-06
-4.90698e-05
-2.05223e-06
-3.15059e-05
3.13125e-06
5.10134e-06
-5.10134e-06
-1.72383e-05
2.23396e-05
-4.18187e-05
2.45804e-05
-5.97521e-05
1.79334e-05
-6.92496e-05
9.49749e-06
-7.19759e-05
2.72626e-06
-7.02633e-05
-1.71261e-06
-6.61491e-05
-4.11414e-06
-6.02432e-05
-5.90596e-06
-5.24428e-05
-7.80036e-06
-4.28183e-05
-9.62453e-06
-3.31613e-05
-9.65696e-06
-2.6829e-05
-6.33231e-06
-2.20176e-05
-4.81142e-06
-1.66359e-05
-5.38173e-06
-9.80201e-06
-6.83388e-06
-2.0544e-06
-7.74759e-06
3.37789e-06
-5.4323e-06
3.3779e-06
-1.59082e-05
1.08069e-05
-4.10907e-05
4.75221e-05
-5.9782e-05
4.32717e-05
-6.81493e-05
2.63007e-05
-7.12787e-05
1.2627e-05
-7.12445e-05
2.69196e-06
-6.9099e-05
-3.8581e-06
-6.54418e-05
-7.77132e-06
-6.02234e-05
-1.11243e-05
-5.30134e-05
-1.50103e-05
-4.42417e-05
-1.83963e-05
-3.56255e-05
-1.82731e-05
-3.00572e-05
-1.19007e-05
-2.62303e-05
-8.63831e-06
-2.22311e-05
-9.38089e-06
-1.69575e-05
-1.21074e-05
-9.8367e-06
-1.48684e-05
-1.7287e-06
-1.35403e-05
1.64921e-06
-2.6589e-05
3.73959e-05
-4.8091e-05
6.90241e-05
-5.94147e-05
5.45954e-05
-6.47021e-05
3.15881e-05
-6.80557e-05
1.59805e-05
-6.84333e-05
3.06958e-06
-6.62686e-05
-6.02276e-06
-6.27583e-05
-1.12816e-05
-5.79649e-05
-1.59178e-05
-5.11373e-05
-2.18379e-05
-4.26681e-05
-2.68655e-05
-3.4482e-05
-2.64592e-05
-2.98798e-05
-1.65028e-05
-2.7598e-05
-1.09201e-05
-2.55617e-05
-1.14172e-05
-2.23512e-05
-1.5318e-05
-1.65528e-05
-2.06668e-05
-7.92748e-06
-2.21657e-05
-6.27827e-06
-2.99869e-05
6.73828e-05
-4.77427e-05
8.67799e-05
-5.56878e-05
6.25405e-05
-6.06348e-05
3.65351e-05
-6.48071e-05
2.01528e-05
-6.49849e-05
3.24736e-06
-6.20605e-05
-8.94718e-06
-5.84907e-05
-1.48515e-05
-5.43843e-05
-2.00241e-05
-4.77311e-05
-2.84911e-05
-3.88772e-05
-3.57195e-05
-3.07117e-05
-3.46247e-05
-2.72578e-05
-1.99567e-05
-2.6681e-05
-1.1497e-05
-2.67834e-05
-1.13148e-05
-2.59862e-05
-1.61152e-05
-2.23041e-05
-2.43489e-05
-1.31637e-05
-3.13061e-05
-1.9442e-05
-2.98976e-05
9.72803e-05
-4.45984e-05
0.000101481
-5.06529e-05
6.8595e-05
-5.50977e-05
4.098e-05
-5.99219e-05
2.4977e-05
-5.82809e-05
1.60629e-06
-5.27215e-05
-1.45065e-05
-4.91233e-05
-1.84497e-05
-4.78104e-05
-2.1337e-05
-4.21731e-05
-3.41284e-05
-3.22414e-05
-4.56512e-05
-2.40069e-05
-4.28591e-05
-2.2021e-05
-2.19426e-05
-2.32401e-05
-1.02779e-05
-2.52389e-05
-9.31594e-06
-2.59927e-05
-1.53614e-05
-2.44552e-05
-2.58864e-05
-1.65983e-05
-3.91629e-05
-3.60403e-05
-2.8466e-05
0.000125746
-4.03952e-05
0.00011341
-4.49012e-05
7.3101e-05
-4.78972e-05
4.3976e-05
-4.95232e-05
2.66031e-05
-4.1129e-05
-6.788e-06
-3.28367e-05
-2.27988e-05
-3.07361e-05
-2.05504e-05
-3.41369e-05
-1.79363e-05
-3.22799e-05
-3.59854e-05
-2.0463e-05
-5.74681e-05
-1.23313e-05
-5.09909e-05
-1.24119e-05
-2.1862e-05
-1.55979e-05
-7.09192e-06
-1.86189e-05
-6.29494e-06
-1.8441e-05
-1.55392e-05
-1.73604e-05
-2.69671e-05
-1.45399e-05
-4.19834e-05
-5.05802e-05
-2.66887e-05
0.000152435
-3.57327e-05
0.000122454
-3.94308e-05
7.6799e-05
-4.0559e-05
4.51042e-05
-3.36527e-05
1.96967e-05
-2.37472e-05
-1.66935e-05
-1.75207e-05
-2.90253e-05
-1.62332e-05
-2.18378e-05
-1.95906e-05
-1.45789e-05
-1.7299e-05
-3.82769e-05
-4.87458e-06
-6.98925e-05
5.08911e-06
-6.09546e-05
6.61417e-06
-2.33871e-05
1.15138e-06
-1.62912e-06
-3.41944e-06
-1.72411e-06
1.90142e-06
-2.08601e-05
7.00218e-06
-3.20678e-05
-8.94516e-07
-3.40867e-05
-5.14747e-05
-2.48215e-05
0.000177257
-3.00652e-05
0.000127697
-3.24689e-05
7.92027e-05
-3.16445e-05
4.42799e-05
-2.30317e-05
1.10839e-05
-1.49535e-05
-2.47716e-05
-1.03134e-05
-3.36655e-05
-6.00374e-06
-2.61474e-05
-9.04073e-06
-1.15419e-05
-6.73309e-06
-4.05845e-05
2.29253e-06
-7.89182e-05
1.44812e-05
-7.31433e-05
2.90016e-05
-3.79074e-05
2.21766e-05
5.19582e-06
1.4363e-05
6.08949e-06
1.83827e-05
-2.48798e-05
2.81691e-05
-4.18542e-05
1.95939e-05
-2.55116e-05
-3.18808e-05
-6.80579e-06
3.99783e-05
-1.4073e-05
3.4252e-05
-2.13693e-05
3.15378e-05
-2.82182e-05
2.93202e-05
-3.43113e-05
2.68219e-05
-3.95497e-05
2.39686e-05
-4.39636e-05
2.09491e-05
-4.76811e-05
1.80498e-05
-5.09096e-05
1.5521e-05
-5.3853e-05
1.33696e-05
-5.66415e-05
1.1362e-05
-5.93216e-05
9.1941e-06
-6.18973e-05
6.63586e-06
-6.43566e-05
3.49867e-06
-6.68488e-05
-3.28544e-07
-6.90294e-05
-5.93509e-06
-7.02676e-05
-1.44514e-05
-6.81937e-05
-2.86148e-05
-5.98556e-05
-4.80279e-05
-4.51542e-05
-6.45025e-05
-2.7112e-05
-6.7112e-05
-6.63019e-06
-5.19877e-05
-2.38864e-05
2.03875e-05
-5.40842e-06
4.53867e-05
-1.27545e-05
4.1598e-05
-2.02019e-05
3.89852e-05
-2.71462e-05
3.62646e-05
-3.33082e-05
3.29839e-05
-3.86115e-05
2.92719e-05
-4.30911e-05
2.54287e-05
-4.68756e-05
2.18343e-05
-5.02209e-05
1.88662e-05
-5.34e-05
1.65486e-05
-5.66441e-05
1.46061e-05
-6.0106e-05
1.26561e-05
-6.3924e-05
1.04538e-05
-6.82136e-05
7.78828e-06
-7.29801e-05
4.43794e-06
-7.8384e-05
-5.31153e-07
-8.38704e-05
-8.96499e-06
-8.61461e-05
-2.63391e-05
-8.04005e-05
-5.37735e-05
-6.79854e-05
-7.69176e-05
-5.42664e-05
-8.0831e-05
-4.18289e-05
-6.44252e-05
-3.11429e-05
-3.45724e-05
-4.13738e-06
4.95241e-05
-1.05032e-05
4.79638e-05
-1.72874e-05
4.57694e-05
-2.39993e-05
4.29765e-05
-3.02505e-05
3.92351e-05
-3.58623e-05
3.48836e-05
-4.07537e-05
3.03201e-05
-4.49401e-05
2.60207e-05
-4.86638e-05
2.259e-05
-5.22242e-05
2.0109e-05
-5.6003e-05
1.83849e-05
-6.04163e-05
1.70693e-05
-6.60516e-05
1.60891e-05
-7.33615e-05
1.50981e-05
-8.21133e-05
1.31897e-05
-9.23835e-05
9.73908e-06
-0.000103576
2.22779e-06
-0.000110611
-1.93049e-05
-0.000105609
-5.8775e-05
-9.49149e-05
-8.76117e-05
-8.51829e-05
-9.0563e-05
-7.73659e-05
-7.22422e-05
-3.12729e-05
-7.72359e-05
-2.17665e-06
5.17007e-05
-5.55769e-06
5.13449e-05
-1.08721e-05
5.10838e-05
-1.71054e-05
4.92099e-05
-2.36321e-05
4.57617e-05
-3.00519e-05
4.13035e-05
-3.60486e-05
3.63168e-05
-4.14423e-05
3.14144e-05
-4.63109e-05
2.74585e-05
-5.08528e-05
2.4651e-05
-5.56198e-05
2.31519e-05
-6.16538e-05
2.31032e-05
-7.09169e-05
2.53522e-05
-8.50517e-05
2.9233e-05
-0.000101564
2.97016e-05
-0.000119862
2.80375e-05
-0.000141902
2.42678e-05
-0.000148636
-1.25704e-05
-0.000139488
-6.7924e-05
-0.000126865
-0.000100235
-0.000115399
-0.000102028
-0.000103074
-8.45677e-05
-4.88534e-05
-8.54933e-05
-6.44296e-06
5.81437e-05
-5.12531e-06
5.00273e-05
-9.05085e-06
5.50095e-05
-1.45804e-05
5.47395e-05
-2.09702e-05
5.21516e-05
-2.78078e-05
4.81411e-05
-3.48216e-05
4.33306e-05
-4.19103e-05
3.85032e-05
-4.89667e-05
3.45149e-05
-5.6164e-05
3.18483e-05
-6.41984e-05
3.11864e-05
-7.49499e-05
3.38548e-05
-9.08572e-05
4.12595e-05
-0.000113048
5.14241e-05
-0.000142548
5.92016e-05
-0.000176574
6.20635e-05
-0.000198141
4.58339e-05
-0.000190659
-2.0052e-05
-0.000175359
-8.32244e-05
-0.000161123
-0.00011447
-0.00014424
-0.000118911
-0.000123076
-0.000105732
-7.86373e-05
-9.32919e-05
-4.87513e-06
6.30189e-05
-1.03339e-05
5.54863e-05
-1.53196e-05
5.99954e-05
-2.07886e-05
6.02087e-05
-2.62038e-05
5.75669e-05
-3.15991e-05
5.35365e-05
-3.74593e-05
4.91908e-05
-4.44001e-05
4.5444e-05
-5.29116e-05
4.30265e-05
-6.36151e-05
4.2552e-05
-7.7578e-05
4.51494e-05
-9.65336e-05
5.28104e-05
-0.000122362
6.7088e-05
-0.000155814
8.48758e-05
-0.000192629
9.60165e-05
-0.000218421
8.78552e-05
-0.000218858
4.62712e-05
-0.000206331
-3.25794e-05
-0.000192508
-9.70475e-05
-0.000185089
-0.000121889
-0.000176878
-0.000127122
-0.000156102
-0.000126509
-0.000110113
-0.000124626
-1.9215e-06
6.49406e-05
-8.37471e-06
6.19399e-05
-1.31599e-05
6.47809e-05
-1.6966e-05
6.4015e-05
-2.07535e-05
6.13545e-05
-2.51534e-05
5.79363e-05
-3.07347e-05
5.47721e-05
-3.7951e-05
5.26603e-05
-4.71697e-05
5.22453e-05
-5.88867e-05
5.42691e-05
-7.37546e-05
6.00174e-05
-9.23612e-05
7.14171e-05
-0.000114944
8.96703e-05
-0.000141345
0.000111277
-0.000169373
0.000124045
-0.000191619
0.000110101
-0.00020265
5.73028e-05
-0.000200874
-3.43554e-05
-0.000193507
-0.000104415
-0.000189416
-0.00012598
-0.000188139
-0.0001284
-0.0001914
-0.000123247
-0.000112117
-0.000189396
-1.25956e-07
6.50668e-05
-4.5927e-06
6.64069e-05
-7.07198e-06
6.72603e-05
-9.22673e-06
6.61699e-05
-1.20074e-05
6.41351e-05
-1.59346e-05
6.18636e-05
-2.12748e-05
6.01123e-05
-2.81696e-05
5.95552e-05
-3.67445e-05
6.08203e-05
-4.71624e-05
6.4687e-05
-5.94787e-05
7.23337e-05
-7.33222e-05
8.52607e-05
-8.78141e-05
0.000104162
-0.000102414
0.000125876
-0.000118101
0.000139732
-0.000136571
0.000128571
-0.000157456
7.81877e-05
-0.000177766
-1.40457e-05
-0.000183153
-9.90283e-05
-0.000184758
-0.000124374
-0.000186654
-0.000126503
-0.000191692
-0.000118209
-0.000102887
-0.000200923
4.44934e-07
6.46221e-05
-1.23199e-06
6.8084e-05
-2.03786e-06
6.80663e-05
-3.05052e-06
6.71827e-05
-4.935e-06
6.60197e-05
-8.01567e-06
6.49443e-05
-1.23841e-05
6.44808e-05
-1.80102e-05
6.51813e-05
-2.48097e-05
6.76199e-05
-3.26175e-05
7.24949e-05
-4.10157e-05
8.0732e-05
-4.90835e-05
9.33286e-05
-5.54371e-05
0.000110516
-5.92898e-05
0.000129729
-6.2515e-05
0.000142957
-7.06569e-05
0.000136713
-9.04822e-05
9.8013e-05
-0.000129343
2.48147e-05
-0.000164614
-6.37568e-05
-0.000175533
-0.000113455
-0.000179749
-0.000122288
-0.000184031
-0.000113926
-9.73027e-05
-0.000189616
6.74477e-07
6.39477e-05
7.70596e-07
6.79879e-05
1.05357e-06
6.77835e-05
9.15238e-07
6.7321e-05
-1.39382e-09
6.69364e-05
-1.90036e-06
6.68433e-05
-4.81249e-06
6.7393e-05
-8.63422e-06
6.9003e-05
-1.31533e-05
7.2139e-05
-1.80047e-05
7.73464e-05
-2.25396e-05
8.5267e-05
-2.56818e-05
9.64708e-05
-2.60342e-05
0.000110868
-2.27831e-05
0.000126478
-1.76288e-05
0.000137803
-1.65894e-05
0.000135673
-2.93732e-05
0.000110797
-6.51668e-05
6.06084e-05
-0.000120589
-8.33501e-06
-0.000159915
-7.4128e-05
-0.000168451
-0.000113753
-0.000171092
-0.000111285
-9.66933e-05
-0.000171701
9.1432e-07
6.30334e-05
1.91781e-06
6.69845e-05
2.84484e-06
6.68565e-05
3.40934e-06
6.67566e-05
3.41493e-06
6.69308e-05
2.73888e-06
6.75193e-05
1.37901e-06
6.8753e-05
-5.40645e-07
7.09227e-05
-2.76291e-06
7.43612e-05
-4.85917e-06
7.94427e-05
-6.15044e-06
8.65583e-05
-5.6484e-06
9.59689e-05
-2.19032e-06
0.00010741
4.9004e-06
0.000119387
1.43561e-05
0.000128347
2.14866e-05
0.000128543
1.82461e-05
0.000114037
-3.50027e-06
8.23547e-05
-4.86543e-05
3.6819e-05
-0.000106584
-1.61982e-05
-0.000149443
-7.08941e-05
-0.000155511
-0.000105217
-0.000100036
-0.000152169
1.12788e-06
6.19055e-05
2.56684e-06
6.55456e-05
3.92401e-06
6.54993e-05
5.0525e-06
6.56281e-05
5.85224e-06
6.61311e-05
6.2639e-06
6.71077e-05
6.3089e-06
6.8708e-05
6.11147e-06
7.112e-05
5.91917e-06
7.45536e-05
6.13354e-06
7.92283e-05
7.35139e-06
8.53404e-05
1.037e-05
9.29503e-05
1.60479e-05
0.000101732
2.48548e-05
0.00011058
3.59786e-05
0.000117224
4.62872e-05
0.000118234
5.02799e-05
0.000110045
4.18208e-05
9.08137e-05
1.6959e-05
6.16809e-05
-2.57322e-05
2.64931e-05
-8.34924e-05
-1.31338e-05
-0.000127757
-6.09515e-05
-8.95912e-05
-0.000138202
1.29029e-06
6.06152e-05
2.97488e-06
6.38609e-05
4.64601e-06
6.38282e-05
6.2243e-06
6.40498e-05
7.66922e-06
6.46861e-05
8.96804e-06
6.5809e-05
1.01624e-05
6.75136e-05
1.13711e-05
6.99113e-05
1.28089e-05
7.31158e-05
1.48094e-05
7.72276e-05
1.7844e-05
8.23059e-05
2.25026e-05
8.82918e-05
2.93761e-05
9.48586e-05
3.87562e-05
0.0001012
5.01199e-05
0.00010586
6.15503e-05
0.000106804
6.96416e-05
0.000101953
7.03486e-05
9.01069e-05
6.05053e-05
7.15241e-05
3.92335e-05
4.77649e-05
6.30232e-06
1.97974e-05
-4.35534e-05
-1.10958e-05
-3.52298e-05
-9.79148e-05
1.42316e-06
5.91921e-05
3.27423e-06
6.20098e-05
5.19138e-06
6.19111e-05
7.12678e-06
6.21145e-05
9.0754e-06
6.27375e-05
1.10556e-05
6.38289e-05
1.31238e-05
6.54452e-05
1.53907e-05
6.76444e-05
1.80341e-05
7.04723e-05
2.13128e-05
7.39487e-05
2.55731e-05
7.80457e-05
3.12241e-05
8.26409e-05
3.8649e-05
8.74338e-05
4.80118e-05
9.18374e-05
5.89658e-05
9.49058e-05
7.03625e-05
9.54072e-05
8.02013e-05
9.21146e-05
8.60471e-05
8.42611e-05
8.57435e-05
7.18277e-05
7.80765e-05
5.54318e-05
6.21585e-05
3.57154e-05
3.75054e-05
1.35572e-05
-8.52375e-06
1.07993e-05
1.54929e-06
5.76428e-05
3.52779e-06
6.00315e-05
5.64022e-06
5.97987e-05
7.85309e-06
5.99016e-05
1.01803e-05
6.04104e-05
1.26577e-05
6.13515e-05
1.53496e-05
6.27532e-05
1.83567e-05
6.46373e-05
2.18231e-05
6.7006e-05
2.59419e-05
6.98299e-05
3.09548e-05
7.30328e-05
3.71303e-05
7.64654e-05
4.47019e-05
7.9862e-05
5.37497e-05
8.27895e-05
6.40358e-05
8.46198e-05
7.4861e-05
8.45818e-05
8.50539e-05
8.19217e-05
9.31841e-05
7.61309e-05
9.79198e-05
6.70921e-05
9.83195e-05
5.50321e-05
9.37929e-05
4.02421e-05
8.42135e-05
2.31367e-05
4.71912e-06
7.09707e-05
1.67735e-06
5.59654e-05
3.76112e-06
5.79477e-05
6.02569e-06
5.75342e-05
8.44558e-06
5.74817e-05
1.10436e-05
5.78125e-05
1.38632e-05
5.85316e-05
1.69701e-05
5.96463e-05
2.04538e-05
6.11536e-05
2.44293e-05
6.30302e-05
2.90383e-05
6.52208e-05
3.44433e-05
6.76277e-05
4.08114e-05
7.00971e-05
4.82742e-05
7.23991e-05
5.68568e-05
7.42069e-05
6.63869e-05
7.50898e-05
7.64226e-05
7.45461e-05
8.6254e-05
7.20903e-05
9.50147e-05
6.73702e-05
0.000101864
6.0243e-05
0.00010613
5.07663e-05
0.000107279
3.90931e-05
0.000104855
2.55606e-05
1.11159e-05
9.84579e-05
1.80496e-06
5.41605e-05
3.97951e-06
5.57731e-05
6.35887e-06
5.51549e-05
8.92441e-06
5.4916e-05
1.17023e-05
5.50347e-05
1.47381e-05
5.54956e-05
1.8094e-05
5.62901e-05
2.18477e-05
5.73999e-05
2.60905e-05
5.87872e-05
3.09253e-05
6.0386e-05
3.64589e-05
6.20942e-05
4.27895e-05
6.37665e-05
4.99817e-05
6.52069e-05
5.80256e-05
6.6163e-05
6.67868e-05
6.63285e-05
7.59691e-05
6.53637e-05
8.51169e-05
6.29425e-05
9.36728e-05
5.88144e-05
0.000101067
5.28492e-05
0.000106785
4.50481e-05
0.000110346
3.55316e-05
0.000111259
2.46477e-05
1.33115e-05
0.000109063
1.92512e-06
5.22355e-05
4.17815e-06
5.35201e-05
6.63999e-06
5.2693e-05
9.29908e-06
5.2257e-05
1.21824e-05
5.21513e-05
1.53343e-05
5.23435e-05
1.88114e-05
5.2813e-05
2.26795e-05
5.35317e-05
2.70112e-05
5.44556e-05
3.18807e-05
5.55166e-05
3.73573e-05
5.66177e-05
4.34947e-05
5.7629e-05
5.03157e-05
5.83859e-05
5.77888e-05
5.86899e-05
6.5802e-05
5.83154e-05
7.41424e-05
5.70233e-05
8.2497e-05
5.45878e-05
9.0481e-05
5.08304e-05
9.76806e-05
4.56496e-05
0.000103686
3.90423e-05
0.000108085
3.11327e-05
0.000110446
2.22864e-05
1.33804e-05
0.000110377
2.03239e-06
5.0203e-05
4.35043e-06
5.1202e-05
6.86633e-06
5.01769e-05
9.57508e-06
4.95484e-05
1.25037e-05
4.92227e-05
1.5694e-05
4.91532e-05
1.9196e-05
4.93109e-05
2.30653e-05
4.96626e-05
2.73586e-05
5.01622e-05
3.21301e-05
5.07452e-05
3.7424e-05
5.13238e-05
4.32667e-05
5.17861e-05
4.96567e-05
5.19959e-05
5.65509e-05
5.17958e-05
6.38512e-05
5.10151e-05
7.13942e-05
4.94802e-05
7.89503e-05
4.70317e-05
8.62365e-05
4.35441e-05
9.29374e-05
3.89486e-05
9.87217e-05
3.32579e-05
0.000103246
2.66084e-05
0.000106164
1.93685e-05
1.23435e-05
0.000107201
2.12448e-06
4.80784e-05
4.49216e-06
4.88341e-05
7.03607e-06
4.7633e-05
9.75736e-06
4.68271e-05
1.26834e-05
4.62967e-05
1.58524e-05
4.5984e-05
1.93087e-05
4.58545e-05
2.30982e-05
4.5873e-05
2.72659e-05
4.59946e-05
3.18509e-05
4.61601e-05
3.68813e-05
4.62934e-05
4.23675e-05
4.62999e-05
4.82948e-05
4.60685e-05
5.4616e-05
4.54747e-05
6.12436e-05
4.43874e-05
6.80454e-05
4.26784e-05
7.48435e-05
4.02336e-05
8.14198e-05
3.69677e-05
8.75267e-05
3.28417e-05
9.28968e-05
2.78876e-05
9.72531e-05
2.22521e-05
0.000100333
1.62889e-05
1.07087e-05
0.000101968
2.20028e-06
4.58781e-05
4.6011e-06
4.64331e-05
7.14852e-06
4.50856e-05
9.85087e-06
4.41247e-05
1.2736e-05
4.34117e-05
1.58388e-05
4.28809e-05
1.91983e-05
4.24952e-05
2.28524e-05
4.2219e-05
2.68367e-05
4.20105e-05
3.11796e-05
4.18173e-05
3.58986e-05
4.15743e-05
4.0995e-05
4.12035e-05
4.64485e-05
4.06151e-05
5.2212e-05
3.97111e-05
5.82083e-05
3.8391e-05
6.43271e-05
3.65595e-05
7.04251e-05
3.41356e-05
7.63288e-05
3.10639e-05
8.18409e-05
2.73295e-05
8.67474e-05
2.2981e-05
9.08306e-05
1.81688e-05
9.3899e-05
1.32205e-05
8.74577e-06
9.5862e-05
2.25802e-06
4.36199e-05
4.67475e-06
4.40164e-05
7.20299e-06
4.25572e-05
9.85987e-06
4.14679e-05
1.26737e-05
4.05979e-05
1.56771e-05
3.98774e-05
1.89039e-05
3.92685e-05
2.23857e-05
3.87373e-05
2.61504e-05
3.82459e-05
3.0219e-05
3.77487e-05
3.46022e-05
3.71911e-05
3.92962e-05
3.65094e-05
4.42792e-05
3.5632e-05
4.95077e-05
3.44825e-05
5.49141e-05
3.29845e-05
6.04056e-05
3.10679e-05
6.58647e-05
2.86764e-05
7.1151e-05
2.57775e-05
7.61058e-05
2.23746e-05
8.05593e-05
1.85275e-05
8.43437e-05
1.43844e-05
8.73231e-05
1.02411e-05
6.61267e-06
8.94563e-05
2.29449e-06
4.13253e-05
4.70913e-06
4.16019e-05
7.19786e-06
4.00683e-05
9.78725e-06
3.88786e-05
1.25065e-05
3.78785e-05
1.53864e-05
3.69975e-05
1.84563e-05
3.61988e-05
2.17424e-05
3.54511e-05
2.52671e-05
3.4721e-05
2.90459e-05
3.39698e-05
3.30849e-05
3.3152e-05
3.73781e-05
3.22161e-05
4.19043e-05
3.11055e-05
4.66251e-05
2.97615e-05
5.14826e-05
2.8127e-05
5.6399e-05
2.61515e-05
6.12773e-05
2.37982e-05
6.60033e-05
2.10515e-05
7.04495e-05
1.79284e-05
7.44815e-05
1.44954e-05
7.79715e-05
1.08944e-05
8.08248e-05
7.38785e-06
4.40806e-06
8.30294e-05
2.30564e-06
3.90197e-05
4.69932e-06
3.92083e-05
7.13064e-06
3.76368e-05
9.63474e-06
3.63746e-05
1.22422e-05
3.52707e-05
1.4982e-05
3.42577e-05
1.78796e-05
3.33012e-05
2.09572e-05
3.23734e-05
2.42325e-05
3.14455e-05
2.77171e-05
3.04851e-05
3.14145e-05
2.94546e-05
3.53177e-05
2.83128e-05
3.94078e-05
2.70154e-05
4.36514e-05
2.55179e-05
4.8e-05
2.37784e-05
5.23893e-05
2.17624e-05
5.67396e-05
1.94478e-05
6.09585e-05
1.68326e-05
6.49434e-05
1.39435e-05
6.85887e-05
1.08501e-05
7.17973e-05
7.68579e-06
7.45035e-05
4.68167e-06
2.19962e-06
7.67119e-05
2.28804e-06
3.67319e-05
4.64112e-06
3.68552e-05
6.99921e-06
3.52788e-05
9.40409e-06
3.39697e-05
1.18875e-05
3.2787e-05
1.44767e-05
3.16688e-05
1.71935e-05
3.05843e-05
2.00569e-05
2.95099e-05
2.30812e-05
2.84212e-05
2.62751e-05
2.72912e-05
2.96404e-05
2.60894e-05
3.31704e-05
2.47828e-05
3.68486e-05
2.33373e-05
4.06471e-05
2.17194e-05
4.45259e-05
1.98997e-05
4.84323e-05
1.7856e-05
5.2302e-05
1.55781e-05
5.60604e-05
1.30741e-05
5.96259e-05
1.03779e-05
6.29156e-05
7.5603e-06
6.58556e-05
4.74581e-06
6.83998e-05
2.13747e-06
3.88516e-08
7.05606e-05
2.24041e-06
3.44917e-05
4.53273e-06
3.4563e-05
6.80344e-06
3.30082e-05
9.09838e-06
3.16746e-05
1.14497e-05
3.04357e-05
1.38819e-05
2.92368e-05
1.64144e-05
2.80517e-05
1.90632e-05
2.6861e-05
2.184e-05
2.56444e-05
2.47515e-05
2.43798e-05
2.77987e-05
2.30423e-05
3.09754e-05
2.1606e-05
3.4268e-05
2.00447e-05
3.76536e-05
1.83339e-05
4.10996e-05
1.64537e-05
4.45638e-05
1.43917e-05
4.79948e-05
1.2147e-05
5.13334e-05
9.73556e-06
5.45149e-05
7.19631e-06
5.74748e-05
4.6004e-06
6.01565e-05
2.06406e-06
6.25269e-05
-2.33029e-07
-2.03465e-06
6.46004e-05
2.1642e-06
3.23275e-05
4.3757e-06
3.23515e-05
6.54643e-06
3.08374e-05
8.72307e-06
2.94978e-05
1.09366e-05
2.82224e-05
1.32088e-05
2.69646e-05
1.55569e-05
2.57036e-05
1.79942e-05
2.44236e-05
2.05305e-05
2.31083e-05
2.31709e-05
2.17394e-05
2.59161e-05
2.02971e-05
2.87611e-05
1.8761e-05
3.16947e-05
1.71111e-05
3.46985e-05
1.53301e-05
3.77466e-05
1.34055e-05
4.08057e-05
1.13325e-05
4.38353e-05
9.1173e-06
4.67889e-05
6.78189e-06
4.96162e-05
4.36898e-06
5.2267e-05
1.94948e-06
5.46982e-05
-3.67309e-07
5.68859e-05
-2.42079e-06
-3.99185e-06
5.88431e-05
2.06316e-06
3.02643e-05
4.17505e-06
3.02395e-05
6.23458e-06
2.87778e-05
8.2861e-06
2.74462e-05
1.0358e-05
2.61507e-05
1.24693e-05
2.48532e-05
1.46348e-05
2.35379e-05
1.68659e-05
2.21924e-05
1.91704e-05
2.08037e-05
2.15528e-05
1.9357e-05
2.40134e-05
1.78363e-05
2.65486e-05
1.62257e-05
2.91493e-05
1.45104e-05
3.1801e-05
1.26783e-05
3.44837e-05
1.07228e-05
3.71712e-05
8.64476e-06
3.98324e-05
6.456e-06
4.24313e-05
4.18293e-06
4.49292e-05
1.871e-06
4.7288e-05
-4.09448e-07
4.94751e-05
-2.55447e-06
5.14738e-05
-4.41955e-06
-5.81283e-06
5.32947e-05
1.94245e-06
2.83218e-05
3.93842e-06
2.82434e-05
5.87683e-06
2.68393e-05
7.79735e-06
2.55256e-05
9.72469e-06
2.42233e-05
1.16752e-05
2.29025e-05
1.36614e-05
2.15516e-05
1.56926e-05
2.01611e-05
1.77754e-05
1.87208e-05
1.99134e-05
1.72188e-05
2.21074e-05
1.56422e-05
2.43543e-05
1.39787e-05
2.66473e-05
1.22174e-05
2.89751e-05
1.03504e-05
3.13223e-05
8.37554e-06
3.3669e-05
6.298e-06
3.59913e-05
4.13366e-06
3.82619e-05
1.91226e-06
4.04523e-05
-3.1944e-07
4.2533e-05
-2.4903e-06
4.44822e-05
-4.50372e-06
4.62878e-05
-6.22519e-06
-7.48399e-06
4.79589e-05
1.8078e-06
2.65139e-05
3.67466e-06
2.63764e-05
5.48329e-06
2.50307e-05
7.26754e-06
2.37414e-05
9.04808e-06
2.24427e-05
1.08385e-05
2.1112e-05
1.26491e-05
1.9741e-05
1.44874e-05
1.83228e-05
1.63589e-05
1.68492e-05
1.82668e-05
1.53107e-05
2.02118e-05
1.36971e-05
2.21917e-05
1.19988e-05
2.42013e-05
1.02078e-05
2.62319e-05
8.31982e-06
2.82717e-05
6.33573e-06
3.03057e-05
4.264e-06
3.2316e-05
2.12334e-06
3.42826e-05
-5.43567e-08
3.6184e-05
-2.22095e-06
3.80011e-05
-4.30762e-06
3.9718e-05
-6.22073e-06
4.13279e-05
-7.83524e-06
-8.99595e-06
4.28399e-05
1.66451e-06
2.48494e-05
3.39218e-06
2.46488e-05
5.06364e-06
2.33593e-05
6.70694e-06
2.20981e-05
8.3388e-06
2.08108e-05
9.97018e-06
1.94806e-05
1.16091e-05
1.81021e-05
1.32618e-05
1.66701e-05
1.49327e-05
1.51783e-05
1.66247e-05
1.36187e-05
1.83384e-05
1.19834e-05
2.00721e-05
1.0265e-05
2.18218e-05
8.45812e-06
2.35807e-05
6.56093e-06
2.53397e-05
4.57674e-06
2.70875e-05
2.5162e-06
2.8811e-05
3.99858e-07
3.04959e-05
-1.73932e-06
3.21279e-05
-3.85305e-06
3.3694e-05
-5.87395e-06
3.5185e-05
-7.71183e-06
3.65987e-05
-9.24904e-06
-1.03425e-05
3.79452e-05
1.51648e-06
2.33329e-05
3.09754e-06
2.30679e-05
4.62569e-06
2.18313e-05
6.12403e-06
2.05998e-05
7.60575e-06
1.93291e-05
9.07934e-06
1.80072e-05
1.0551e-05
1.66305e-05
1.20255e-05
1.51956e-05
1.35067e-05
1.3697e-05
1.4997e-05
1.21285e-05
1.64968e-05
1.04836e-05
1.80049e-05
8.75697e-06
1.95176e-05
6.94535e-06
2.10296e-05
5.04896e-06
2.25335e-05
3.07287e-06
2.40207e-05
1.02902e-06
2.54819e-05
-1.06125e-06
2.69073e-05
-3.16483e-06
2.82881e-05
-5.2339e-06
2.96168e-05
-7.20278e-06
3.08895e-05
-8.98467e-06
3.21087e-05
-1.04682e-05
-1.15204e-05
3.32867e-05
1.36548e-06
2.19675e-05
2.79453e-06
2.1639e-05
4.17449e-06
2.04514e-05
5.52471e-06
1.92497e-05
6.8555e-06
1.79984e-05
8.17314e-06
1.66896e-05
9.48224e-06
1.53215e-05
1.07865e-05
1.38912e-05
1.20891e-05
1.23945e-05
1.33917e-05
1.08258e-05
1.4695e-05
9.1804e-06
1.59974e-05
7.45451e-06
1.72958e-05
5.64694e-06
1.85851e-05
3.75971e-06
1.9859e-05
1.79906e-06
2.11107e-05
-2.22584e-07
2.23336e-05
-2.28411e-06
2.35217e-05
-4.35297e-06
2.46702e-05
-6.38244e-06
2.57763e-05
-8.3089e-06
2.68406e-05
-1.00491e-05
2.787e-05
-1.14976e-05
-1.25302e-05
2.88797e-05
1.2111e-06
2.07565e-05
2.48405e-06
2.0366e-05
3.7123e-06
1.92231e-05
4.91254e-06
1.80495e-05
6.09274e-06
1.68182e-05
7.25725e-06
1.55251e-05
8.40926e-06
1.41695e-05
9.55152e-06
1.2749e-05
1.06864e-05
1.12596e-05
1.18155e-05
9.69679e-06
1.2939e-05
8.05686e-06
1.40556e-05
6.33791e-06
1.51617e-05
4.5408e-06
1.6252e-05
2.66945e-06
1.73203e-05
7.30839e-07
1.8361e-05
-1.26319e-06
1.93696e-05
-3.29263e-06
2.03427e-05
-5.32614e-06
2.12788e-05
-7.3186e-06
2.21787e-05
-9.20886e-06
2.30471e-05
-1.09175e-05
2.38947e-05
-1.23452e-05
-1.3376e-05
2.47405e-05
1.05151e-06
1.97049e-05
2.16504e-06
1.92524e-05
3.23974e-06
1.81484e-05
4.29007e-06
1.69992e-05
5.32177e-06
1.57864e-05
6.3373e-06
1.45095e-05
7.33845e-06
1.31684e-05
8.32707e-06
1.17604e-05
9.30504e-06
1.02816e-05
1.02738e-05
8.72802e-06
1.12338e-05
7.09693e-06
1.21834e-05
5.38831e-06
1.31186e-05
3.60557e-06
1.40329e-05
1.7552e-06
1.49193e-05
-1.55433e-07
1.57726e-05
-2.11651e-06
1.65901e-05
-4.11015e-06
1.73706e-05
-6.10675e-06
1.81151e-05
-8.06315e-06
1.88272e-05
-9.92104e-06
1.95149e-05
-1.16052e-05
2.01922e-05
-1.30225e-05
-1.40656e-05
2.08818e-05
8.84502e-07
1.88204e-05
1.83627e-06
1.83006e-05
2.75815e-06
1.72266e-05
3.66145e-06
1.60958e-05
4.54904e-06
1.48988e-05
5.42122e-06
1.36374e-05
6.27837e-06
1.23113e-05
7.1216e-06
1.09172e-05
7.95256e-06
9.45066e-06
8.77292e-06
7.90767e-06
9.58352e-06
6.28634e-06
1.03833e-05
4.58853e-06
1.11677e-05
2.8212e-06
1.19277e-05
9.95284e-07
1.26541e-05
-8.8177e-07
1.33422e-05
-2.80463e-06
1.39907e-05
-4.7588e-06
1.46007e-05
-6.71676e-06
1.51749e-05
-8.63738e-06
1.57191e-05
-1.04652e-05
1.62436e-05
-1.21297e-05
1.67651e-05
-1.3544e-05
-1.46098e-05
1.73093e-05
7.08832e-07
1.81115e-05
1.49901e-06
1.75104e-05
2.27288e-06
1.64528e-05
3.03571e-06
1.5333e-05
3.78613e-06
1.41484e-05
4.522e-06
1.29017e-05
5.2424e-06
1.15909e-05
5.94789e-06
1.02117e-05
6.64011e-06
8.7584e-06
7.32131e-06
7.22642e-06
7.99367e-06
5.61395e-06
8.65769e-06
3.9245e-06
9.30887e-06
2.17003e-06
9.93385e-06
3.70312e-07
1.05193e-05
-1.46726e-06
1.10614e-05
-3.34676e-06
1.15612e-05
-5.25862e-06
1.20215e-05
-7.17708e-06
1.24467e-05
-9.06251e-06
1.28437e-05
-1.08622e-05
1.32242e-05
-1.251e-05
1.36064e-05
-1.39262e-05
-1.50212e-05
1.40179e-05
5.26125e-07
1.75854e-05
1.16044e-06
1.68762e-05
1.79677e-06
1.58166e-05
2.4297e-06
1.47001e-05
3.05238e-06
1.35259e-05
3.66033e-06
1.22938e-05
4.25163e-06
1.09996e-05
4.82635e-06
9.63693e-06
5.38605e-06
8.19861e-06
5.93379e-06
6.6786e-06
6.47394e-06
5.07375e-06
7.01073e-06
3.3877e-06
7.54186e-06
1.63888e-06
8.04694e-06
-1.34795e-07
8.50542e-06
-1.92577e-06
8.9162e-06
-3.75757e-06
9.28413e-06
-5.62655e-06
9.61403e-06
-7.50694e-06
9.9109e-06
-9.3593e-06
1.01818e-05
-1.11331e-05
1.04384e-05
-1.27666e-05
1.0699e-05
-1.41868e-05
-1.53134e-05
1.09911e-05
3.43668e-07
1.72417e-05
8.36989e-07
1.6383e-05
1.35274e-06
1.53008e-05
1.87001e-06
1.41828e-05
2.37665e-06
1.30192e-05
2.86678e-06
1.18036e-05
3.33784e-06
1.05285e-05
3.78904e-06
9.18566e-06
4.22116e-06
7.76643e-06
4.6372e-06
6.26251e-06
5.04396e-06
4.66697e-06
5.45262e-06
2.97904e-06
5.86927e-06
1.22223e-06
6.26144e-06
-5.26968e-07
6.59751e-06
-2.26184e-06
6.88484e-06
-4.04489e-06
7.13414e-06
-5.87581e-06
7.3512e-06
-7.72395e-06
7.53996e-06
-9.54802e-06
7.70607e-06
-1.12992e-05
7.85949e-06
-1.292e-05
8.01684e-06
-1.43442e-05
-1.55003e-05
8.20368e-06
1.79508e-07
1.70623e-05
5.58075e-07
1.60045e-05
9.74986e-07
1.48838e-05
1.39302e-06
1.37648e-05
1.79757e-06
1.26147e-05
2.18301e-06
1.14182e-05
2.54615e-06
1.01654e-05
2.88432e-06
8.84751e-06
3.19549e-06
7.4553e-06
3.47971e-06
5.97834e-06
3.743e-06
4.40373e-06
4.0055e-06
2.71657e-06
4.30037e-06
9.27382e-07
4.57047e-06
-7.97059e-07
4.77151e-06
-2.46286e-06
4.93471e-06
-4.20804e-06
5.07599e-06
-6.01702e-06
5.19752e-06
-7.84543e-06
5.29903e-06
-9.64952e-06
5.38272e-06
-1.13829e-05
5.4554e-06
-1.29927e-05
5.53001e-06
-1.44188e-05
-1.55973e-05
5.62694e-06
5.92982e-08
1.70031e-05
3.58797e-07
1.57051e-05
7.00978e-07
1.45416e-05
1.03807e-06
1.34277e-05
1.35934e-06
1.22934e-05
1.66045e-06
1.11171e-05
1.9367e-06
9.88921e-06
2.18198e-06
8.60234e-06
2.38874e-06
7.24862e-06
2.54884e-06
5.81829e-06
2.65672e-06
4.29588e-06
2.72628e-06
2.64704e-06
2.84891e-06
8.04757e-07
2.94665e-06
-8.94802e-07
2.97423e-06
-2.49042e-06
3.01277e-06
-4.24656e-06
3.06156e-06
-6.06579e-06
3.10872e-06
-7.89256e-06
3.14672e-06
-9.68751e-06
3.17333e-06
-1.14095e-05
3.19138e-06
-1.30108e-05
3.20904e-06
-1.44365e-05
-1.56284e-05
3.24019e-06
-1.77725e-08
2.49723e-07
5.42481e-07
8.29002e-07
1.10222e-06
1.35665e-06
1.58516e-06
1.77818e-06
1.92272e-06
2.0009e-06
1.98482e-06
1.82355e-06
1.48898e-06
1.19963e-06
1.07512e-06
1.03645e-06
1.03029e-06
1.03393e-06
1.03724e-06
1.03639e-06
1.0313e-06
1.02465e-06
1.02129e-06
2.28794e-05
-2.49188e-06
1.70909e-05
5.7884e-06
-5.59693e-06
2.26879e-05
5.24065e-05
-5.80034e-05
-3.96476e-05
2.58331e-06
-5.19118e-05
1.80525e-05
-6.76556e-05
3.84317e-05
5.88264e-05
-7.40756e-05
-7.97531e-05
5.10054e-06
-8.12508e-05
1.95502e-05
-7.74018e-05
3.45828e-05
4.56231e-05
-6.41985e-05
-8.11367e-05
7.44011e-07
-7.37797e-05
1.21932e-05
-6.1031e-05
2.18341e-05
2.8537e-05
-4.3945e-05
-7.92318e-05
-1.33161e-05
-6.41663e-05
-2.87232e-06
-4.96926e-05
7.36032e-06
1.36495e-05
-3.4805e-05
-9.78759e-05
-4.00658e-05
-8.0029e-05
-2.07191e-05
-6.03284e-05
-1.23402e-05
-3.69342e-06
-4.29855e-05
-0.000181304
-4.81586e-05
-0.000164467
-3.75559e-05
-0.000152905
-2.39017e-05
-1.01425e-05
-0.000146456
-0.000210811
-3.82702e-05
-0.000223333
-2.50343e-05
-0.00023013
-1.71046e-05
-1.01261e-05
-0.000230146
-0.000190238
-3.76481e-05
-0.000191065
-2.42068e-05
-0.000190062
-1.81078e-05
-1.64232e-05
-0.000183765
-0.000170412
-3.89374e-05
-0.000160404
-3.42149e-05
-0.00014927
-2.92418e-05
-2.65955e-05
-0.000139098
-0.00014989
-4.12158e-05
-0.000145096
-3.9009e-05
-0.000137989
-3.6349e-05
-3.41076e-05
-0.000130477
-0.000134355
-4.50631e-05
-0.000129075
-4.42881e-05
-0.000123141
-4.22832e-05
-4.03803e-05
-0.000116869
-0.000113231
-2.97474e-05
-0.000118676
-3.88428e-05
-0.000113609
-4.735e-05
-4.89631e-05
-0.000105026
-4.76763e-06
-1.41804e-05
-2.16119e-05
-2.19985e-05
-3.97991e-05
-2.91628e-05
-3.32858e-05
-5.54765e-05
6.14356e-05
-4.64537e-06
4.92014e-05
-9.76435e-06
3.52584e-05
-1.52197e-05
-2.06528e-05
2.26254e-05
9.35579e-05
2.54572e-07
8.71135e-05
-3.31997e-06
7.93541e-05
-7.46032e-06
-1.22085e-05
7.09097e-05
0.000106679
2.63869e-06
0.000103295
6.44177e-08
9.89112e-05
-3.07655e-06
-6.93526e-06
9.36379e-05
0.000109389
3.62678e-06
0.000107718
1.73542e-06
0.000105295
-6.53118e-07
-3.69192e-06
0.000102052
0.000107009
3.81828e-06
0.000106335
2.40963e-06
0.000105099
5.83313e-07
-1.78783e-06
0.000103195
0.000102249
3.5369e-06
0.000102187
2.47193e-06
0.000101707
1.06254e-06
-7.90637e-07
0.00010071
9.64334e-05
2.96548e-06
9.67576e-05
2.14772e-06
9.67707e-05
1.04954e-06
-4.0636e-07
9.63864e-05
9.02058e-05
2.21601e-06
9.07734e-05
1.58005e-06
9.11057e-05
7.17267e-07
-4.32342e-07
9.11317e-05
8.3881e-05
1.36447e-06
8.45959e-05
8.65068e-07
8.513e-05
1.8324e-07
-7.27081e-07
8.54248e-05
7.76116e-05
4.64759e-07
7.84074e-05
6.92435e-08
7.90616e-05
-4.70923e-07
-1.19113e-06
7.95257e-05
7.1471e-05
-4.45697e-07
7.23014e-05
-7.61089e-07
7.30188e-05
-1.18831e-06
-1.75507e-06
7.35828e-05
6.54957e-05
-1.34093e-06
6.6328e-05
-1.59344e-06
6.70691e-05
-1.92936e-06
-2.3707e-06
6.76848e-05
5.97048e-05
-2.20261e-06
6.05159e-05
-2.40461e-06
6.12529e-05
-2.66626e-06
-3.00465e-06
6.18869e-05
5.41087e-05
-3.01657e-06
5.4882e-05
-3.17794e-06
5.55952e-05
-3.37947e-06
-3.63372e-06
5.62243e-05
4.87145e-05
-3.77217e-06
4.94382e-05
-3.90164e-06
5.01141e-05
-4.05534e-06
-4.24177e-06
5.07221e-05
4.35297e-05
-4.46196e-06
4.41958e-05
-4.56777e-06
4.48252e-05
-4.6847e-06
-4.81788e-06
4.54013e-05
3.85647e-05
-5.08151e-06
3.91685e-05
-5.17152e-06
3.97456e-05
-5.26186e-06
-5.35501e-06
4.02828e-05
3.38341e-05
-5.62892e-06
3.43731e-05
-5.71055e-06
3.4895e-05
-5.78379e-06
-5.84909e-06
3.53891e-05
2.93552e-05
-6.10437e-06
2.98292e-05
-6.1845e-06
3.02948e-05
-6.24948e-06
-6.29819e-06
3.07438e-05
2.51458e-05
-6.5097e-06
2.55558e-05
-6.59453e-06
2.59657e-05
-6.65939e-06
-6.70188e-06
2.63693e-05
2.12201e-05
-6.84803e-06
2.15685e-05
-6.94292e-06
2.1924e-05
-7.01494e-06
-7.06055e-06
2.22826e-05
1.75845e-05
-7.12325e-06
1.78741e-05
-7.23255e-06
1.8177e-05
-7.31785e-06
-7.37465e-06
1.84911e-05
1.42342e-05
-7.33958e-06
1.44678e-05
-7.46627e-06
1.47194e-05
-7.5694e-06
-7.6437e-06
1.49885e-05
1.11525e-05
-7.50102e-06
1.13326e-05
-7.64634e-06
1.1533e-05
-7.76977e-06
-7.86551e-06
1.17547e-05
8.31418e-06
-7.61157e-06
8.44246e-06
-7.77465e-06
8.59086e-06
-7.91819e-06
-8.03624e-06
8.76158e-06
5.69166e-06
-7.67631e-06
5.771e-06
-7.854e-06
5.86729e-06
-8.01448e-06
-8.1519e-06
5.98298e-06
3.26561e-06
-7.7017e-06
3.30027e-06
-7.88863e-06
3.3459e-06
-8.06008e-06
-8.21045e-06
3.40448e-06
1.02314e-06
1.02793e-06
1.03624e-06
1.04882e-06
-5.40217e-05
0.000173275
-4.65547e-05
0.000120231
-4.44127e-05
7.70607e-05
-3.51002e-05
3.49675e-05
-1.73421e-05
-6.67415e-06
-7.34678e-06
-3.4767e-05
-4.7215e-06
-3.62907e-05
-2.59435e-06
-2.82745e-05
1.40511e-06
-1.55414e-05
6.68641e-06
-4.58658e-05
1.80768e-05
-9.03085e-05
3.6155e-05
-9.12215e-05
5.70064e-05
-5.87588e-05
5.53496e-05
6.85262e-06
4.03216e-05
2.11175e-05
4.33676e-05
-2.79257e-05
5.87753e-05
-5.72619e-05
5.56294e-05
-2.23657e-05
2.37486e-05
-4.99932e-05
0.000149193
-2.62118e-05
9.6449e-05
-5.74121e-06
5.65901e-05
1.13234e-05
1.79028e-05
1.8593e-05
-1.39437e-05
1.3822e-05
-2.9996e-05
4.15328e-06
-2.6622e-05
-4.06321e-06
-2.00581e-05
1.66166e-06
-2.12662e-05
1.26337e-05
-5.68379e-05
2.06603e-05
-9.83351e-05
3.04991e-05
-0.00010106
3.83046e-05
-6.65643e-05
2.8475e-05
1.66822e-05
9.82654e-06
3.97659e-05
2.14643e-06
-2.02456e-05
1.11244e-05
-6.62398e-05
2.6491e-05
-3.77324e-05
5.02397e-05
-2.62211e-05
0.000111215
3.34498e-06
6.68829e-05
2.57984e-05
3.41367e-05
3.18584e-05
1.18428e-05
2.24086e-05
-4.49389e-06
6.33436e-06
-1.39217e-05
-9.49645e-06
-1.07912e-05
-1.85745e-05
-1.098e-05
-1.11389e-05
-2.87018e-05
5.81545e-06
-7.37922e-05
1.5807e-05
-0.000108327
2.41373e-05
-0.000109391
2.55885e-05
-6.80155e-05
9.92054e-06
3.23501e-05
-1.51783e-05
6.48647e-05
-3.65454e-05
1.12156e-06
-4.52944e-05
-5.74909e-05
-1.79945e-05
-6.50323e-05
3.22452e-05
-5.51378e-06
7.2784e-05
1.82241e-05
4.31451e-05
2.63161e-05
2.60447e-05
1.37736e-05
2.43852e-05
-1.63181e-05
2.55978e-05
-3.2249e-05
2.00921e-06
-3.66819e-05
-6.35831e-06
-3.34786e-05
-1.41833e-05
-1.94466e-05
-4.27338e-05
-2.23918e-06
-9.09997e-05
9.86186e-06
-0.000120428
1.60955e-05
-0.000115624
1.7276e-05
-6.9196e-05
7.91527e-06
4.17108e-05
-2.00281e-05
9.28081e-05
-5.51471e-05
3.62405e-05
-0.000100693
-1.19454e-05
-6.69333e-05
-9.87916e-05
-3.46881e-05
-3.30393e-06
4.12829e-05
8.15208e-06
3.1689e-05
-2.09561e-05
5.51529e-05
-6.76729e-05
7.11021e-05
-6.67063e-05
2.46311e-05
-5.84709e-05
-6.22619e-06
-5.07985e-05
-1.40308e-05
-3.79572e-05
-2.70246e-05
-2.09671e-05
-5.97239e-05
-4.01509e-06
-0.000107952
5.73764e-06
-0.00013018
7.73765e-06
-0.000117624
6.88403e-06
-6.83424e-05
1.16411e-05
3.69538e-05
-3.84259e-06
0.000108292
-2.90326e-05
6.14305e-05
-0.000118195
7.72171e-05
-9.93448e-05
-0.000117642
-0.000134033
-2.21103e-05
2.04077e-05
-6.56274e-05
7.52062e-05
-0.000115083
0.000104608
-0.000102864
5.88835e-05
-7.91798e-05
9.46884e-07
-6.66098e-05
-1.87961e-05
-5.16285e-05
-2.90121e-05
-3.27989e-05
-4.58542e-05
-1.22518e-05
-8.0271e-05
2.79108e-06
-0.000122995
4.11916e-06
-0.000131509
-5.44758e-06
-0.000108057
-8.31151e-06
-6.54785e-05
-2.16674e-06
3.0809e-05
-5.02617e-06
0.000111151
-3.41824e-05
9.05867e-05
-0.000111001
0.000154035
-0.000103227
-0.000125415
-0.00023726
-0.000154857
2.88081e-05
-0.000162012
8.23612e-05
-0.000132079
7.46749e-05
-9.02078e-05
1.70127e-05
-7.56613e-05
-1.35996e-05
-6.27939e-05
-3.16635e-05
-4.307e-05
-4.8736e-05
-1.43748e-05
-7.45495e-05
9.83998e-06
-0.000104486
1.89663e-05
-0.000132121
5.3835e-06
-0.000117926
-2.97632e-05
-7.29108e-05
-3.12452e-05
-6.39964e-05
-3.26885e-05
3.22523e-05
-2.71426e-05
0.000105605
-6.38862e-05
0.00012733
-0.000122091
0.00021224
-8.47642e-05
-0.000162742
-0.000322024
-0.000206704
5.36561e-06
-0.000153411
2.90686e-05
-9.63723e-05
1.76357e-05
-7.33071e-05
-6.0525e-06
-5.8384e-05
-2.85227e-05
-4.02373e-05
-4.98102e-05
-1.48034e-05
-7.41699e-05
1.25032e-05
-0.000101856
3.25688e-05
-0.000124551
3.4337e-05
-0.000133889
1.53245e-05
-9.89133e-05
-2.10188e-05
-3.65675e-05
-5.62171e-05
-2.87981e-05
-5.3724e-05
2.97592e-05
-4.8603e-05
0.000100484
-6.44953e-05
0.000143223
-8.75772e-05
0.000235322
-4.41666e-05
-0.000206153
-0.000366191
-0.000153063
-2.53361e-05
-0.000109097
-1.48978e-05
-7.12701e-05
-2.01909e-05
-4.67024e-05
-3.06203e-05
-2.20402e-05
-5.31849e-05
1.96047e-06
-7.38109e-05
2.29742e-05
-9.51836e-05
3.44215e-05
-0.000113303
3.65192e-05
-0.000126649
2.74063e-05
-0.000124776
-4.38008e-06
-6.7127e-05
-2.32799e-05
-1.76677e-05
-3.98327e-05
-1.22452e-05
-4.2615e-05
3.25414e-05
-3.48024e-05
9.26717e-05
-3.11303e-05
0.000139551
-3.55429e-05
0.000239735
-3.05829e-05
-0.000211113
-0.000396774
-0.000114648
-4.9786e-05
-8.36786e-05
-4.58672e-05
-5.51038e-05
-4.87656e-05
-3.05892e-05
-5.51349e-05
-9.27297e-06
-7.45011e-05
7.04962e-06
-9.01334e-05
1.82065e-05
-0.00010634
2.55446e-05
-0.000120642
2.65433e-05
-0.000127648
-1.08068e-06
-9.71522e-05
-3.87389e-05
-2.94688e-05
-4.00033e-05
-1.64033e-05
-3.93446e-05
-1.29039e-05
-3.89446e-05
3.21414e-05
-3.31407e-05
8.68679e-05
-3.36996e-05
0.000140109
-2.34413e-05
0.000229476
-2.40125e-05
-0.000210541
-0.000420786
-0.00010637
-7.38931e-05
-8.12191e-05
-7.10178e-05
-5.79606e-05
-7.20241e-05
-3.50333e-05
-7.80622e-05
-1.92271e-05
-9.03073e-05
-6.47991e-06
-0.000102881
3.70953e-06
-0.00011653
1.00289e-05
-0.000126961
8.75571e-06
-0.000126374
-3.4624e-05
-5.37726e-05
-5.93822e-05
-4.71048e-06
-5.55027e-05
-2.02827e-05
-5.30641e-05
-1.53425e-05
-4.98678e-05
2.89451e-05
-4.8248e-05
8.52481e-05
-5.94308e-05
0.000151292
-2.22864e-05
0.000192332
-1.43473e-05
-0.00021848
-0.000435134
-9.82119e-05
-9.25498e-05
-7.8664e-05
-9.05656e-05
-5.96391e-05
-9.1049e-05
-4.12093e-05
-9.6492e-05
-2.64843e-05
-0.000105032
-1.46346e-05
-0.00011473
-5.72489e-06
-0.00012544
-1.25374e-06
-0.000131432
-4.19632e-05
-8.56651e-05
-7.44286e-05
-2.1307e-05
-7.4998e-05
-4.1411e-06
-7.85679e-05
-1.67128e-05
-8.19733e-05
-1.1937e-05
-7.88144e-05
2.57862e-05
-7.75468e-05
8.39804e-05
-9.00217e-05
0.000163767
-1.23295e-05
0.00011464
-1.61477e-06
-0.000229195
-0.000436748
-8.93358e-05
-0.00010824
-7.44301e-05
-0.000105471
-5.84594e-05
-0.00010702
-4.33784e-05
-0.000111573
-2.94971e-05
-0.000118914
-1.65782e-05
-0.000127649
-1.31076e-05
-0.00012891
-4.3729e-05
-0.000100811
-8.12904e-05
-4.81035e-05
-8.72264e-05
-1.53709e-05
-8.61898e-05
-5.17762e-06
-9.85761e-05
-4.32649e-06
-0.000113752
3.23913e-06
-0.000125131
3.71653e-05
-0.000131858
9.07069e-05
-9.50269e-05
0.000126936
1.80313e-07
1.94331e-05
6.92578e-06
-0.000235941
-0.000429823
-7.80919e-05
-8.56248e-05
-7.06118e-05
-0.000112951
-5.50878e-05
-0.000122544
-4.11842e-05
-0.000125477
-3.42122e-05
-0.000125886
-3.93993e-05
-0.000122462
-5.80789e-05
-0.000110231
-8.10178e-05
-7.78719e-05
-9.21168e-05
-3.70045e-05
-9.64692e-05
-1.10185e-05
-0.000105796
4.14909e-06
-0.000124098
1.39757e-05
-0.000145186
2.43276e-05
-0.000155948
4.79266e-05
-0.000138026
7.27853e-05
-6.84593e-05
5.73699e-05
1.10295e-05
-6.00554e-05
1.27591e-05
-0.00023767
-0.000417063
5.01458e-06
-6.80141e-05
-1.16427e-05
-9.62942e-05
-2.30981e-05
-0.000111088
-3.20136e-05
-0.000116561
-4.02768e-05
-0.000117623
-5.14498e-05
-0.000111289
-6.73407e-05
-9.43397e-05
-8.07998e-05
-6.44127e-05
-8.70184e-05
-3.07857e-05
-9.34236e-05
-4.61325e-06
-0.000103545
1.42704e-05
-0.000117139
2.75698e-05
-0.000129112
3.63008e-05
-0.000125007
4.38207e-05
-9.11898e-05
3.89686e-05
-2.83234e-05
-5.4966e-06
1.95325e-05
-0.000107911
1.93706e-05
-0.000237508
-0.000397693
5.19027e-05
-4.90072e-05
3.07592e-05
-7.51508e-05
1.11027e-05
-9.14319e-05
-6.13834e-06
-9.932e-05
-2.24624e-05
-0.000101299
-3.85562e-05
-9.51956e-05
-5.35103e-05
-7.93857e-05
-6.37991e-05
-5.41239e-05
-6.91106e-05
-2.54743e-05
-7.36733e-05
-5.04174e-08
-7.92845e-05
1.98817e-05
-8.44349e-05
3.27203e-05
-8.46794e-05
3.65453e-05
-7.12434e-05
3.03847e-05
-3.90967e-05
6.82196e-06
2.26156e-06
-4.68549e-05
2.80157e-05
-0.000133665
2.60494e-05
-0.000235542
-0.000371644
7.82019e-05
-3.35711e-05
5.89559e-05
-5.59049e-05
3.89616e-05
-7.14376e-05
1.97569e-05
-8.01155e-05
1.13542e-06
-8.26772e-05
-1.61659e-05
-7.78943e-05
-3.06499e-05
-6.49018e-05
-4.02341e-05
-4.45397e-05
-4.50127e-05
-2.06959e-05
-4.71397e-05
2.07649e-06
-4.7797e-05
2.0539e-05
-4.61462e-05
3.10695e-05
-3.97839e-05
3.01829e-05
-2.50124e-05
1.56132e-05
-1.59711e-06
-1.65933e-05
2.21479e-05
-7.06002e-05
3.41789e-05
-0.000145696
3.03262e-05
-0.00023169
-0.000341317
9.10142e-05
-2.25338e-05
7.5875e-05
-4.07657e-05
5.87444e-05
-5.43069e-05
4.10463e-05
-6.24173e-05
2.34269e-05
-6.50577e-05
7.02682e-06
-6.14943e-05
-6.56525e-06
-5.13098e-05
-1.58e-05
-3.53049e-05
-2.03896e-05
-1.61063e-05
-2.11357e-05
2.82251e-06
-1.88932e-05
1.82966e-05
-1.38749e-05
2.60514e-05
-5.66617e-06
2.1974e-05
6.41772e-06
3.52922e-06
2.08824e-05
-3.10579e-05
3.28826e-05
-8.26005e-05
3.60842e-05
-0.000148898
2.75925e-05
-0.000223198
-0.000313725
9.58156e-05
-1.51548e-05
8.47564e-05
-2.97064e-05
7.13047e-05
-4.08551e-05
5.65922e-05
-4.77048e-05
4.14825e-05
-4.99481e-05
2.71357e-05
-4.71476e-05
1.49936e-05
-3.91678e-05
6.39496e-06
-2.67062e-05
1.90322e-06
-1.16144e-05
1.32277e-06
3.4029e-06
4.17529e-06
1.5444e-05
9.68248e-06
2.05441e-05
1.7023e-05
1.46334e-05
2.54103e-05
-4.85829e-06
3.32455e-05
-3.88928e-05
3.76013e-05
-8.69563e-05
3.50495e-05
-0.000146346
2.35412e-05
-0.00021169
-0.000290184
9.60497e-05
-1.04942e-05
8.83125e-05
-2.19691e-05
7.82743e-05
-3.08169e-05
6.67687e-05
-3.61991e-05
5.45969e-05
-3.77763e-05
4.27614e-05
-3.53121e-05
3.24481e-05
-2.88546e-05
2.4771e-05
-1.90292e-05
2.03923e-05
-7.23563e-06
1.93704e-05
4.42477e-06
2.14268e-05
1.33876e-05
2.57082e-05
1.62626e-05
3.09344e-05
9.40744e-06
3.57743e-05
-9.69826e-06
3.87256e-05
-4.18439e-05
3.78987e-05
-8.61294e-05
3.13688e-05
-0.000139816
1.81493e-05
-0.00019847
-0.000272034
9.36609e-05
-7.76863e-06
8.84366e-05
-1.67448e-05
8.11957e-05
-2.35759e-05
7.25415e-05
-2.75448e-05
6.31281e-05
-2.83629e-05
5.37508e-05
-2.59347e-05
4.53243e-05
-2.04282e-05
3.87226e-05
-1.24274e-05
3.45423e-05
-3.05549e-06
3.29473e-05
6.01979e-06
3.37267e-05
1.2608e-05
3.61306e-05
1.38586e-05
3.88877e-05
6.65049e-06
4.05442e-05
-1.13548e-05
3.9676e-05
-4.09756e-05
3.48643e-05
-8.13176e-05
2.49824e-05
-0.000129934
1.05492e-05
-0.000184037
-0.000261485
8.97558e-05
-6.39268e-06
8.63709e-05
-1.33598e-05
8.12863e-05
-1.84913e-05
7.49407e-05
-2.11992e-05
6.78435e-05
-2.12656e-05
6.0599e-05
-1.86902e-05
5.38834e-05
-1.37127e-05
4.83444e-05
-6.8884e-06
4.44503e-05
8.38409e-07
4.23719e-05
8.09823e-06
4.19345e-05
1.30454e-05
4.25024e-05
1.32906e-05
4.29475e-05
6.20535e-06
4.18885e-05
-1.02957e-05
3.79212e-05
-3.70082e-05
2.97469e-05
-7.31433e-05
1.66916e-05
-0.000116879
1.55968e-06
-0.000168905
-0.000259925
8.49774e-05
-5.94532e-06
8.29125e-05
-1.12948e-05
7.94344e-05
-1.50131e-05
7.48651e-05
-1.663e-05
6.95934e-05
-1.59939e-05
6.40697e-05
-1.31665e-05
5.87827e-05
-8.42559e-06
5.41938e-05
-2.29941e-06
5.06412e-05
4.39081e-06
4.82546e-05
1.04846e-05
4.68821e-05
1.4418e-05
4.59818e-05
1.41909e-05
4.45865e-05
7.60065e-06
4.14327e-05
-7.14182e-06
3.51468e-05
-3.07223e-05
2.44482e-05
-6.24447e-05
9.05353e-06
-0.000101484
-4.70855e-06
-0.000155143
-0.000264634
7.97071e-05
-6.12677e-06
7.85752e-05
-1.01627e-05
7.62693e-05
-1.27071e-05
7.30282e-05
-1.33889e-05
6.91458e-05
-1.21113e-05
6.49556e-05
-8.97633e-06
6.08083e-05
-4.2782e-06
5.70258e-05
1.48303e-06
5.38419e-05
7.57483e-06
5.13378e-05
1.29883e-05
4.93725e-05
1.63834e-05
4.74905e-05
1.60729e-05
4.48753e-05
1.02158e-05
4.04223e-05
-2.68879e-06
3.29069e-05
-2.32069e-05
2.13078e-05
-5.08455e-05
5.90336e-06
-8.60796e-05
-5.52853e-06
-0.000143711
-0.000270162
7.41784e-05
-6.72226e-06
7.36965e-05
-9.68079e-06
7.22352e-05
-1.12456e-05
6.99726e-05
-1.11262e-05
6.71307e-05
-9.26923e-06
6.39573e-05
-5.80294e-06
6.0705e-05
-1.02581e-06
5.75992e-05
4.58868e-06
5.48e-05
1.03742e-05
5.23518e-05
1.54363e-05
5.01257e-05
1.86095e-05
4.77443e-05
1.84542e-05
4.45404e-05
1.34198e-05
3.96171e-05
2.23455e-06
3.20418e-05
-1.56315e-05
2.13025e-05
-4.01062e-05
8.39886e-06
-7.31759e-05
-2.41433e-06
-0.000132898
-0.000272577
6.85403e-05
-7.57762e-06
6.85051e-05
-9.64552e-06
6.76487e-05
-1.03892e-05
6.61046e-05
-9.58201e-06
6.40416e-05
-7.20616e-06
6.16461e-05
-3.40743e-06
5.91035e-05
1.51689e-06
5.65765e-05
7.11558e-06
5.41774e-05
1.27733e-05
5.19297e-05
1.7684e-05
4.97212e-05
2.08179e-05
4.72459e-05
2.09294e-05
4.39733e-05
1.66924e-05
3.92031e-05
7.00478e-06
3.22953e-05
-8.72357e-06
2.31193e-05
-3.093e-05
1.27494e-05
-6.2806e-05
2.16794e-06
-0.000122316
-0.000270409
6.28927e-05
-8.58336e-06
6.31601e-05
-9.91292e-06
6.27375e-05
-9.9667e-06
6.17255e-05
-8.56992e-06
6.0254e-05
-5.73459e-06
5.84663e-05
-1.61963e-06
5.65033e-05
3.47982e-06
5.44888e-05
9.13014e-06
5.25063e-05
1.47557e-05
5.05714e-05
1.9619e-05
4.8591e-05
2.27982e-05
4.63191e-05
2.32013e-05
4.33331e-05
1.96784e-05
3.90885e-05
1.12493e-05
3.31143e-05
-2.74927e-06
2.53677e-05
-2.31834e-05
1.64752e-05
-5.39135e-05
6.75335e-06
-0.000112594
-0.000263655
5.73046e-05
-9.66365e-06
5.77744e-05
-1.03827e-05
5.76663e-05
-9.85868e-06
5.70567e-05
-7.96019e-06
5.60471e-05
-4.72503e-06
5.4751e-05
-3.23328e-07
5.32807e-05
4.95007e-06
5.1736e-05
1.06749e-05
5.01854e-05
1.63062e-05
4.86435e-05
2.11609e-05
4.70373e-05
2.44044e-05
4.51693e-05
2.50691e-05
4.27003e-05
2.21475e-05
3.91964e-05
1.47532e-05
3.42905e-05
2.1565e-06
2.79017e-05
-1.67946e-05
2.03225e-05
-4.63343e-05
1.1318e-05
-0.00010359
-0.000252337
5.18258e-05
-1.07674e-05
5.24296e-05
-1.09864e-05
5.25544e-05
-9.98347e-06
5.22588e-05
-7.66456e-06
5.16238e-05
-4.0901e-06
5.07419e-05
5.58858e-07
4.97066e-05
5.9854e-06
4.86033e-05
1.17783e-05
4.74936e-05
1.74159e-05
4.63955e-05
2.22591e-05
4.52545e-05
2.55453e-05
4.39136e-05
2.64099e-05
4.21007e-05
2.39603e-05
3.94696e-05
1.73843e-05
3.57099e-05
5.91605e-06
3.06952e-05
-1.178e-05
2.43604e-05
-3.99995e-05
1.56334e-05
-9.48627e-05
-0.000236704
4.64949e-05
-1.18612e-05
4.71864e-05
-1.16779e-05
4.74892e-05
-1.02861e-05
4.74485e-05
-7.62383e-06
4.71298e-05
-3.77133e-06
4.66099e-05
1.07892e-06
4.59696e-05
6.62574e-06
4.52853e-05
1.24627e-05
4.46158e-05
1.80854e-05
4.39841e-05
2.28907e-05
4.3353e-05
2.61764e-05
4.25985e-05
2.71642e-05
4.15035e-05
2.50552e-05
3.97903e-05
1.90973e-05
3.71984e-05
8.50786e-06
3.35271e-05
-8.1089e-06
2.83531e-05
-3.48255e-05
1.96115e-05
-8.61212e-05
-0.000217092
4.13447e-05
-1.29231e-05
4.20932e-05
-1.24264e-05
4.25372e-05
-1.073e-05
4.27117e-05
-7.7983e-06
4.26696e-05
-3.72904e-06
4.2475e-05
1.27357e-06
4.21988e-05
6.90212e-06
4.19107e-05
1.27508e-05
4.16686e-05
1.83276e-05
4.15011e-05
2.30581e-05
4.13851e-05
2.62924e-05
4.1224e-05
2.7325e-05
4.08443e-05
2.54347e-05
4.00249e-05
1.99166e-05
3.85473e-05
9.98534e-06
3.61724e-05
-5.73408e-06
3.21861e-05
-3.08392e-05
2.32826e-05
-7.72177e-05
-0.00019381
3.64054e-05
-1.39395e-05
3.71908e-05
-1.32119e-05
3.77515e-05
-1.12907e-05
3.81144e-05
-8.16107e-06
3.83208e-05
-3.93523e-06
3.84234e-05
1.171e-06
3.84833e-05
6.8423e-06
3.85647e-05
1.26695e-05
3.87247e-05
1.81676e-05
3.8997e-05
2.27857e-05
3.93699e-05
2.59193e-05
3.97666e-05
2.69282e-05
4.00438e-05
2.51573e-05
4.00199e-05
1.99404e-05
3.95149e-05
1.04902e-05
3.82858e-05
-4.50496e-06
3.55307e-05
-2.80842e-05
2.73286e-05
-6.90156e-05
-0.000166481
3.17059e-05
-1.49016e-05
3.2515e-05
-1.4021e-05
3.31761e-05
-1.19518e-05
3.37088e-05
-8.69364e-06
3.41431e-05
-4.36942e-06
3.45197e-05
7.94482e-07
3.48884e-05
6.47366e-06
3.53068e-05
1.22511e-05
3.58316e-05
1.76427e-05
3.65014e-05
2.21159e-05
3.73132e-05
2.51074e-05
3.82e-05
2.60412e-05
3.90294e-05
2.43278e-05
3.96277e-05
1.9342e-05
3.9809e-05
1.03088e-05
3.92871e-05
-3.98304e-06
3.71459e-05
-2.59428e-05
2.96674e-05
-6.15371e-05
-0.000136814
2.7272e-05
-1.58042e-05
2.80956e-05
-1.48448e-05
2.88459e-05
-1.2702e-05
2.95355e-05
-9.3832e-06
3.01827e-05
-5.01656e-06
3.08137e-05
1.63563e-07
3.14642e-05
5.82322e-06
3.21824e-05
1.15329e-05
3.3025e-05
1.68e-05
3.4037e-05
2.11039e-05
3.52231e-05
2.39211e-05
3.65159e-05
2.47484e-05
3.77714e-05
2.30722e-05
3.87831e-05
1.83302e-05
3.9293e-05
9.79894e-06
3.88825e-05
-3.5726e-06
3.63838e-05
-2.34441e-05
2.80658e-05
-5.3219e-05
-0.000108748
2.31222e-05
-1.66438e-05
2.39531e-05
-1.56757e-05
2.47835e-05
-1.35324e-05
2.5621e-05
-1.02206e-05
2.64709e-05
-5.86645e-06
2.73414e-05
-7.06848e-07
2.82491e-05
4.9156e-06
2.9228e-05
1.0554e-05
3.03355e-05
1.56925e-05
3.16279e-05
1.98115e-05
3.31191e-05
2.24299e-05
3.47335e-05
2.31339e-05
3.63053e-05
2.15004e-05
3.75674e-05
1.70681e-05
3.8167e-05
9.19927e-06
3.75262e-05
-2.93183e-06
3.43444e-05
-2.02622e-05
2.50727e-05
-4.39473e-05
-8.36753e-05
1.9263e-05
-1.74157e-05
2.00923e-05
-1.65049e-05
2.0993e-05
-1.44331e-05
2.19701e-05
-1.11977e-05
2.30167e-05
-6.91303e-06
2.41186e-05
-1.80862e-06
2.52653e-05
3.76891e-06
2.64692e-05
9.35021e-06
2.77891e-05
1.43726e-05
2.9299e-05
1.83015e-05
3.10307e-05
2.06982e-05
3.28949e-05
2.12697e-05
3.46946e-05
1.97007e-05
3.61505e-05
1.56121e-05
3.68314e-05
8.51837e-06
3.60264e-05
-2.12685e-06
3.24004e-05
-1.66362e-05
2.27698e-05
-3.43166e-05
-6.09055e-05
1.56848e-05
-1.81121e-05
1.64974e-05
-1.73175e-05
1.74514e-05
-1.5387e-05
1.85553e-05
-1.23016e-05
1.97935e-05
-8.15113e-06
2.11265e-05
-3.14159e-06
2.25053e-05
2.3901e-06
2.39064e-05
7.94908e-06
2.53975e-05
1.28817e-05
2.70754e-05
1.66236e-05
2.89797e-05
1.8794e-05
3.10018e-05
1.92476e-05
3.29808e-05
1.77215e-05
3.46497e-05
1.39432e-05
3.55885e-05
7.57961e-06
3.51866e-05
-1.72504e-06
3.14662e-05
-1.29158e-05
2.17321e-05
-2.45824e-05
-3.91733e-05
1.23609e-05
-1.87183e-05
1.31299e-05
-1.80866e-05
1.4104e-05
-1.63612e-05
1.53053e-05
-1.35029e-05
1.67201e-05
-9.56583e-06
1.82873e-05
-4.70884e-06
1.99046e-05
7.72897e-07
2.14814e-05
6.37229e-06
2.31059e-05
1.12572e-05
2.49096e-05
1.482e-05
2.68782e-05
1.68254e-05
2.89579e-05
1.71679e-05
3.10528e-05
1.56265e-05
3.30211e-05
1.19748e-05
3.46137e-05
5.98689e-06
3.48715e-05
-1.98282e-06
3.1645e-05
-9.68934e-06
2.20529e-05
-1.49902e-05
-1.71203e-05
9.25465e-06
-1.92113e-05
9.93629e-06
-1.87682e-05
1.08694e-05
-1.72943e-05
1.21024e-05
-1.47358e-05
1.36448e-05
-1.11082e-05
1.54358e-05
-6.49982e-06
1.73128e-05
-1.1041e-06
1.90618e-05
4.62339e-06
2.07824e-05
9.53668e-06
2.26795e-05
1.29229e-05
2.46473e-05
1.48576e-05
2.66299e-05
1.51852e-05
2.86153e-05
1.3641e-05
3.07282e-05
9.86179e-06
3.29713e-05
3.74372e-06
3.41919e-05
-3.20339e-06
3.24795e-05
-7.97693e-06
2.44417e-05
-6.95234e-06
7.32149e-06
6.33553e-06
-1.95638e-05
6.87087e-06
-1.93034e-05
7.66698e-06
-1.80903e-05
8.80499e-06
-1.58738e-05
1.03478e-05
-1.2651e-05
1.22915e-05
-8.44349e-06
1.44579e-05
-3.27046e-06
1.6455e-05
2.62629e-06
1.8284e-05
7.70779e-06
2.03154e-05
1.08915e-05
2.22654e-05
1.29077e-05
2.39631e-05
1.34873e-05
2.54707e-05
1.21335e-05
2.711e-05
8.22238e-06
2.93593e-05
1.49434e-06
3.20034e-05
-5.84747e-06
3.34652e-05
-9.43865e-06
3.03126e-05
-3.79964e-06
3.76342e-05
3.60111e-06
-1.97604e-05
3.93246e-06
-1.96347e-05
4.47315e-06
-1.86309e-05
5.31964e-06
-1.67203e-05
6.59228e-06
-1.39237e-05
8.42622e-06
-1.02774e-05
1.08285e-05
-5.6727e-06
1.33151e-05
1.39735e-07
1.55412e-05
5.48166e-06
1.79839e-05
8.44885e-06
1.99605e-05
1.09311e-05
2.12644e-05
1.21833e-05
2.1888e-05
1.15099e-05
2.21349e-05
7.9754e-06
2.29667e-05
6.62536e-07
2.62633e-05
-9.14402e-06
3.35408e-05
-1.67161e-05
4.27151e-05
-1.29739e-05
8.03493e-05
1.09802e-06
1.19902e-06
1.38951e-06
1.72728e-06
2.31094e-06
3.33059e-06
5.23182e-06
8.63901e-06
1.30615e-05
1.63507e-05
1.84634e-05
1.94607e-05
1.91804e-05
1.70957e-05
1.34477e-05
1.20009e-05
2.04188e-05
4.46839e-05
)
;

boundaryField
{
    leftWall
    {
        type            calculated;
        value           uniform 0;
    }
    rightWall
    {
        type            calculated;
        value           uniform 0;
    }
    lowerWall
    {
        type            calculated;
        value           uniform 0;
    }
    atmosphere
    {
        type            calculated;
        value           nonuniform List<scalar> 
46
(
1.70209e-05
1.54376e-05
1.42488e-05
1.31411e-05
1.20202e-05
1.08628e-05
9.66081e-06
8.40939e-06
7.10412e-06
5.74014e-06
4.31199e-06
2.80834e-06
1.13929e-06
-6.05554e-07
-2.36599e-06
-4.2079e-06
-6.05954e-06
-7.89608e-06
-9.69073e-06
-1.14086e-05
-1.30057e-05
-1.44298e-05
-1.5625e-05
-7.70353e-06
-7.8934e-06
-8.06835e-06
-8.22299e-06
-1.98096e-05
-1.97357e-05
-1.88214e-05
-1.7058e-05
-1.45074e-05
-1.1297e-05
-7.57391e-06
-3.26748e-06
1.05924e-06
5.15962e-06
8.81842e-06
1.1186e-05
1.17902e-05
1.006e-05
4.31056e-06
-7.69722e-06
-2.51339e-05
-3.72389e-05
0.000125033
)
;
    }
    defaultFaces
    {
        type            empty;
        value           nonuniform List<scalar> 0();
    }
}


// ************************************************************************* //
