/*--------------------------------*- C++ -*----------------------------------*\
| =========                 |                                                 |
| \\      /  F ield         | OpenFOAM: The Open Source CFD Toolbox           |
|  \\    /   O peration     | Version:  v2012                                 |
|   \\  /    A nd           | Website:  www.openfoam.com                      |
|    \\/     M anipulation  |                                                 |
\*---------------------------------------------------------------------------*/
FoamFile
{
    version     2.0;
    format      ascii;
    class       volVectorField;
    location    "0.9";
    object      U;
}
// * * * * * * * * * * * * * * * * * * * * * * * * * * * * * * * * * * * * * //

dimensions      [0 1 -1 0 0 0 0];


internalField   nonuniform List<vector> 
2268
(
(-0.017694 0.00999033 0)
(-0.0587044 0.0133003 0)
(-0.0987438 0.00983197 0)
(-0.127606 0.00782967 0)
(-0.154453 0.00720301 0)
(-0.179856 0.00699168 0)
(-0.20414 0.00670547 0)
(-0.226716 0.00621041 0)
(-0.247086 0.00553806 0)
(-0.26491 0.00473648 0)
(-0.279899 0.0038024 0)
(-0.291596 0.00268473 0)
(-0.299254 0.00131266 0)
(-0.301647 -0.000414172 0)
(-0.296921 -0.00266998 0)
(-0.28378 -0.00548531 0)
(-0.260248 -0.00905613 0)
(-0.222897 -0.0138738 0)
(-0.168874 -0.0195216 0)
(-0.101826 -0.0233756 0)
(-0.0336786 -0.0211317 0)
(0.0182834 -0.0108312 0)
(0.0216798 0.00436108 0)
(-0.0353896 0.0277133 0)
(-0.0785093 0.0316332 0)
(-0.114788 0.0246842 0)
(-0.144208 0.0206856 0)
(-0.17271 0.0191618 0)
(-0.199506 0.0181886 0)
(-0.224106 0.016983 0)
(-0.245944 0.0154025 0)
(-0.264823 0.0135564 0)
(-0.280714 0.0115221 0)
(-0.293514 0.00923861 0)
(-0.302874 0.00654432 0)
(-0.308237 0.00323747 0)
(-0.308952 -0.000940666 0)
(-0.30401 -0.00637044 0)
(-0.290859 -0.0134272 0)
(-0.266683 -0.0223439 0)
(-0.228359 -0.0334306 0)
(-0.174302 -0.0449863 0)
(-0.107903 -0.0514309 0)
(-0.0400364 -0.0446317 0)
(0.0134186 -0.0201305 0)
(0.0221877 0.0160493 0)
(-0.0401413 0.0534305 0)
(-0.0766949 0.0501003 0)
(-0.110656 0.0395932 0)
(-0.141571 0.0343226 0)
(-0.171244 0.0320179 0)
(-0.19878 0.0300527 0)
(-0.223689 0.0275974 0)
(-0.245595 0.0246411 0)
(-0.264457 0.0214059 0)
(-0.280371 0.0179868 0)
(-0.293335 0.0142487 0)
(-0.303073 0.00991908 0)
(-0.30903 0.00467551 0)
(-0.310402 -0.00189919 0)
(-0.305963 -0.0104049 0)
(-0.293747 -0.0216357 0)
(-0.27099 -0.0361273 0)
(-0.234481 -0.0537879 0)
(-0.182373 -0.0716255 0)
(-0.117253 -0.0815703 0)
(-0.0489719 -0.0720945 0)
(0.00711256 -0.0354201 0)
(0.0240254 0.0240285 0)
(-0.0395141 0.0798194 0)
(-0.0723526 0.067813 0)
(-0.106506 0.055028 0)
(-0.138961 0.0488837 0)
(-0.16975 0.0456521 0)
(-0.197991 0.0424994 0)
(-0.223234 0.0386546 0)
(-0.245239 0.0342426 0)
(-0.264096 0.0295902 0)
(-0.280029 0.0247993 0)
(-0.293133 0.0196423 0)
(-0.303193 0.0137098 0)
(-0.309687 0.00654411 0)
(-0.311839 -0.00242249 0)
(-0.30854 -0.0140193 0)
(-0.29807 -0.0293682 0)
(-0.277743 -0.0493998 0)
(-0.244073 -0.0739529 0)
(-0.194306 -0.0989384 0)
(-0.129842 -0.113628 0)
(-0.0599312 -0.102641 0)
(-0.000197889 -0.0542887 0)
(0.0252028 0.0319794 0)
(-0.0370741 0.104403 0)
(-0.0684614 0.0850052 0)
(-0.103483 0.070976 0)
(-0.137241 0.0641231 0)
(-0.169015 0.0598063 0)
(-0.19785 0.055271 0)
(-0.223325 0.0498848 0)
(-0.245325 0.0439258 0)
(-0.264084 0.0378291 0)
(-0.279978 0.0316967 0)
(-0.293219 0.0251921 0)
(-0.303672 0.0177545 0)
(-0.310884 0.00879231 0)
(-0.314178 -0.00239093 0)
(-0.31261 -0.0168357 0)
(-0.304658 -0.0360308 0)
(-0.287693 -0.0613977 0)
(-0.257735 -0.0930183 0)
(-0.210648 -0.125913 0)
(-0.146379 -0.146425 0)
(-0.0740151 -0.134777 0)
(-0.0101678 -0.0751259 0)
(0.0203147 0.0377301 0)
(-0.0341566 0.127312 0)
(-0.0651945 0.102084 0)
(-0.101271 0.0873932 0)
(-0.136208 0.0798585 0)
(-0.168873 0.0743021 0)
(-0.198203 0.0682004 0)
(-0.223821 0.0611291 0)
(-0.245736 0.053545 0)
(-0.264345 0.0460025 0)
(-0.280196 0.0385972 0)
(-0.293641 0.0308665 0)
(-0.304641 0.0220867 0)
(-0.312833 0.0115376 0)
(-0.317668 -0.0015812 0)
(-0.318396 -0.0184921 0)
(-0.31371 -0.0411027 0)
(-0.301051 -0.0714637 0)
(-0.275756 -0.110288 0)
(-0.231815 -0.151986 0)
(-0.167383 -0.17958 0)
(-0.091647 -0.167891 0)
(-0.0226562 -0.0964119 0)
(0.00784363 0.036659 0)
(-0.0311982 0.148766 0)
(-0.0623976 0.119275 0)
(-0.099594 0.104309 0)
(-0.135637 0.0960467 0)
(-0.169097 0.0890867 0)
(-0.198828 0.0812396 0)
(-0.224515 0.072348 0)
(-0.246298 0.063074 0)
(-0.26475 0.0541061 0)
(-0.28061 0.045528 0)
(-0.294381 0.0367318 0)
(-0.306134 0.0268175 0)
(-0.315604 0.0149439 0)
(-0.322386 0.000237131 0)
(-0.325968 -0.0186731 0)
(-0.325307 -0.0441806 0)
(-0.317965 -0.0791281 0)
(-0.298417 -0.125444 0)
(-0.258175 -0.177387 0)
(-0.193183 -0.213927 0)
(-0.112825 -0.203336 0)
(-0.036684 -0.120007 0)
(-0.00327539 0.0359353 0)
(-0.0283969 0.16933 0)
(-0.0597912 0.136758 0)
(-0.0981845 0.121843 0)
(-0.135244 0.112784 0)
(-0.169371 0.104264 0)
(-0.199402 0.0945147 0)
(-0.225108 0.0836879 0)
(-0.246761 0.0726769 0)
(-0.265109 0.0623269 0)
(-0.281083 0.0527065 0)
(-0.295346 0.0430405 0)
(-0.308088 0.0322339 0)
(-0.319149 0.019328 0)
(-0.328282 0.00339197 0)
(-0.335273 -0.017056 0)
(-0.339397 -0.0448827 0)
(-0.338421 -0.0839858 0)
(-0.325796 -0.138408 0)
(-0.289982 -0.20272 0)
(-0.224587 -0.250832 0)
(-0.139083 -0.244368 0)
(-0.053508 -0.154122 0)
(0.00173334 0.0396327 0)
(0.156065 -0.0698865 0)
(-0.0411063 0.0631657 0)
(-0.376378 0.0805304 0)
(-0.614938 0.0560232 0)
(-0.757564 0.0267169 0)
(-0.818057 0.00546405 0)
(-0.818941 -0.00828286 0)
(-0.783696 -0.016309 0)
(-0.726899 -0.0222101 0)
(-0.645481 -0.0285302 0)
(-0.540048 -0.03431 0)
(-0.427785 -0.0333926 0)
(-0.341115 -0.0224387 0)
(-0.282803 -0.0193729 0)
(-0.223971 -0.0236649 0)
(-0.151272 -0.0300394 0)
(-0.067061 -0.032653 0)
(0.011606 -0.0220876 0)
(0.0797222 0.0093911 0)
(-0.0651597 0.0134725 0)
(-0.31414 0.178464 0)
(-0.632426 0.173241 0)
(-0.754523 0.111111 0)
(-0.804697 0.0556644 0)
(-0.817698 0.0143768 0)
(-0.80434 -0.013528 0)
(-0.772466 -0.0302318 0)
(-0.722749 -0.0435928 0)
(-0.650707 -0.0582915 0)
(-0.553969 -0.0710949 0)
(-0.448644 -0.0703785 0)
(-0.370367 -0.0465302 0)
(-0.322901 -0.03516 0)
(-0.279679 -0.0386987 0)
(-0.226931 -0.0486675 0)
(-0.158467 -0.0561169 0)
(-0.075881 -0.044045 0)
(0.0467942 0.0199727 0)
(-0.185442 0.122145 0)
(-0.448586 0.285691 0)
(-0.655288 0.239172 0)
(-0.714212 0.140606 0)
(-0.763886 0.069048 0)
(-0.785592 0.0129173 0)
(-0.772781 -0.0251799 0)
(-0.739895 -0.0480162 0)
(-0.694547 -0.0684773 0)
(-0.628741 -0.0926073 0)
(-0.535402 -0.112491 0)
(-0.430676 -0.109772 0)
(-0.360536 -0.0701721 0)
(-0.327675 -0.0489068 0)
(-0.305929 -0.0519492 0)
(-0.27799 -0.0674692 0)
(-0.231222 -0.0854303 0)
(-0.148994 -0.0813248 0)
(-0.0186858 -0.0024536 0)
(-0.239656 0.253873 0)
(-0.480645 0.380206 0)
(-0.613926 0.28542 0)
(-0.664112 0.164069 0)
(-0.723947 0.0818765 0)
(-0.749493 0.0121115 0)
(-0.727968 -0.0349816 0)
(-0.689003 -0.0627675 0)
(-0.650442 -0.0888723 0)
(-0.591709 -0.123566 0)
(-0.495197 -0.153569 0)
(-0.382769 -0.150688 0)
(-0.322186 -0.0905086 0)
(-0.305903 -0.0551717 0)
(-0.307288 -0.0560261 0)
(-0.30591 -0.0788422 0)
(-0.286796 -0.111617 0)
(-0.217004 -0.125281 0)
(-0.074115 -0.0542811 0)
(-0.256729 0.397736 0)
(-0.46355 0.459138 0)
(-0.558072 0.319326 0)
(-0.605741 0.186757 0)
(-0.66471 0.105107 0)
(-0.6866 0.0185373 0)
(-0.631352 -0.049463 0)
(-0.575211 -0.0777568 0)
(-0.560566 -0.0978116 0)
(-0.530134 -0.14447 0)
(-0.425246 -0.186021 0)
(-0.299812 -0.183274 0)
(-0.253718 -0.102811 0)
(-0.255333 -0.0546799 0)
(-0.280163 -0.0556563 0)
(-0.297531 -0.0870106 0)
(-0.29745 -0.134893 0)
(-0.251495 -0.177918 0)
(-0.112999 -0.131261 0)
(-0.256074 0.541203 0)
(-0.427693 0.523709 0)
(-0.499975 0.345182 0)
(-0.537338 0.211027 0)
(-0.573597 0.147597 0)
(-0.518133 0.00280995 0)
(-0.404777 -0.0882485 0)
(-0.351581 -0.0973505 0)
(-0.377575 -0.10299 0)
(-0.415903 -0.174539 0)
(-0.29469 -0.239565 0)
(-0.158833 -0.213964 0)
(-0.137282 -0.0996824 0)
(-0.161891 -0.0504222 0)
(-0.199963 -0.0508618 0)
(-0.218931 -0.0779614 0)
(-0.201383 -0.133252 0)
(-0.196771 -0.223342 0)
(-0.106354 -0.221656 0)
(-0.249492 0.675539 0)
(-0.385529 0.574883 0)
(-0.439998 0.363323 0)
(-0.470643 0.21549 0)
(-0.44374 0.113541 0)
(-0.315014 -0.0700601 0)
(-0.213804 -0.134915 0)
(-0.185842 -0.0990385 0)
(-0.220171 -0.0778386 0)
(-0.242711 -0.185013 0)
(-0.115857 -0.330721 0)
(0.0202682 -0.281632 0)
(0.0831452 -0.0972301 0)
(0.028889 -0.0235972 0)
(-0.00736339 -0.0236232 0)
(-0.0262402 -0.0761812 0)
(0.0813353 -0.124268 0)
(0.0433955 -0.190369 0)
(-0.0262435 -0.276274 0)
(-0.240044 0.801221 0)
(-0.340186 0.610381 0)
(-0.364797 0.380388 0)
(-0.383616 0.216777 0)
(-0.31959 0.0657234 0)
(-0.199976 -0.103586 0)
(-0.132723 -0.156505 0)
(-0.0773949 -0.126393 0)
(-0.10312 -0.0602927 0)
(-0.101066 -0.189777 0)
(-0.0306742 -0.361443 0)
(0.0852467 -0.331767 0)
(0.237491 -0.160995 0)
(0.325951 0.0177158 0)
(0.233269 0.0203636 0)
(0.155042 -0.110652 0)
(0.267173 -0.176447 0)
(0.3282 -0.120508 0)
(0.144771 -0.211603 0)
(-0.0224016 0.198785 0)
(-0.0553346 0.165187 0)
(-0.0957993 0.150636 0)
(-0.134245 0.140203 0)
(-0.169169 0.129038 0)
(-0.199527 0.116109 0)
(-0.225242 0.10209 0)
(-0.246768 0.0882845 0)
(-0.265092 0.0758447 0)
(-0.281431 0.0648193 0)
(-0.296705 0.0541381 0)
(-0.311321 0.042362 0)
(-0.325328 0.0283337 0)
(-0.33875 0.0109869 0)
(-0.351927 -0.0111934 0)
(-0.364744 -0.0409756 0)
(-0.375725 -0.0849148 0)
(-0.376775 -0.152193 0)
(-0.350761 -0.23928 0)
(-0.288423 -0.310475 0)
(-0.199555 -0.317422 0)
(-0.0957772 -0.233586 0)
(0.0294358 -0.0774615 0)
(-0.0140937 0.226256 0)
(-0.0480685 0.202276 0)
(-0.0895158 0.189133 0)
(-0.128412 0.176085 0)
(-0.163664 0.160302 0)
(-0.194315 0.142189 0)
(-0.220325 0.123306 0)
(-0.242167 0.105578 0)
(-0.260967 0.0906265 0)
(-0.278216 0.0784916 0)
(-0.295233 0.0678322 0)
(-0.312964 0.0569301 0)
(-0.332194 0.0445578 0)
(-0.353591 0.0294404 0)
(-0.377335 0.00967186 0)
(-0.404875 -0.0186954 0)
(-0.437606 -0.0672155 0)
(-0.463055 -0.153142 0)
(-0.453804 -0.273933 0)
(-0.40454 -0.380836 0)
(-0.331767 -0.404067 0)
(-0.257186 -0.323234 0)
(-0.193197 -0.157589 0)
(-0.0119063 0.248209 0)
(-0.0378822 0.235704 0)
(-0.0755383 0.22221 0)
(-0.111913 0.205268 0)
(-0.146662 0.184389 0)
(-0.178404 0.161526 0)
(-0.206426 0.138751 0)
(-0.230573 0.118131 0)
(-0.251578 0.101505 0)
(-0.27087 0.0887947 0)
(-0.290139 0.0783979 0)
(-0.311407 0.0683155 0)
(-0.337624 0.0575161 0)
(-0.37172 0.0457674 0)
(-0.413875 0.0325951 0)
(-0.465851 0.0119501 0)
(-0.529433 -0.0326707 0)
(-0.583149 -0.131202 0)
(-0.587535 -0.298859 0)
(-0.546277 -0.443011 0)
(-0.485643 -0.459457 0)
(-0.434325 -0.356527 0)
(-0.408506 -0.153069 0)
(-0.0162077 0.26756 0)
(-0.0149025 0.258504 0)
(-0.045301 0.246145 0)
(-0.0759372 0.230048 0)
(-0.109728 0.208472 0)
(-0.144297 0.183916 0)
(-0.177604 0.158672 0)
(-0.208291 0.135441 0)
(-0.23593 0.117153 0)
(-0.260995 0.103991 0)
(-0.285233 0.0948257 0)
(-0.312661 0.0877844 0)
(-0.351623 0.0829242 0)
(-0.413572 0.0795397 0)
(-0.495783 0.0745597 0)
(-0.593999 0.0665942 0)
(-0.707469 0.0437547 0)
(-0.790172 -0.0765917 0)
(-0.783183 -0.347695 0)
(-0.726614 -0.507893 0)
(-0.658843 -0.514758 0)
(-0.58706 -0.398139 0)
(-0.499872 -0.139234 0)
(-0.0920843 0.289749 0)
(-0.0028421 0.266992 0)
(-0.0381728 0.264733 0)
(-0.0620276 0.260424 0)
(-0.0944254 0.25083 0)
(-0.130726 0.237732 0)
(-0.16829 0.220082 0)
(-0.206223 0.198543 0)
(-0.244162 0.17854 0)
(-0.282222 0.162974 0)
(-0.32229 0.15483 0)
(-0.369354 0.157104 0)
(-0.437097 0.175551 0)
(-0.542551 0.198615 0)
(-0.685361 0.192971 0)
(-0.872505 0.185377 0)
(-1.04093 0.139816 0)
(-1.03244 -0.115446 0)
(-0.962605 -0.409213 0)
(-0.912808 -0.57932 0)
(-0.843622 -0.594296 0)
(-0.701088 -0.502957 0)
(-0.634341 -0.259097 0)
(-0.0541549 0.349027 0)
(-0.0157983 0.302033 0)
(-0.073163 0.350567 0)
(-0.0959487 0.355341 0)
(-0.125641 0.339348 0)
(-0.154617 0.310058 0)
(-0.184365 0.275428 0)
(-0.218253 0.243508 0)
(-0.25914 0.220041 0)
(-0.309689 0.207945 0)
(-0.374324 0.212564 0)
(-0.459591 0.245002 0)
(-0.573826 0.316506 0)
(-0.733793 0.415587 0)
(-0.948958 0.493167 0)
(-1.15031 0.488488 0)
(-1.23364 0.316413 0)
(-1.1246 -0.117503 0)
(-1.02881 -0.486273 0)
(-1.00743 -0.648222 0)
(-0.982763 -0.683547 0)
(-0.931488 -0.683637 0)
(-0.756372 -0.659249 0)
(-0.00902826 0.352852 0)
(-0.0166274 0.317225 0)
(-0.0635612 0.344643 0)
(-0.0801974 0.34304 0)
(-0.100435 0.326256 0)
(-0.121866 0.303252 0)
(-0.148163 0.280881 0)
(-0.18216 0.264001 0)
(-0.22578 0.255948 0)
(-0.281104 0.260196 0)
(-0.351507 0.283452 0)
(-0.440396 0.336667 0)
(-0.548055 0.427075 0)
(-0.676975 0.536096 0)
(-0.834894 0.601761 0)
(-0.997472 0.539876 0)
(-1.10562 0.292608 0)
(-1.0934 -0.177824 0)
(-1.03008 -0.554766 0)
(-1.016 -0.674761 0)
(-1.01193 -0.693994 0)
(-1.00904 -0.671044 0)
(-1.02953 -0.618375 0)
(0.00618562 0.346276 0)
(-0.010401 0.343687 0)
(-0.0344015 0.352564 0)
(-0.0427504 0.347714 0)
(-0.0556046 0.335685 0)
(-0.073209 0.321247 0)
(-0.0979002 0.308928 0)
(-0.130643 0.302583 0)
(-0.171942 0.305704 0)
(-0.222539 0.322614 0)
(-0.28338 0.360195 0)
(-0.353993 0.4278 0)
(-0.42985 0.530277 0)
(-0.50579 0.6485 0)
(-0.587357 0.718303 0)
(-0.686035 0.641506 0)
(-0.797282 0.345175 0)
(-0.926607 -0.190592 0)
(-0.965399 -0.568349 0)
(-0.981154 -0.678104 0)
(-0.997456 -0.689724 0)
(-1.00946 -0.652172 0)
(-1.02636 -0.572283 0)
(0.00635748 0.349271 0)
(-0.00227876 0.365007 0)
(-0.00970462 0.366134 0)
(-0.0124399 0.360481 0)
(-0.0198545 0.352052 0)
(-0.0329783 0.343359 0)
(-0.0529915 0.337738 0)
(-0.0799211 0.338536 0)
(-0.113344 0.349108 0)
(-0.152656 0.373585 0)
(-0.196611 0.41775 0)
(-0.241922 0.488353 0)
(-0.28174 0.587899 0)
(-0.308222 0.701006 0)
(-0.323881 0.776732 0)
(-0.350312 0.729885 0)
(-0.420593 0.484963 0)
(-0.572698 0.0441736 0)
(-0.823787 -0.492245 0)
(-0.92085 -0.651557 0)
(-0.957861 -0.669753 0)
(-0.977535 -0.626424 0)
(-0.993773 -0.542956 0)
(0.00426396 0.348041 0)
(0.00390949 0.369316 0)
(0.00515523 0.368207 0)
(0.00632701 0.364345 0)
(0.00379846 0.360245 0)
(-0.00362756 0.357313 0)
(-0.0166148 0.35784 0)
(-0.0348943 0.364443 0)
(-0.0575633 0.379975 0)
(-0.0831386 0.407848 0)
(-0.109132 0.452295 0)
(-0.131093 0.517454 0)
(-0.141952 0.603639 0)
(-0.134082 0.698916 0)
(-0.107954 0.767746 0)
(-0.0842517 0.749506 0)
(-0.105833 0.581672 0)
(-0.222214 0.248295 0)
(-0.479786 -0.199098 0)
(-0.810484 -0.566215 0)
(-0.894781 -0.634014 0)
(-0.919235 -0.598586 0)
(-0.924037 -0.516054 0)
(0.00354354 0.342482 0)
(0.00769046 0.364516 0)
(0.0132038 0.363663 0)
(0.0175267 0.362348 0)
(0.0192746 0.362126 0)
(0.0175689 0.363882 0)
(0.0120307 0.369134 0)
(0.00299429 0.379777 0)
(-0.00849946 0.397974 0)
(-0.0206462 0.426207 0)
(-0.0306085 0.467216 0)
(-0.0340007 0.523131 0)
(-0.0247435 0.592877 0)
(0.00322053 0.667272 0)
(0.0504654 0.722809 0)
(0.101769 0.720863 0)
(0.121521 0.621538 0)
(0.0641885 0.408677 0)
(-0.108197 0.107826 0)
(-0.391752 -0.247905 0)
(-0.760669 -0.568632 0)
(-0.834428 -0.570834 0)
(-0.836289 -0.512325 0)
(0.00363055 0.336679 0)
(0.00997477 0.357464 0)
(0.0177524 0.357204 0)
(0.0245438 0.357559 0)
(0.0298471 0.359737 0)
(0.0331469 0.364361 0)
(0.0342953 0.372422 0)
(0.0336667 0.385184 0)
(0.0322485 0.404089 0)
(0.0317552 0.43071 0)
(0.0348103 0.466568 0)
(0.0451389 0.512421 0)
(0.0674239 0.566582 0)
(0.105953 0.622145 0)
(0.161197 0.664048 0)
(0.223801 0.668868 0)
(0.269408 0.61272 0)
(0.264389 0.484323 0)
(0.178388 0.29216 0)
(0.00114866 0.0631546 0)
(-0.249335 -0.22197 0)
(-0.634905 -0.546066 0)
(-0.765697 -0.512835 0)
(0.00383316 0.330418 0)
(0.0114593 0.349141 0)
(0.0206417 0.349103 0)
(0.0293808 0.35025 0)
(0.0375539 0.353574 0)
(0.044924 0.359535 0)
(0.05153 0.36877 0)
(0.0577826 0.382055 0)
(0.0645599 0.400228 0)
(0.0733133 0.424104 0)
(0.0861871 0.454305 0)
(0.10606 0.490754 0)
(0.136279 0.531639 0)
(0.179677 0.571896 0)
(0.236401 0.601921 0)
(0.300683 0.607879 0)
(0.35799 0.575543 0)
(0.386726 0.49744 0)
(0.365754 0.376666 0)
(0.283707 0.225865 0)
(0.136685 0.0534198 0)
(-0.0907109 -0.160463 0)
(-0.313616 -0.411103 0)
(0.004038 0.323155 0)
(0.0125827 0.339606 0)
(0.0227719 0.339401 0)
(0.0330752 0.340701 0)
(0.0435135 0.344277 0)
(0.0540321 0.350459 0)
(0.0648046 0.359642 0)
(0.0762663 0.372259 0)
(0.0891784 0.388707 0)
(0.104698 0.409262 0)
(0.124451 0.433951 0)
(0.150511 0.462224 0)
(0.185136 0.492368 0)
(0.230075 0.520714 0)
(0.28527 0.541072 0)
(0.347075 0.545199 0)
(0.406977 0.524796 0)
(0.452395 0.474858 0)
(0.469964 0.396027 0)
(0.450266 0.293569 0)
(0.387047 0.172358 0)
(0.274494 0.0361836 0)
(0.139849 -0.0933705 0)
(0.00429826 0.315148 0)
(0.0135782 0.329256 0)
(0.0245447 0.328484 0)
(0.0360906 0.329425 0)
(0.0482634 0.332603 0)
(0.0611128 0.338223 0)
(0.0748908 0.346508 0)
(0.0900359 0.357654 0)
(0.107199 0.371768 0)
(0.127278 0.388787 0)
(0.151444 0.408384 0)
(0.181111 0.429784 0)
(0.217725 0.451451 0)
(0.26229 0.4707 0)
(0.314615 0.483475 0)
(0.372372 0.484697 0)
(0.430468 0.469412 0)
(0.481592 0.434393 0)
(0.517844 0.37919 0)
(0.532903 0.305813 0)
(0.522425 0.216525 0)
(0.483671 0.115222 0)
(0.424257 0.0111596 0)
(0.00463129 0.30649 0)
(0.0145424 0.318306 0)
(0.0261233 0.316642 0)
(0.0386218 0.316853 0)
(0.0520646 0.319195 0)
(0.0665503 0.323755 0)
(0.0823632 0.330621 0)
(0.0999222 0.339834 0)
(0.119778 0.351319 0)
(0.142617 0.364824 0)
(0.169261 0.37985 0)
(0.200628 0.395552 0)
(0.23759 0.410586 0)
(0.280664 0.422947 0)
(0.329576 0.4299 0)
(0.382769 0.428196 0)
(0.437108 0.4147 0)
(0.488176 0.387231 0)
(0.531147 0.345059 0)
(0.56184 0.288759 0)
(0.577021 0.219276 0)
(0.573876 0.13846 0)
(0.551552 0.051413 0)
(0.00501185 0.297131 0)
(0.0154845 0.306827 0)
(0.027552 0.304083 0)
(0.0407442 0.303337 0)
(0.0550572 0.304589 0)
(0.0706052 0.307811 0)
(0.0876733 0.312993 0)
(0.106644 0.32007 0)
(0.127978 0.328863 0)
(0.1522 0.339033 0)
(0.179877 0.350024 0)
(0.21158 0.361013 0)
(0.247793 0.37085 0)
(0.288724 0.377996 0)
(0.33405 0.380535 0)
(0.382655 0.376304 0)
(0.432498 0.363225 0)
(0.480766 0.339741 0)
(0.524308 0.305107 0)
(0.56015 0.259396 0)
(0.585669 0.20324 0)
(0.598246 0.138357 0)
(0.595639 0.0697339 0)
(0.00540323 0.287086 0)
(0.0163698 0.294885 0)
(0.028815 0.290996 0)
(0.0424762 0.289187 0)
(0.0573239 0.289233 0)
(0.0734707 0.291003 0)
(0.0911853 0.294413 0)
(0.110805 0.299331 0)
(0.132712 0.305528 0)
(0.157308 0.312633 0)
(0.184982 0.320102 0)
(0.216077 0.327187 0)
(0.250826 0.332915 0)
(0.289244 0.336086 0)
(0.330983 0.335303 0)
(0.375189 0.329066 0)
(0.420437 0.315948 0)
(0.46481 0.294831 0)
(0.506103 0.265087 0)
(0.542073 0.226675 0)
(0.570539 0.180227 0)
(0.589189 0.127665 0)
(0.595859 0.0738737 0)
(0.00578138 0.276421 0)
(0.0171614 0.282554 0)
(0.0298821 0.277544 0)
(0.0438186 0.274664 0)
(0.0589241 0.27349 0)
(0.0753019 0.273808 0)
(0.0931977 0.275479 0)
(0.112903 0.278333 0)
(0.13473 0.28212 0)
(0.158988 0.286478 0)
(0.185946 0.290904 0)
(0.2158 0.294747 0)
(0.248633 0.297196 0)
(0.284349 0.297306 0)
(0.322591 0.294026 0)
(0.362667 0.286277 0)
(0.403512 0.273057 0)
(0.443731 0.25357 0)
(0.481689 0.227363 0)
(0.515631 0.194453 0)
(0.543752 0.155539 0)
(0.564114 0.112624 0)
(0.575035 0.0702944 0)
(0.00613668 0.265211 0)
(0.0178374 0.269908 0)
(0.0307315 0.263873 0)
(0.0447745 0.259981 0)
(0.0599089 0.257647 0)
(0.076229 0.256589 0)
(0.093956 0.256631 0)
(0.113339 0.257585 0)
(0.134631 0.259201 0)
(0.15807 0.261143 0)
(0.183842 0.262967 0)
(0.212057 0.264117 0)
(0.24271 0.263931 0)
(0.27565 0.261657 0)
(0.310528 0.256496 0)
(0.346759 0.247651 0)
(0.383507 0.234405 0)
(0.419698 0.216209 0)
(0.454069 0.192779 0)
(0.485222 0.164241 0)
(0.511691 0.131367 0)
(0.531924 0.0961213 0)
(0.544749 0.0626192 0)
(0.00646228 0.253539 0)
(0.018385 0.257031 0)
(0.0313504 0.250115 0)
(0.0453505 0.245318 0)
(0.0603256 0.241932 0)
(0.0763629 0.239622 0)
(0.0936622 0.238189 0)
(0.112435 0.237444 0)
(0.132886 0.237149 0)
(0.155195 0.237001 0)
(0.179494 0.236618 0)
(0.20584 0.235538 0)
(0.234185 0.233222 0)
(0.264356 0.229078 0)
(0.296027 0.222492 0)
(0.328697 0.212872 0)
(0.361682 0.199705 0)
(0.394128 0.182623 0)
(0.42503 0.161491 0)
(0.453271 0.136533 0)
(0.477681 0.108561 0)
(0.49706 0.0794227 0)
(0.510656 0.0526841 0)
(0.00674508 0.241496 0)
(0.018789 0.244016 0)
(0.0317261 0.236397 0)
(0.0455524 0.23083 0)
(0.0602145 0.226526 0)
(0.0757965 0.223112 0)
(0.0924801 0.220384 0)
(0.110445 0.218154 0)
(0.129856 0.216205 0)
(0.150849 0.214275 0)
(0.173519 0.212038 0)
(0.197889 0.209116 0)
(0.223894 0.205077 0)
(0.251362 0.199455 0)
(0.28 0.191783 0)
(0.309377 0.181622 0)
(0.338928 0.168612 0)
(0.367956 0.152522 0)
(0.395653 0.133331 0)
(0.421123 0.111337 0)
(0.443447 0.087353 0)
(0.461717 0.0630647 0)
(0.475492 0.0414978 0)
(0.00696438 0.22919 0)
(0.0190264 0.23096 0)
(0.0318397 0.222834 0)
(0.0453796 0.21665 0)
(0.0596065 0.211571 0)
(0.0746048 0.207213 0)
(0.0905409 0.203372 0)
(0.107568 0.199871 0)
(0.125819 0.196518 0)
(0.145399 0.193087 0)
(0.166372 0.189309 0)
(0.188744 0.184875 0)
(0.212445 0.179442 0)
(0.237319 0.17265 0)
(0.263107 0.164145 0)
(0.289447 0.153609 0)
(0.315867 0.140797 0)
(0.341797 0.125586 0)
(0.366583 0.108036 0)
(0.389507 0.0884941 0)
(0.409856 0.0677464 0)
(0.42695 0.047298 0)
(0.440571 0.0296932 0)
(0.00709695 0.216751 0)
(0.0190691 0.217963 0)
(0.0316677 0.209535 0)
(0.0448268 0.202885 0)
(0.0585249 0.197176 0)
(0.0728484 0.192032 0)
(0.0879497 0.187256 0)
(0.103961 0.182689 0)
(0.12099 0.178164 0)
(0.139117 0.173489 0)
(0.158388 0.168443 0)
(0.178796 0.162778 0)
(0.200277 0.156224 0)
(0.222691 0.148506 0)
(0.24582 0.139362 0)
(0.269361 0.128568 0)
(0.292926 0.115969 0)
(0.316049 0.101524 0)
(0.338201 0.0853543 0)
(0.358811 0.0678312 0)
(0.377327 0.0496988 0)
(0.39324 0.0322847 0)
(0.406489 0.0177197 0)
(0.00712454 0.204329 0)
(0.0188939 0.205131 0)
(0.0311902 0.196592 0)
(0.0438901 0.189622 0)
(0.0569906 0.183423 0)
(0.0705784 0.177642 0)
(0.0847924 0.172099 0)
(0.0997472 0.166656 0)
(0.115532 0.161169 0)
(0.132211 0.155478 0)
(0.149813 0.149404 0)
(0.168328 0.142747 0)
(0.187697 0.135299 0)
(0.207803 0.126853 0)
(0.228464 0.117219 0)
(0.249432 0.106248 0)
(0.270391 0.0938587 0)
(0.290964 0.0800695 0)
(0.310726 0.0650476 0)
(0.329227 0.0491739 0)
(0.346038 0.0331443 0)
(0.360779 0.0181238 0)
(0.373485 0.00589571 0)
(0.00703993 0.192084 0)
(0.0184909 0.192574 0)
(0.0304 0.184087 0)
(0.0425755 0.176928 0)
(0.0550287 0.170367 0)
(0.0678429 0.164087 0)
(0.0811433 0.157931 0)
(0.0950301 0.151784 0)
(0.109578 0.145524 0)
(0.124837 0.139019 0)
(0.140829 0.132124 0)
(0.157541 0.12468 0)
(0.174924 0.116527 0)
(0.192879 0.107513 0)
(0.21126 0.0975063 0)
(0.229865 0.0864171 0)
(0.248442 0.0742193 0)
(0.26669 0.06098 0)
(0.284273 0.0468979 0)
(0.300835 0.0323572 0)
(0.316045 0.0180059 0)
(0.329619 0.00487017 0)
(0.341644 -0.00555073 0)
(0.0068482 0.180177 0)
(0.0178684 0.180402 0)
(0.0293087 0.172091 0)
(0.0409049 0.164854 0)
(0.0526745 0.158046 0)
(0.0646927 0.151391 0)
(0.0770712 0.144763 0)
(0.0898975 0.138065 0)
(0.103234 0.131199 0)
(0.117122 0.124056 0)
(0.131576 0.116519 0)
(0.146586 0.108461 0)
(0.162111 0.0997634 0)
(0.178072 0.0903143 0)
(0.194351 0.0800288 0)
(0.210789 0.068863 0)
(0.227186 0.0568347 0)
(0.243307 0.0440477 0)
(0.258888 0.0307241 0)
(0.273651 0.0172476 0)
(0.287343 0.00422506 0)
(0.299749 -0.00743088 0)
(0.310984 -0.0164488 0)
(0.00656397 0.168753 0)
(0.0170515 0.168719 0)
(0.0279472 0.160668 0)
(0.0389166 0.153441 0)
(0.0499743 0.146483 0)
(0.0611841 0.139565 0)
(0.0726438 0.132588 0)
(0.0844288 0.125476 0)
(0.0965914 0.118151 0)
(0.109165 0.110523 0)
(0.122162 0.102496 0)
(0.135576 0.0939747 0)
(0.149373 0.0848662 0)
(0.16349 0.0750937 0)
(0.177835 0.0646072 0)
(0.192284 0.0533987 0)
(0.206683 0.0415194 0)
(0.220849 0.0291013 0)
(0.234579 0.0163836 0)
(0.24766 0.00374951 0)
(0.2599 -0.00823124 0)
(0.27114 -0.0187371 0)
(0.281506 -0.026668 0)
(0.00620746 0.157933 0)
(0.0160775 0.157621 0)
(0.0263608 0.149873 0)
(0.0366616 0.142721 0)
(0.0469839 0.135694 0)
(0.0573781 0.128609 0)
(0.0679282 0.121392 0)
(0.0786977 0.113986 0)
(0.0897298 0.106328 0)
(0.101053 0.0983452 0)
(0.112678 0.0899619 0)
(0.124601 0.081102 0)
(0.136796 0.0716972 0)
(0.149213 0.0616961 0)
(0.161782 0.0510758 0)
(0.174407 0.0398551 0)
(0.186971 0.0281104 0)
(0.199335 0.015995 0)
(0.211347 0.00376106 0)
(0.222843 -0.00821378 0)
(0.233687 -0.0193887 0)
(0.243768 -0.0290115 0)
(0.253209 -0.0361106 0)
(0.00580125 0.147807 0)
(0.0149884 0.147187 0)
(0.0246018 0.139757 0)
(0.0341965 0.132723 0)
(0.0437628 0.125691 0)
(0.0533371 0.11852 0)
(0.0629896 0.111156 0)
(0.0727721 0.103558 0)
(0.0827206 0.0956745 0)
(0.092859 0.0874488 0)
(0.103199 0.0788196 0)
(0.113736 0.0697276 0)
(0.12445 0.060123 0)
(0.135305 0.0499744 0)
(0.146246 0.0392789 0)
(0.1572 0.0280753 0)
(0.16808 0.0164584 0)
(0.178781 0.00459629 0)
(0.18919 -0.00725176 0)
(0.199193 -0.0187144 0)
(0.208696 -0.029272 0)
(0.217626 -0.0382292 0)
(0.226103 -0.0447097 0)
(0.00536653 0.138434 0)
(0.0138234 0.13748 0)
(0.0227197 0.130362 0)
(0.0315754 0.123473 0)
(0.0403676 0.116485 0)
(0.0491193 0.109292 0)
(0.057887 0.101858 0)
(0.0667129 0.0941518 0)
(0.0756261 0.0861335 0)
(0.0846472 0.0777571 0)
(0.0937862 0.0689737 0)
(0.103041 0.0597379 0)
(0.112396 0.0500145 0)
(0.121821 0.0397874 0)
(0.131275 0.0290688 0)
(0.140702 0.0179116 0)
(0.150037 0.00642309 0)
(0.159204 -0.00522023 0)
(0.168125 -0.0167575 0)
(0.176723 -0.0278201 0)
(0.184938 -0.0379123 0)
(0.192731 -0.0463811 0)
(0.200222 -0.052423 0)
(0.0049185 0.12985 0)
(0.0126117 0.128548 0)
(0.020754 0.121725 0)
(0.0288426 0.114995 0)
(0.0368452 0.108086 0)
(0.0447731 0.100921 0)
(0.0526708 0.0934754 0)
(0.0605715 0.0857276 0)
(0.068499 0.0776459 0)
(0.0764703 0.0691927 0)
(0.0844941 0.0603292 0)
(0.0925685 0.0510212 0)
(0.10068 0.0412457 0)
(0.108805 0.0309988 0)
(0.116909 0.0203037 0)
(0.124949 0.0092225 0)
(0.132874 -0.00213056 0)
(0.140634 -0.0135763 0)
(0.148177 -0.024854 0)
(0.155456 -0.0356042 0)
(0.162441 -0.0453491 0)
(0.169123 -0.0534718 0)
(0.175621 -0.0592273 0)
(0.00446252 0.122071 0)
(0.0113682 0.120422 0)
(0.0187289 0.113875 0)
(0.0260279 0.107308 0)
(0.0332295 0.100499 0)
(0.0403359 0.0933952 0)
(0.047381 0.0859822 0)
(0.0543902 0.0782431 0)
(0.0613825 0.0701522 0)
(0.0683717 0.0616787 0)
(0.0753648 0.0527918 0)
(0.0823599 0.0434674 0)
(0.0893444 0.0336934 0)
(0.0962957 0.023476 0)
(0.103183 0.0128462 0)
(0.109969 0.00187067 0)
(0.116619 -0.00933481 0)
(0.123097 -0.0205921 0)
(0.129374 -0.0316453 0)
(0.135426 -0.042145 0)
(0.141246 -0.0516317 0)
(0.146856 -0.0595209 0)
(0.152374 -0.0651179 0)
(0.00399328 0.115112 0)
(0.0100932 0.113127 0)
(0.0166527 0.106835 0)
(0.0231468 0.100426 0)
(0.0295428 0.0937266 0)
(0.0358358 0.086704 0)
(0.0420502 0.0793513 0)
(0.0482044 0.0716549 0)
(0.0543129 0.0635925 0)
(0.0603869 0.0551381 0)
(0.0664324 0.0462685 0)
(0.0724469 0.0369685 0)
(0.0784171 0.027237 0)
(0.0843188 0.0170895 0)
(0.0901194 0.00656224 0)
(0.0957857 -0.00427818 0)
(0.10129 -0.0153196 0)
(0.106612 -0.0263887 0)
(0.111737 -0.0372373 0)
(0.11666 -0.047528 0)
(0.121395 -0.0568214 0)
(0.125986 -0.0645645 0)
(0.130557 -0.0701091 0)
(0.00349771 0.108997 0)
(0.00877653 0.106682 0)
(0.014524 0.100619 0)
(0.020208 0.0943548 0)
(0.0258041 0.0877625 0)
(0.0313003 0.0808287 0)
(0.0367115 0.0735514 0)
(0.0420497 0.0659179 0)
(0.0473255 0.0579072 0)
(0.0525487 0.0494967 0)
(0.0577252 0.0406693 0)
(0.0628529 0.0314197 0)
(0.0679178 0.0217585 0)
(0.07289 0.0117128 0)
(0.0777302 0.0013215 0)
(0.0824036 -0.00935498 0)
(0.08689 -0.0202129 0)
(0.0911787 -0.0310874 0)
(0.0952686 -0.0417399 0)
(0.0991695 -0.0518478 0)
(0.10291 -0.0609933 0)
(0.106555 -0.0686564 0)
(0.110231 -0.0742342 0)
(0.00295976 0.103758 0)
(0.00740574 0.101104 0)
(0.0123425 0.0952333 0)
(0.0172267 0.0890881 0)
(0.0220427 0.0825904 0)
(0.0267691 0.0757437 0)
(0.0314104 0.0685474 0)
(0.0359727 0.0609869 0)
(0.0404641 0.0530398 0)
(0.0448942 0.044685 0)
(0.0492711 0.0359109 0)
(0.0535963 0.0267223 0)
(0.0578563 0.0171454 0)
(0.0620127 0.00722458 0)
(0.0660104 -0.0030001 0)
(0.0698098 -0.0134841 0)
(0.0733969 -0.0241383 0)
(0.0767719 -0.0348083 0)
(0.0799441 -0.045267 0)
(0.0829342 -0.0552075 0)
(0.0857825 -0.064236 0)
(0.088567 -0.0718669 0)
(0.0914182 -0.0775442 0)
(0.00236423 0.09944 0)
(0.00597802 0.0964021 0)
(0.0101272 0.0906645 0)
(0.0142431 0.0846016 0)
(0.0183152 0.0781805 0)
(0.0223093 0.071415 0)
(0.0262189 0.0643009 0)
(0.030045 0.0568181 0)
(0.0337942 0.0489401 0)
(0.0374776 0.0406446 0)
(0.0411084 0.0319229 0)
(0.0446971 0.02279 0)
(0.048238 0.0132946 0)
(0.0516799 0.00351288 0)
(0.0549394 -0.00651514 0)
(0.0579669 -0.0167787 0)
(0.06076 -0.0272105 0)
(0.0633317 -0.0376677 0)
(0.0657006 -0.0479336 0)
(0.067894 -0.057717 0)
(0.0699587 -0.066649 0)
(0.0719799 -0.0742802 0)
(0.0740873 -0.0801031 0)
(0.00169958 0.0960973 0)
(0.00451917 0.0925649 0)
(0.00793418 0.0868741 0)
(0.0113388 0.0808505 0)
(0.0147205 0.0744895 0)
(0.0180296 0.0678017 0)
(0.0212504 0.0607728 0)
(0.0243796 0.0533732 0)
(0.027422 0.0455696 0)
(0.03039 0.0373342 0)
(0.0333042 0.0286561 0)
(0.0361925 0.0195567 0)
(0.039073 0.0101161 0)
(0.0418791 0.000479024 0)
(0.0444793 -0.00931672 0)
(0.0468094 -0.0193323 0)
(0.0488927 -0.0295299 0)
(0.0507591 -0.0397736 0)
(0.0524331 -0.0498523 0)
(0.0539437 -0.0594885 0)
(0.0553371 -0.0683377 0)
(0.0566983 -0.0759877 0)
(0.0581496 -0.0819812 0)
(0.00096871 0.0937502 0)
(0.00310472 0.0895446 0)
(0.0058736 0.0837954 0)
(0.00864833 0.0777748 0)
(0.0114078 0.0714677 0)
(0.01409 0.0648621 0)
(0.0166729 0.057927 0)
(0.0191491 0.0506221 0)
(0.0215186 0.0429048 0)
(0.0237899 0.0347367 0)
(0.025987 0.0260932 0)
(0.0281641 0.0169872 0)
(0.0303972 0.00753568 0)
(0.0326007 -0.00195908 0)
(0.0345738 -0.011467 0)
(0.0362355 -0.0212098 0)
(0.0376652 -0.0311781 0)
(0.0389109 -0.0412242 0)
(0.0399937 -0.0511324 0)
(0.0409348 -0.0606348 0)
(0.0417724 -0.0694108 0)
(0.0425812 -0.0770849 0)
(0.0434685 -0.0832494 0)
(0.000227216 0.0923711 0)
(0.00188139 0.0872368 0)
(0.00411895 0.0813221 0)
(0.00636072 0.0752876 0)
(0.00857757 0.0690414 0)
(0.010705 0.0625295 0)
(0.0127191 0.0557037 0)
(0.0146054 0.0485157 0)
(0.016351 0.0409151 0)
(0.0179463 0.0328494 0)
(0.0193998 0.0242651 0)
(0.0207885 0.0151303 0)
(0.0223102 0.00556662 0)
(0.0238324 -0.00380462 0)
(0.0251308 -0.0129531 0)
(0.0260868 -0.0224331 0)
(0.0268918 -0.03222 0)
(0.0275957 -0.0421167 0)
(0.0281928 -0.0518911 0)
(0.0286828 -0.0612836 0)
(0.0290871 -0.0699964 0)
(0.0294612 -0.0776888 0)
(0.0298877 -0.0839965 0)
(-0.000383793 0.0917051 0)
(0.0010147 0.0853847 0)
(0.00286395 0.0792266 0)
(0.00467759 0.0731892 0)
(0.00645066 0.0670201 0)
(0.00812928 0.0606189 0)
(0.00968689 0.05393 0)
(0.011096 0.0469074 0)
(0.0123199 0.039503 0)
(0.0133104 0.0316595 0)
(0.0140188 0.0232992 0)
(0.0144928 0.0143147 0)
(0.0150944 0.00467395 0)
(0.01543 -0.00471312 0)
(0.015897 -0.0135881 0)
(0.0160768 -0.0229868 0)
(0.0163041 -0.0327392 0)
(0.0165677 -0.0425855 0)
(0.016801 -0.0522901 0)
(0.0169725 -0.0616113 0)
(0.0170831 -0.0702772 0)
(0.0171658 -0.0779786 0)
(0.0172731 -0.0843873 0)
(-0.000905309 0.0919077 0)
(0.000575137 0.0834506 0)
(0.00214392 0.0770727 0)
(0.00368975 0.0711186 0)
(0.0051992 0.0650821 0)
(0.00662524 0.0588353 0)
(0.00793214 0.0523337 0)
(0.0090774 0.0455486 0)
(0.0100019 0.0384521 0)
(0.0106169 0.0310107 0)
(0.0107948 0.0231744 0)
(0.0104296 0.0148098 0)
(0.0096737 0.00532503 0)
(0.0063933 -0.00390956 0)
(0.00600356 -0.0129664 0)
(0.00564145 -0.0227537 0)
(0.00553193 -0.0326978 0)
(0.00553715 -0.0425872 0)
(0.00556221 -0.0522598 0)
(0.00556977 -0.0615226 0)
(0.005551 -0.0701361 0)
(0.00551436 -0.0778178 0)
(0.00547973 -0.0842668 0)
(0.118935 -0.10113 0)
(0.135202 -0.101181 0)
(0.0962833 0.0406095 0)
(-0.204988 0.491542 0)
(-0.197336 0.0164214 0)
(-0.238958 0.200023 0)
(-0.306334 0.455626 0)
(-0.40542 0.743463 0)
(-0.421025 0.0654249 0)
(-0.43347 0.259413 0)
(-0.428866 0.472109 0)
(-0.390226 0.630597 0)
(-0.448167 0.0607408 0)
(-0.418506 0.186282 0)
(-0.365279 0.310875 0)
(-0.284588 0.401316 0)
(-0.44865 0.00962784 0)
(-0.376893 0.106238 0)
(-0.306099 0.186868 0)
(-0.226403 0.244148 0)
(-0.587515 -0.342009 0)
(-0.491049 -0.0546348 0)
(-0.369979 0.0561307 0)
(-0.271225 0.135953 0)
(-1.0074 -0.617148 0)
(-0.939934 -0.545834 0)
(-0.854391 -0.370995 0)
(-0.788427 -0.189155 0)
(-1.09512 -0.462061 0)
(-1.17977 -0.316891 0)
(-1.22377 -0.220379 0)
(-1.24996 -0.109048 0)
(-0.999371 -0.428259 0)
(-1.04318 -0.215221 0)
(-1.03209 -0.133203 0)
(-1.01076 -0.0984145 0)
(-0.918367 -0.44499 0)
(-0.897174 -0.387282 0)
(-0.826846 -0.313044 0)
(-0.775253 -0.286311 0)
(-0.815319 -0.450751 0)
(-0.791085 -0.417351 0)
(-0.760421 -0.387387 0)
(-0.723042 -0.362156 0)
(-0.728137 -0.466891 0)
(-0.707795 -0.45159 0)
(-0.680517 -0.430856 0)
(-0.645377 -0.411703 0)
(-0.595208 -0.504845 0)
(-0.657686 -0.500596 0)
(-0.634292 -0.488234 0)
(-0.574564 -0.468569 0)
(0.0155923 -0.250575 0)
(-0.0703829 -0.409535 0)
(-0.15754 -0.553622 0)
(-0.249967 -0.592015 0)
(0.358108 -0.0792421 0)
(0.299096 -0.146555 0)
(0.227523 -0.216925 0)
(0.154789 -0.285209 0)
(0.517555 -0.0163614 0)
(0.48661 -0.0642032 0)
(0.447892 -0.117243 0)
(0.40377 -0.174742 0)
(0.580509 0.0216028 0)
(0.564806 -0.012383 0)
(0.543981 -0.0531161 0)
(0.517818 -0.102024 0)
(0.59082 0.038553 0)
(0.583602 0.0137073 0)
(0.57278 -0.0172819 0)
(0.557548 -0.056266 0)
(0.575579 0.0440864 0)
(0.57324 0.0257086 0)
(0.5683 0.00210961 0)
(0.5599 -0.0283407 0)
(0.54853 0.0429154 0)
(0.549137 0.0291254 0)
(0.547854 0.0109991 0)
(0.543936 -0.0127417 0)
(0.516379 0.0376936 0)
(0.518821 0.0271736 0)
(0.519871 0.0131085 0)
(0.518923 -0.00549445 0)
(0.482365 0.0299187 0)
(0.485949 0.021775 0)
(0.488487 0.0107607 0)
(0.48949 -0.00390083 0)
(0.448065 0.0205952 0)
(0.452326 0.0142261 0)
(0.455784 0.00553921 0)
(0.458039 -0.00606411 0)
(0.414227 0.0104733 0)
(0.418841 0.00544697 0)
(0.422823 -0.00143496 0)
(0.425848 -0.0106287 0)
(0.381198 6.92451e-05 0)
(0.385936 -0.0039313 0)
(0.390165 -0.00938567 0)
(0.393624 -0.0166482 0)
(0.349139 -0.0102818 0)
(0.353839 -0.0134834 0)
(0.358122 -0.0177887 0)
(0.36178 -0.0234784 0)
(0.318132 -0.0203497 0)
(0.322678 -0.0229127 0)
(0.326878 -0.0262817 0)
(0.330568 -0.0306786 0)
(0.288217 -0.0299519 0)
(0.292525 -0.0319977 0)
(0.296546 -0.034604 0)
(0.300152 -0.0379391 0)
(0.259419 -0.0389419 0)
(0.263427 -0.0405745 0)
(0.267207 -0.0425674 0)
(0.270649 -0.0450394 0)
(0.231766 -0.0472118 0)
(0.235435 -0.0485283 0)
(0.238929 -0.0500408 0)
(0.242156 -0.0518255 0)
(0.205306 -0.0546935 0)
(0.208612 -0.0557864 0)
(0.211795 -0.0569399 0)
(0.214774 -0.0581956 0)
(0.180107 -0.0613532 0)
(0.18304 -0.0623105 0)
(0.185899 -0.0632172 0)
(0.188614 -0.0640885 0)
(0.156259 -0.0671844 0)
(0.158818 -0.0680879 0)
(0.161349 -0.0688522 0)
(0.163794 -0.0694726 0)
(0.133852 -0.0722012 0)
(0.136046 -0.0731254 0)
(0.138254 -0.0738444 0)
(0.14043 -0.0743372 0)
(0.11296 -0.0764333 0)
(0.114805 -0.0774447 0)
(0.116699 -0.0782067 0)
(0.118611 -0.078685 0)
(0.0936152 -0.0799222 0)
(0.0951286 -0.0810767 0)
(0.0967221 -0.0819591 0)
(0.0983745 -0.0825232 0)
(0.075791 -0.0827156 0)
(0.0769936 -0.0840559 0)
(0.0782973 -0.085121 0)
(0.0796918 -0.0858545 0)
(0.0593997 -0.0848608 0)
(0.0603094 -0.0864126 0)
(0.0613304 -0.0877021 0)
(0.0624607 -0.0886655 0)
(0.0443052 -0.0863993 0)
(0.0449391 -0.0881661 0)
(0.0456809 -0.0896946 0)
(0.0465343 -0.0909171 0)
(0.0303579 -0.0873776 0)
(0.030738 -0.0893336 0)
(0.0312087 -0.0910825 0)
(0.0317739 -0.0925566 0)
(0.017449 -0.0879329 0)
(0.0176061 -0.0900286 0)
(0.0178206 -0.0919431 0)
(0.0180974 -0.0936113 0)
(0.00548319 -0.0879212 0)
(0.00550006 -0.0900918 0)
(0.00553462 -0.0920911 0)
(0.00558859 -0.0938571 0)
(-0.326843 0.908517 0)
(-0.293297 0.63264 0)
(-0.248421 0.397628 0)
(-0.224907 0.212137 0)
(-0.138248 0.013971 0)
(-0.0406032 -0.145467 0)
(-0.0288033 -0.171089 0)
(-0.0154704 -0.135569 0)
(-0.0195613 -0.0724206 0)
(0.0306847 -0.203871 0)
(0.0528816 -0.40883 0)
(0.129775 -0.397988 0)
(0.229328 -0.233476 0)
(0.336312 0.0171663 0)
(0.297309 0.0705162 0)
(0.196948 -0.117642 0)
(0.226998 -0.243066 0)
(0.34586 -0.104152 0)
(0.304686 0.00205842 0)
(-0.35615 0.840816 0)
(-0.205249 0.555659 0)
(-0.0902672 0.344889 0)
(0.0258044 0.126179 0)
(0.106645 -0.0608574 0)
(0.104152 -0.163222 0)
(0.0461108 -0.159245 0)
(0.000863214 -0.115617 0)
(-0.0337969 -0.0830788 0)
(0.0516664 -0.245054 0)
(0.0820155 -0.459027 0)
(0.123571 -0.470308 0)
(0.170674 -0.296909 0)
(0.228343 0.0450234 0)
(0.126264 0.142648 0)
(0.00597605 -0.119653 0)
(-0.00664031 -0.290985 0)
(0.0865303 -0.149388 0)
(0.262422 0.175644 0)
(-0.257941 0.647393 0)
(-0.0464126 0.39588 0)
(0.0906579 0.213955 0)
(0.176046 0.0677694 0)
(0.173484 -0.047117 0)
(0.0815035 -0.0965039 0)
(-0.0219697 -0.0799241 0)
(-0.08012 -0.061561 0)
(-0.100542 -0.106217 0)
(-0.012943 -0.324133 0)
(0.0643511 -0.502109 0)
(0.0906765 -0.51558 0)
(0.147866 -0.34142 0)
(0.140434 0.148048 0)
(-0.00893909 0.248811 0)
(-0.154798 -0.0640397 0)
(-0.287223 -0.315301 0)
(-0.255921 -0.232131 0)
(0.138151 0.274532 0)
(-0.132543 0.425473 0)
(0.0607482 0.2593 0)
(0.141941 0.140134 0)
(0.135312 0.0793032 0)
(0.021329 0.0421053 0)
(-0.178041 -0.0251883 0)
(-0.200442 -0.0344964 0)
(-0.192004 -0.0496126 0)
(-0.152257 -0.172213 0)
(-0.0603326 -0.396289 0)
(0.0325843 -0.555694 0)
(0.0589392 -0.550362 0)
(0.123483 -0.34495 0)
(0.0977614 0.211023 0)
(-0.0261791 0.370987 0)
(-0.197011 0.0449966 0)
(-0.492939 -0.330651 0)
(-0.533273 -0.376048 0)
(-0.0913271 0.0803041 0)
(-0.0911281 0.274779 0)
(0.0455228 0.185689 0)
(0.0170978 0.155291 0)
(-0.214274 0.224369 0)
(-0.435966 0.142191 0)
(-0.3477 0.000572042 0)
(-0.299858 -0.0342593 0)
(-0.24415 -0.0968513 0)
(-0.160604 -0.250751 0)
(-0.0587034 -0.479739 0)
(0.0192611 -0.611041 0)
(0.0288591 -0.563938 0)
(0.0557691 -0.33103 0)
(0.057266 0.165091 0)
(0.0320913 0.488342 0)
(-0.099783 0.253224 0)
(-0.403825 0.163447 0)
(-0.726038 -0.583177 0)
(-0.207893 -0.382499 0)
(-0.1377 0.203349 0)
(-0.153195 0.192706 0)
(-0.550077 0.35695 0)
(-0.606524 0.347802 0)
(-0.479519 0.0500802 0)
(-0.396578 -0.0547423 0)
(-0.324146 -0.101476 0)
(-0.237731 -0.165214 0)
(-0.116773 -0.324062 0)
(-0.00151124 -0.560702 0)
(0.036444 -0.636317 0)
(-0.00925223 -0.560027 0)
(-0.0481364 -0.318866 0)
(-0.0337432 0.141296 0)
(0.0124896 0.541988 0)
(-0.0694755 0.396317 0)
(-0.407596 0.604308 0)
(-0.799623 -0.623926 0)
(-0.130975 -0.934358 0)
(-0.764397 0.0789439 0)
(-0.92273 0.455054 0)
(-0.812405 0.524869 0)
(-0.534726 0.187498 0)
(-0.434019 -0.0200446 0)
(-0.377057 -0.102654 0)
(-0.302128 -0.155321 0)
(-0.179871 -0.253839 0)
(0.0180246 -0.433605 0)
(0.111111 -0.628836 0)
(0.0966334 -0.632056 0)
(-0.0789043 -0.50245 0)
(-0.202758 -0.292502 0)
(-0.163924 0.151017 0)
(-0.12521 0.536854 0)
(-0.166692 0.52137 0)
(-0.610555 0.905911 0)
(-0.753701 -0.553839 0)
(0.0109455 -1.41392 0)
(-1.20884 0.0898155 0)
(-1.01711 0.307681 0)
(-0.600407 0.240334 0)
(-0.426604 0.034679 0)
(-0.34789 -0.084788 0)
(-0.28728 -0.172989 0)
(-0.170613 -0.263538 0)
(0.00879218 -0.432749 0)
(0.158265 -0.598776 0)
(0.180069 -0.655304 0)
(0.16524 -0.569427 0)
(0.0759868 -0.241775 0)
(-0.376925 -0.275128 0)
(-0.244203 0.175962 0)
(-0.23985 0.509113 0)
(-0.253307 0.705677 0)
(-0.563308 1.19629 0)
(-0.388637 -0.976199 0)
(0.0207927 -1.68496 0)
(-0.95109 0.00516925 0)
(-0.689104 0.0720326 0)
(-0.447771 0.0198165 0)
(-0.315486 -0.0675204 0)
(-0.195928 -0.176378 0)
(-0.0627118 -0.29613 0)
(0.0901261 -0.461585 0)
(0.173584 -0.573549 0)
(0.186213 -0.617617 0)
(0.190217 -0.639592 0)
(0.0897535 -0.39581 0)
(-0.0963743 -0.0868514 0)
(-0.202964 -0.0687878 0)
(-0.227697 0.160111 0)
(-0.198975 0.468387 0)
(-0.147993 0.684945 0)
(-0.214206 1.18302 0)
(-0.239643 -1.04944 0)
(0.0010389 -1.86334 0)
(-0.695838 -0.240454 0)
(-0.529758 -0.203374 0)
(-0.366224 -0.192705 0)
(-0.226372 -0.213782 0)
(-0.106263 -0.344609 0)
(0.00115466 -0.440298 0)
(0.0716509 -0.521156 0)
(0.117633 -0.581178 0)
(0.148362 -0.613624 0)
(0.131335 -0.562958 0)
(-0.149763 -0.205301 0)
(-0.231731 -0.0669332 0)
(-0.215034 -0.0589293 0)
(-0.220095 0.151373 0)
(-0.189808 0.430533 0)
(-0.152128 0.670259 0)
(-0.15691 1.05798 0)
(-0.186498 -1.03002 0)
(-0.016325 -1.99768 0)
(-0.641869 -0.332422 0)
(-0.500821 -0.320024 0)
(-0.372145 -0.325667 0)
(-0.244757 -0.356985 0)
(-0.142266 -0.418812 0)
(-0.0658162 -0.479935 0)
(-0.00551138 -0.541714 0)
(0.040936 -0.591142 0)
(0.0726459 -0.601369 0)
(-0.00160866 -0.412371 0)
(-0.33013 -0.0675656 0)
(-0.310365 -0.102298 0)
(-0.300569 -0.0514949 0)
(-0.282135 0.157908 0)
(-0.248528 0.417474 0)
(-0.265999 0.701826 0)
(-0.267885 1.02693 0)
(-0.0811361 -1.04372 0)
(-0.0329695 -2.09127 0)
(-0.576502 -0.397016 0)
(-0.473976 -0.394175 0)
(-0.370505 -0.399805 0)
(-0.268001 -0.427037 0)
(-0.179014 -0.469828 0)
(-0.106666 -0.514384 0)
(-0.0489455 -0.56445 0)
(-0.0087615 -0.604992 0)
(-0.0268014 -0.593044 0)
(-0.373736 -0.125601 0)
(-0.42249 -0.0106441 0)
(-0.413675 -0.0969039 0)
(-0.442546 -0.0647994 0)
(-0.435647 0.160266 0)
(-0.4118 0.446537 0)
(-0.442261 0.768361 0)
(-0.355694 0.823362 0)
(0.0676972 -1.07765 0)
(-0.0447368 -2.12658 0)
(-0.517747 -0.454101 0)
(-0.443615 -0.447688 0)
(-0.357157 -0.454045 0)
(-0.269636 -0.480003 0)
(-0.19446 -0.516358 0)
(-0.124411 -0.560047 0)
(-0.0614551 -0.606525 0)
(-0.0624549 -0.620445 0)
(-0.4027 -0.288481 0)
(-0.471725 -0.0716915 0)
(-0.465418 -0.0227902 0)
(-0.472594 -0.0624956 0)
(-0.581293 -0.058488 0)
(-0.667344 0.129792 0)
(-0.68862 0.430931 0)
(-0.662826 0.79616 0)
(-0.275119 0.375736 0)
(0.175211 -1.13018 0)
(-0.0547194 -2.10612 0)
(-0.442644 -0.515703 0)
(-0.414607 -0.500679 0)
(-0.336336 -0.50961 0)
(-0.253654 -0.534798 0)
(-0.188721 -0.573485 0)
(-0.166049 -0.633601 0)
(-0.258382 -0.63768 0)
(-0.377164 -0.426517 0)
(-0.482329 -0.189265 0)
(-0.508079 -0.0603947 0)
(-0.528658 -0.00540109 0)
(-0.60622 0.0268863 0)
(-0.740546 0.0720349 0)
(-0.849822 0.208467 0)
(-0.823632 0.418343 0)
(-0.592855 0.467855 0)
(-0.123438 -0.119031 0)
(0.202511 -1.1455 0)
(-0.0613053 -2.06322 0)
(0.0545799 -0.408915 0)
(-0.019305 -0.61282 0)
(-0.0955481 -0.686703 0)
(-0.151328 -0.692646 0)
(-0.190385 -0.677183 0)
(-0.24012 -0.61252 0)
(-0.317654 -0.502916 0)
(-0.402422 -0.336404 0)
(-0.454824 -0.159679 0)
(-0.483077 -0.0363249 0)
(-0.519881 0.0498672 0)
(-0.591122 0.113551 0)
(-0.680737 0.162683 0)
(-0.717284 0.228995 0)
(-0.612887 0.259306 0)
(-0.333288 0.0902163 0)
(0.012675 -0.431128 0)
(0.214829 -1.15219 0)
(-0.039201 -1.98568 0)
(0.328338 -0.275174 0)
(0.223724 -0.414325 0)
(0.110379 -0.493419 0)
(0.0111143 -0.528461 0)
(-0.0760376 -0.534966 0)
(-0.163692 -0.501604 0)
(-0.250345 -0.419496 0)
(-0.320503 -0.286265 0)
(-0.360997 -0.135645 0)
(-0.382875 -0.00712484 0)
(-0.408062 0.0911654 0)
(-0.443826 0.156697 0)
(-0.470996 0.185699 0)
(-0.443524 0.179455 0)
(-0.313506 0.0945282 0)
(-0.092787 -0.152354 0)
(0.107328 -0.601586 0)
(0.223202 -1.15125 0)
(0.0224143 -1.8831 0)
(0.465179 -0.192597 0)
(0.371968 -0.310497 0)
(0.263193 -0.389552 0)
(0.156796 -0.432171 0)
(0.055682 -0.444283 0)
(-0.0420825 -0.41868 0)
(-0.130096 -0.34955 0)
(-0.196792 -0.239744 0)
(-0.233939 -0.112078 0)
(-0.249436 0.00687483 0)
(-0.256637 0.102618 0)
(-0.258 0.160011 0)
(-0.242705 0.164817 0)
(-0.187666 0.108113 0)
(-0.0781294 -0.0348996 0)
(0.0640078 -0.298351 0)
(0.167225 -0.68715 0)
(0.216025 -1.13648 0)
(0.089855 -1.72348 0)
(0.523039 -0.131277 0)
(0.452455 -0.229326 0)
(0.363399 -0.300758 0)
(0.268389 -0.342728 0)
(0.172821 -0.356189 0)
(0.0797744 -0.336678 0)
(-0.00306611 -0.281273 0)
(-0.0660085 -0.193922 0)
(-0.103036 -0.0897775 0)
(-0.115561 0.0120089 0)
(-0.111333 0.0953231 0)
(-0.0932229 0.140076 0)
(-0.0594609 0.126378 0)
(-0.00379986 0.0425343 0)
(0.073305 -0.123112 0)
(0.153212 -0.380451 0)
(0.195844 -0.721268 0)
(0.198834 -1.10627 0)
(0.0972387 -1.58707 0)
(0.538468 -0.0880669 0)
(0.488972 -0.167051 0)
(0.42164 -0.227067 0)
(0.344641 -0.263853 0)
(0.263449 -0.276174 0)
(0.182679 -0.261303 0)
(0.109577 -0.218073 0)
(0.0524474 -0.150057 0)
(0.016798 -0.0676451 0)
(0.0036441 0.0144204 0)
(0.0103596 0.0811348 0)
(0.0330585 0.112241 0)
(0.0682086 0.0870653 0)
(0.112541 -0.00698764 0)
(0.160215 -0.175258 0)
(0.197859 -0.417476 0)
(0.202526 -0.72101 0)
(0.178337 -1.05721 0)
(0.0836753 -1.46256 0)
(0.531629 -0.0597878 0)
(0.498561 -0.122277 0)
(0.449912 -0.17051 0)
(0.390952 -0.200221 0)
(0.326289 -0.209698 0)
(0.260406 -0.197356 0)
(0.199317 -0.163069 0)
(0.149709 -0.110005 0)
(0.116699 -0.045807 0)
(0.102052 0.0181514 0)
(0.105473 0.0685918 0)
(0.123506 0.0874109 0)
(0.150624 0.0557561 0)
(0.179909 -0.0388664 0)
(0.20391 -0.200293 0)
(0.212411 -0.424579 0)
(0.191857 -0.698109 0)
(0.149006 -0.996827 0)
(0.058915 -1.35819 0)
(0.512892 -0.0425807 0)
(0.491838 -0.0915901 0)
(0.457793 -0.129243 0)
(0.414257 -0.15177 0)
(0.364839 -0.157602 0)
(0.313268 -0.145989 0)
(0.264218 -0.117521 0)
(0.222784 -0.0751061 0)
(0.193186 -0.0247237 0)
(0.177465 0.0246805 0)
(0.17575 0.061641 0)
(0.185462 0.0709717 0)
(0.201101 0.0362844 0)
(0.215153 -0.0542884 0)
(0.219745 -0.204634 0)
(0.206298 -0.410178 0)
(0.166483 -0.657962 0)
(0.105481 -0.92899 0)
(0.0229026 -1.28588 0)
(0.487737 -0.033174 0)
(0.475233 -0.0713577 0)
(0.452116 -0.100011 0)
(0.420777 -0.115992 0)
(0.383972 -0.11807 0)
(0.344622 -0.106058 0)
(0.30622 -0.0809964 0)
(0.272488 -0.0456438 0)
(0.246608 -0.00493669 0)
(0.230414 0.03387 0)
(0.22403 0.0610655 0)
(0.225441 0.0640252 0)
(0.229838 0.0288472 0)
(0.230245 -0.0552556 0)
(0.218872 -0.192281 0)
(0.187757 -0.378054 0)
(0.131489 -0.60147 0)
(0.0490469 -0.854756 0)
(-0.0125005 -1.25702 0)
(0.459158 -0.029154 0)
(0.452647 -0.0586466 0)
(0.437507 -0.0798001 0)
(0.415411 -0.0900781 0)
(0.388444 -0.0885989 0)
(0.358835 -0.0755429 0)
(0.329148 -0.0522002 0)
(0.302034 -0.0212048 0)
(0.279763 0.0132038 0)
(0.263719 0.0449576 0)
(0.253965 0.0658475 0)
(0.248777 0.0653169 0)
(0.244095 0.0317142 0)
(0.233733 -0.0443791 0)
(0.210265 -0.166603 0)
(0.166088 -0.331175 0)
(0.0975686 -0.53077 0)
(-0.00828615 -0.779336 0)
(-0.0201698 -1.27433 0)
(0.428848 -0.0287974 0)
(0.426479 -0.0512657 0)
(0.417067 -0.0661971 0)
(0.401806 -0.0715837 0)
(0.382266 -0.0668398 0)
(0.360134 -0.0523846 0)
(0.337278 -0.0296267 0)
(0.315571 -0.00106526 0)
(0.296589 0.0295573 0)
(0.281276 0.0570156 0)
(0.26959 0.0743188 0)
(0.260051 0.0725926 0)
(0.249252 0.0420972 0)
(0.231853 -0.0251217 0)
(0.201289 -0.132061 0)
(0.151183 -0.275657 0)
(0.0802651 -0.455055 0)
(-0.0337455 -0.726237 0)
(-0.000734016 -1.30411 0)
(0.397812 -0.0308803 0)
(0.398246 -0.0476134 0)
(0.392898 -0.0573682 0)
(0.382622 -0.0585697 0)
(0.368603 -0.0508681 0)
(0.352114 -0.0348367 0)
(0.334525 -0.0119263 0)
(0.31717 0.0155029 0)
(0.301137 0.0440698 0)
(0.287051 0.0691846 0)
(0.274789 0.08481 0)
(0.263093 0.0834178 0)
(0.24916 0.0568458 0)
(0.228596 -0.00156266 0)
(0.196182 -0.0944139 0)
(0.147949 -0.220293 0)
(0.0861475 -0.38615 0)
(-0.0206476 -0.683051 0)
(0.0156651 -1.31902 0)
(0.366667 -0.0345344 0)
(0.368943 -0.0465398 0)
(0.366454 -0.0519648 0)
(0.359796 -0.0495773 0)
(0.349873 -0.0392155 0)
(0.337647 -0.0215539 0)
(0.324145 0.00195505 0)
(0.310336 0.0290709 0)
(0.296996 0.056692 0)
(0.28455 0.0807144 0)
(0.272843 0.0958433 0)
(0.260831 0.0956089 0)
(0.246253 0.0730891 0)
(0.225626 0.0225979 0)
(0.195019 -0.0585514 0)
(0.152411 -0.171235 0)
(0.101987 -0.328462 0)
(0.00614226 -0.615751 0)
(0.0326436 -1.3228 0)
(0.335805 -0.0391439 0)
(0.339246 -0.0472295 0)
(0.338759 -0.0490169 0)
(0.334744 -0.0435476 0)
(0.327893 -0.0308145 0)
(0.318946 -0.0115627 0)
(0.308692 0.012768 0)
(0.297868 0.0400314 0)
(0.287061 0.067346 0)
(0.276585 0.0909822 0)
(0.266296 0.106229 0)
(0.255342 0.107449 0)
(0.241908 0.0886773 0)
(0.223228 0.0449068 0)
(0.196315 -0.0268834 0)
(0.159743 -0.129949 0)
(0.116881 -0.281573 0)
(0.0374498 -0.567572 0)
(0.052118 -1.30131 0)
(0.305486 -0.044274 0)
(0.309629 -0.0491087 0)
(0.310548 -0.0478392 0)
(0.308494 -0.0397332 0)
(0.304005 -0.0249158 0)
(0.29766 -0.00418803 0)
(0.290088 0.0210185 0)
(0.281878 0.0486326 0)
(0.273511 0.0759414 0)
(0.265249 0.0995096 0)
(0.256986 0.115093 0)
(0.248038 0.117722 0)
(0.236941 0.102195 0)
(0.221471 0.06401 0)
(0.199286 -0.000209449 0)
(0.169149 -0.0955691 0)
(0.13297 -0.242027 0)
(0.0667636 -0.524809 0)
(0.0714517 -1.25732 0)
(0.275897 -0.0496238 0)
(0.280437 -0.0517782 0)
(0.282351 -0.0479563 0)
(0.281794 -0.0376192 0)
(0.279186 -0.021008 0)
(0.274989 0.00102435 0)
(0.269721 0.0270431 0)
(0.263882 0.0550326 0)
(0.257892 0.0824086 0)
(0.251996 0.105971 0)
(0.246138 0.121858 0)
(0.239784 0.125646 0)
(0.231756 0.112752 0)
(0.220269 0.0790726 0)
(0.203439 0.0209651 0)
(0.180103 -0.0678119 0)
(0.150839 -0.208267 0)
(0.0940919 -0.481951 0)
(0.0903252 -1.19233 0)
(0.247193 -0.0549911 0)
(0.251929 -0.0549655 0)
(0.254563 -0.0490449 0)
(0.25519 -0.0368577 0)
(0.254139 -0.0187484 0)
(0.251786 0.00437706 0)
(0.248568 0.0310691 0)
(0.244925 0.0593463 0)
(0.241242 0.0867229 0)
(0.237767 0.110189 0)
(0.234496 0.126202 0)
(0.231026 0.130791 0)
(0.226415 0.119876 0)
(0.219232 0.0896756 0)
(0.207966 0.0364019 0)
(0.191466 -0.0467114 0)
(0.168993 -0.180319 0)
(0.119763 -0.43956 0)
(0.107566 -1.10533 0)
(0.219518 -0.0602444 0)
(0.224318 -0.0584888 0)
(0.227489 -0.0508893 0)
(0.229092 -0.037217 0)
(0.229378 -0.0179073 0)
(0.228659 0.00607726 0)
(0.227306 0.0332618 0)
(0.225711 0.0616789 0)
(0.224238 0.0889153 0)
(0.223143 0.112118 0)
(0.22247 0.128013 0)
(0.221923 0.133011 0)
(0.220762 0.123442 0)
(0.217833 0.0957837 0)
(0.211944 0.0462113 0)
(0.201944 -0.0321151 0)
(0.186252 -0.15811 0)
(0.145046 -0.397484 0)
(0.120945 -0.997106 0)
(0.193017 -0.0653003 0)
(0.197795 -0.062229 0)
(0.201381 -0.0533473 0)
(0.203818 -0.0385422 0)
(0.205293 -0.0183276 0)
(0.206054 0.0062764 0)
(0.206413 0.0337598 0)
(0.206718 0.0621492 0)
(0.207314 0.0890795 0)
(0.208466 0.111826 0)
(0.210262 0.127348 0)
(0.212486 0.132386 0)
(0.214537 0.123611 0)
(0.215469 0.0976998 0)
(0.214301 0.0508258 0)
(0.20999 -0.0236145 0)
(0.200298 -0.141888 0)
(0.171637 -0.354632 0)
(0.131942 -0.877449 0)
(0.167831 -0.0701076 0)
(0.172529 -0.0661091 0)
(0.176452 -0.0563249 0)
(0.179627 -0.0407288 0)
(0.182185 -0.0198969 0)
(0.184309 0.00509478 0)
(0.186245 0.0326942 0)
(0.188289 0.0609011 0)
(0.190765 0.0873717 0)
(0.193952 0.109484 0)
(0.197975 0.124405 0)
(0.202672 0.129184 0)
(0.207501 0.120797 0)
(0.211579 0.0961022 0)
(0.213946 0.0512839 0)
(0.213367 -0.0198169 0)
(0.206555 -0.130496 0)
(0.186835 -0.315236 0)
(0.14037 -0.736795 0)
(0.144091 -0.0746358 0)
(0.14867 -0.0700787 0)
(0.152873 -0.0597591 0)
(0.156721 -0.0437048 0)
(0.160288 -0.0225329 0)
(0.163686 0.00263326 0)
(0.167077 0.030195 0)
(0.170688 0.0581036 0)
(0.174815 0.084 0)
(0.179761 0.105337 0)
(0.185698 0.11948 0)
(0.192488 0.123797 0)
(0.199564 0.115598 0)
(0.205934 0.0919793 0)
(0.210397 0.0492659 0)
(0.211084 -0.0180565 0)
(0.20309 -0.119891 0)
(0.182792 -0.277815 0)
(0.138376 -0.593952 0)
(0.121893 -0.0788666 0)
(0.12632 -0.0741019 0)
(0.130759 -0.0636047 0)
(0.135231 -0.0474199 0)
(0.139758 -0.0261759 0)
(0.144367 -0.00102509 0)
(0.149113 0.0263881 0)
(0.154122 0.0539425 0)
(0.159649 0.079209 0)
(0.166042 0.099677 0)
(0.173548 0.112904 0)
(0.182034 0.116645 0)
(0.190847 0.108608 0)
(0.198812 0.0862927 0)
(0.204305 0.0463761 0)
(0.204826 -0.015724 0)
(0.194288 -0.106367 0)
(0.170194 -0.235887 0)
(0.127672 -0.466382 0)
(0.101275 -0.0827839 0)
(0.105512 -0.0781443 0)
(0.110132 -0.0678211 0)
(0.115175 -0.0518363 0)
(0.120626 -0.0307875 0)
(0.126416 -0.00582175 0)
(0.132457 0.0213805 0)
(0.138722 0.0486017 0)
(0.145407 0.0732556 0)
(0.152939 0.0927994 0)
(0.161675 0.104979 0)
(0.171484 0.108076 0)
(0.181594 0.100308 0)
(0.190724 0.0796264 0)
(0.197082 0.043313 0)
(0.19753 -0.0121563 0)
(0.185738 -0.089665 0)
(0.158508 -0.189945 0)
(0.118343 -0.350896 0)
(0.0821988 -0.0863615 0)
(0.0861774 -0.0821543 0)
(0.0908859 -0.072352 0)
(0.096414 -0.0569119 0)
(0.102738 -0.0363462 0)
(0.109704 -0.0117366 0)
(0.117038 0.0152361 0)
(0.124474 0.0422341 0)
(0.132124 0.0663625 0)
(0.140558 0.0849738 0)
(0.150214 0.0960387 0)
(0.160885 0.0985303 0)
(0.171853 0.0910635 0)
(0.182021 0.0721136 0)
(0.189781 0.0396495 0)
(0.19177 -0.00897062 0)
(0.181767 -0.0716129 0)
(0.153247 -0.142735 0)
(0.114944 -0.243315 0)
(0.0645444 -0.0895461 0)
(0.0681493 -0.0860367 0)
(0.0727748 -0.0770888 0)
(0.0786051 -0.0625627 0)
(0.0856731 -0.0428213 0)
(0.0937871 -0.018785 0)
(0.102469 0.00796447 0)
(0.111051 0.0349768 0)
(0.119508 0.0587551 0)
(0.128626 0.0764593 0)
(0.138817 0.0865561 0)
(0.149767 0.0884321 0)
(0.161069 0.0810306 0)
(0.172198 0.0631984 0)
(0.182395 0.033413 0)
(0.188348 -0.00812706 0)
(0.181445 -0.0537279 0)
(0.15504 -0.0956323 0)
(0.120032 -0.140155 0)
(0.0481483 -0.0922438 0)
(0.0512002 -0.0896229 0)
(0.0554516 -0.0818183 0)
(0.0612207 -0.0685911 0)
(0.0686942 -0.0501032 0)
(0.0777836 -0.0269768 0)
(0.087875 -0.000467694 0)
(0.0976719 0.0270138 0)
(0.106871 0.0507901 0)
(0.116467 0.0675787 0)
(0.126965 0.0769664 0)
(0.137647 0.0783817 0)
(0.148238 0.0707693 0)
(0.159157 0.0527867 0)
(0.17116 0.0238555 0)
(0.181479 -0.0114122 0)
(0.180357 -0.0402664 0)
(0.165234 -0.0498728 0)
(0.137665 -0.031912 0)
(0.0328684 -0.0943378 0)
(0.0351458 -0.09267 0)
(0.0386087 -0.0861742 0)
(0.0436993 -0.0745711 0)
(0.0508463 -0.0578439 0)
(0.060315 -0.0362101 0)
(0.0716934 -0.0102098 0)
(0.0828858 0.0183258 0)
(0.0933645 0.0424516 0)
(0.103607 0.0583058 0)
(0.11448 0.0675135 0)
(0.124396 0.0692559 0)
(0.132847 0.061738 0)
(0.14088 0.0427359 0)
(0.151296 0.0118686 0)
(0.163685 -0.0208257 0)
(0.171982 -0.0358764 0)
(0.186927 -0.0102838 0)
(0.172273 0.120145 0)
(0.0186596 -0.0957516 0)
(0.0199922 -0.0948988 0)
(0.0222251 -0.0896231 0)
(0.0258135 -0.0797127 0)
(0.0313655 -0.0651508 0)
(0.0396771 -0.0459471 0)
(0.051212 -0.0217939 0)
(0.0634783 0.00742196 0)
(0.0782625 0.0308172 0)
(0.090522 0.0463337 0)
(0.102491 0.0572163 0)
(0.111488 0.0615392 0)
(0.116544 0.0564856 0)
(0.118495 0.0384234 0)
(0.122228 0.00411452 0)
(0.127312 -0.0346362 0)
(0.14418 -0.0559036 0)
(0.220323 -0.0179692 0)
(0.233652 0.263278 0)
(0.00570838 -0.0961738 0)
(0.00607449 -0.0958073 0)
(0.00680409 -0.0913463 0)
(0.00813613 -0.0827405 0)
(0.0104766 -0.0702651 0)
(0.0146366 -0.0544454 0)
(0.0220469 -0.0354806 0)
(0.0308848 -0.0112252 0)
(0.0625038 0.0114267 0)
(0.0805098 0.0287532 0)
(0.0945683 0.0448772 0)
(0.103105 0.0550744 0)
(0.105014 0.0564948 0)
(0.0996736 0.0453604 0)
(0.0916209 0.0115353 0)
(0.0564388 -0.0434669 0)
(0.0685189 -0.117408 0)
(0.147776 -0.157207 0)
(0.305812 0.579592 0)
)
;

boundaryField
{
    leftWall
    {
        type            noSlip;
    }
    rightWall
    {
        type            noSlip;
    }
    lowerWall
    {
        type            noSlip;
    }
    atmosphere
    {
        type            pressureInletOutletVelocity;
        value           nonuniform List<vector> 
46
(
(-0.000905309 0.0919077 0)
(0.000575137 0.0834506 0)
(0.00214392 0.0770727 0)
(0.00368975 0.0711186 0)
(0.0051992 0.0650821 0)
(0.00662524 0.0588353 0)
(0.00793214 0.0523337 0)
(0.0090774 0.0455486 0)
(0.0100019 0.0384521 0)
(0.0106169 0.0310107 0)
(0.0107948 0.0231744 0)
(0.0104296 0.0148098 0)
(0.0096737 0.00532503 0)
(0 -0.00390956 0)
(0 -0.0129664 0)
(0 -0.0227537 0)
(0 -0.0326978 0)
(0 -0.0425872 0)
(0 -0.0522598 0)
(0 -0.0615226 0)
(0 -0.0701361 0)
(0 -0.0778178 0)
(0 -0.0842668 0)
(0 -0.0879212 0)
(0 -0.0900918 0)
(0 -0.0920911 0)
(0 -0.0938571 0)
(0 -0.0961738 0)
(0 -0.0958073 0)
(0 -0.0913463 0)
(0 -0.0827405 0)
(0 -0.0702651 0)
(0 -0.0544454 0)
(0 -0.0354806 0)
(0 -0.0112252 0)
(0.0625038 0.0114267 0)
(0.0805098 0.0287532 0)
(0.0945683 0.0448772 0)
(0.103105 0.0550744 0)
(0.105014 0.0564948 0)
(0.0996736 0.0453604 0)
(0.0916209 0.0115353 0)
(0 -0.0434669 0)
(0 -0.117408 0)
(0 -0.157207 0)
(0.305812 0.579592 0)
)
;
    }
    defaultFaces
    {
        type            empty;
    }
}


// ************************************************************************* //
