/*--------------------------------*- C++ -*----------------------------------*\
| =========                 |                                                 |
| \\      /  F ield         | OpenFOAM: The Open Source CFD Toolbox           |
|  \\    /   O peration     | Version:  v2012                                 |
|   \\  /    A nd           | Website:  www.openfoam.com                      |
|    \\/     M anipulation  |                                                 |
\*---------------------------------------------------------------------------*/
FoamFile
{
    version     2.0;
    format      ascii;
    class       surfaceScalarField;
    location    "0.6";
    object      phi;
}
// * * * * * * * * * * * * * * * * * * * * * * * * * * * * * * * * * * * * * //

dimensions      [0 3 -1 0 0 0 0];
oriented        oriented;


internalField   nonuniform List<scalar> 
4432
(
-4.91032e-06
4.91032e-06
-7.17882e-06
2.26849e-06
-6.3915e-06
-7.87323e-07
-4.47266e-06
-1.91884e-06
-2.38369e-06
-2.08897e-06
-4.88893e-07
-1.8948e-06
1.11664e-06
-1.60553e-06
2.41749e-06
-1.30085e-06
3.46023e-06
-1.04273e-06
4.30208e-06
-8.41857e-07
4.98965e-06
-6.87565e-07
5.54442e-06
-5.54761e-07
5.96887e-06
-4.24462e-07
6.24475e-06
-2.75868e-07
6.28904e-06
-4.42938e-08
5.92062e-06
3.68425e-07
4.8887e-06
1.03192e-06
2.89763e-06
1.99107e-06
-1.73515e-07
3.07115e-06
-4.68032e-06
4.5068e-06
-9.0066e-06
4.32629e-06
-9.50045e-06
4.93847e-07
-9.50045e-06
-3.88938e-06
8.7997e-06
-4.3411e-06
2.72021e-06
-3.31262e-06
-1.81581e-06
-1.70669e-06
-3.52477e-06
-4.4435e-09
-3.79121e-06
1.55659e-06
-3.45583e-06
2.87314e-06
-2.92207e-06
3.94262e-06
-2.37033e-06
4.79167e-06
-1.89178e-06
5.46336e-06
-1.51354e-06
5.99431e-06
-1.21852e-06
6.399e-06
-9.59438e-07
6.67696e-06
-7.02427e-07
6.8205e-06
-4.19402e-07
6.8086e-06
-3.23953e-08
6.58019e-06
5.96837e-07
5.97804e-06
1.63407e-06
4.76127e-06
3.20784e-06
2.64518e-06
5.18725e-06
-7.7244e-08
7.22923e-06
-3.19125e-06
7.4403e-06
-4.5289e-06
1.83149e-06
-1.40293e-05
-2.18487e-06
1.09846e-05
-1.92003e-06
2.45537e-06
-9.28684e-07
-2.80715e-06
4.05957e-07
-4.85941e-06
1.7832e-06
-5.16845e-06
3.02628e-06
-4.69891e-06
4.06683e-06
-3.96261e-06
4.90095e-06
-3.20446e-06
5.55081e-06
-2.54164e-06
6.0517e-06
-2.01443e-06
6.43313e-06
-1.59995e-06
6.70276e-06
-1.22907e-06
6.85706e-06
-8.56729e-07
6.89511e-06
-4.57445e-07
6.8177e-06
4.50087e-08
6.6046e-06
8.09942e-07
6.19336e-06
2.04532e-06
5.47723e-06
3.92397e-06
4.33982e-06
6.32466e-06
2.8696e-06
8.69945e-06
1.10269e-06
9.2072e-06
1.21173e-08
2.92207e-06
-1.40172e-05
-4.78868e-07
1.14634e-05
2.6988e-07
1.70662e-06
1.2284e-06
-3.76566e-06
2.33595e-06
-5.96697e-06
3.39613e-06
-6.22863e-06
4.31829e-06
-5.62107e-06
5.07396e-06
-4.71828e-06
5.66471e-06
-3.79522e-06
6.1082e-06
-2.98512e-06
6.43374e-06
-2.33996e-06
6.66562e-06
-1.83185e-06
6.80435e-06
-1.36778e-06
6.84239e-06
-8.94783e-07
6.78701e-06
-4.02052e-07
6.65651e-06
1.75496e-07
6.46265e-06
1.00381e-06
6.1968e-06
2.31117e-06
5.82655e-06
4.29421e-06
5.33605e-06
6.81517e-06
4.7839e-06
9.2516e-06
4.0274e-06
9.9637e-06
2.60371e-06
4.34577e-06
-1.14135e-05
1.28419e-06
1.01793e-05
2.29504e-06
6.95781e-07
3.29567e-06
-4.7663e-06
4.16467e-06
-6.83596e-06
4.89099e-06
-6.95495e-06
5.4825e-06
-6.21258e-06
5.94797e-06
-5.18374e-06
6.29182e-06
-4.13907e-06
6.52519e-06
-3.21849e-06
6.67227e-06
-2.48704e-06
6.75424e-06
-1.91383e-06
6.7641e-06
-1.37763e-06
6.68935e-06
-8.20036e-07
6.54554e-06
-2.58237e-07
6.36825e-06
3.5279e-07
6.19608e-06
1.17597e-06
6.05503e-06
2.45223e-06
5.9489e-06
4.40034e-06
5.9106e-06
6.85348e-06
5.96548e-06
9.19672e-06
5.83687e-06
1.00923e-05
4.47015e-06
5.7125e-06
-6.94337e-06
2.75033e-06
7.42892e-06
4.28521e-06
-8.39097e-07
5.28605e-06
-5.76714e-06
5.87474e-06
-7.42465e-06
6.24031e-06
-7.32052e-06
6.49677e-06
-6.46905e-06
6.67765e-06
-5.36462e-06
6.78113e-06
-4.24254e-06
6.80804e-06
-3.24541e-06
6.77829e-06
-2.45728e-06
6.71291e-06
-1.84845e-06
6.5973e-06
-1.26201e-06
6.41265e-06
-6.35391e-07
6.18324e-06
-2.88271e-08
5.96151e-06
5.74521e-07
5.80963e-06
1.32785e-06
5.77742e-06
2.48443e-06
5.88088e-06
4.29688e-06
6.1752e-06
6.55916e-06
6.67125e-06
8.70067e-06
7.02515e-06
9.73839e-06
5.81629e-06
6.92136e-06
-1.12708e-06
3.90294e-06
3.52599e-06
6.17669e-06
-3.11285e-06
7.14964e-06
-6.74009e-06
7.39022e-06
-7.66523e-06
7.37703e-06
-7.30733e-06
7.31488e-06
-6.4069e-06
7.2355e-06
-5.28523e-06
7.11879e-06
-4.12584e-06
6.95216e-06
-3.07877e-06
6.75307e-06
-2.25819e-06
6.54737e-06
-1.64276e-06
6.31292e-06
-1.02755e-06
6.02189e-06
-3.44365e-07
5.70984e-06
2.83228e-07
5.44435e-06
8.40011e-07
5.30951e-06
1.46269e-06
5.37198e-06
2.42196e-06
5.64384e-06
4.02502e-06
6.19304e-06
6.00997e-06
7.04073e-06
7.85298e-06
7.84485e-06
8.93426e-06
6.95575e-06
7.81047e-06
5.82867e-06
5.07938e-06
-1.55339e-06
7.94873e-06
-5.9822e-06
8.71728e-06
-7.50864e-06
8.5537e-06
-7.50166e-06
8.20027e-06
-6.9539e-06
7.88032e-06
-6.08695e-06
7.59265e-06
-4.99755e-06
7.29353e-06
-3.82673e-06
6.95722e-06
-2.74246e-06
6.60251e-06
-1.90347e-06
6.26949e-06
-1.30974e-06
5.9284e-06
-6.86456e-07
5.53494e-06
4.90962e-08
5.14485e-06
6.73316e-07
4.83634e-06
1.14852e-06
4.71507e-06
1.58396e-06
4.85922e-06
2.27782e-06
5.264e-06
3.62025e-06
6.01062e-06
5.26335e-06
7.15821e-06
6.70539e-06
8.4386e-06
7.65387e-06
8.31126e-06
7.93781e-06
1.41399e-05
-4.73168e-06
4.73167e-06
1.98527e-05
-2.45846e-05
-5.44838e-05
7.43366e-05
-0.000149569
9.5085e-05
-0.000211795
6.22264e-05
-0.000230509
1.87135e-05
-0.0002295
-1.00832e-06
-0.000218311
-1.11897e-05
-0.000208279
-1.00316e-05
-0.000200182
-8.09727e-06
-0.000192535
-7.6471e-06
-0.000184388
-8.14638e-06
-0.000174004
-1.03841e-05
-0.000158249
-1.57556e-05
-0.000129827
-2.84215e-05
-8.75423e-05
-4.22849e-05
-4.4094e-05
-4.34483e-05
-1.06324e-05
-3.34616e-05
-1.06324e-05
-6.33979e-06
1.10714e-05
-4.5247e-05
1.43229e-05
-0.000151258
0.000180348
-0.000262344
0.000206171
-0.000321825
0.000121707
-0.000294851
-8.26075e-06
-0.00023754
-5.832e-05
-0.000203906
-4.48236e-05
-0.000191458
-2.24787e-05
-0.000182946
-1.6609e-05
-0.000174809
-1.57845e-05
-0.000165139
-1.78167e-05
-0.000153439
-2.20841e-05
-0.000138783
-3.04111e-05
-0.000115485
-5.17196e-05
-8.27622e-05
-7.50077e-05
-4.98034e-05
-7.64071e-05
-2.06029e-05
-6.26621e-05
-3.12353e-05
-3.3977e-06
1.44691e-05
-4.25571e-05
5.34824e-05
-0.000149293
0.000287084
-0.000253289
0.000310168
-0.000289683
0.000158101
-0.000265749
-3.21941e-05
-0.000241694
-8.23748e-05
-0.00022112
-6.53983e-05
-0.000193783
-4.98155e-05
-0.000175673
-3.4719e-05
-0.000160841
-3.06172e-05
-0.000145166
-3.34911e-05
-0.00013196
-3.529e-05
-0.000118153
-4.42188e-05
-9.77539e-05
-7.21185e-05
-7.20393e-05
-0.000100722
-4.66652e-05
-0.000101781
-2.2277e-05
-8.70503e-05
-5.35123e-05
9.09262e-06
5.37643e-06
1.69525e-05
4.56227e-05
-8.57001e-05
0.000389736
-0.000162778
0.000387245
-0.000200527
0.00019585
-0.000218592
-1.41292e-05
-0.000227915
-7.30514e-05
-0.000214998
-7.83148e-05
-0.000184253
-8.05605e-05
-0.000147353
-7.16193e-05
-0.00011981
-5.81594e-05
-0.000109369
-4.39324e-05
-0.000107496
-3.71635e-05
-9.71367e-05
-5.45776e-05
-7.8767e-05
-9.04882e-05
-5.85041e-05
-0.000120985
-3.93218e-05
-0.000120964
-1.98553e-05
-0.000106517
-7.33675e-05
2.67726e-05
-2.13961e-05
6.30431e-05
9.35156e-06
2.01049e-05
0.000432675
-6.9215e-05
0.000476565
-0.000134304
0.000260939
-0.00017941
3.09772e-05
-0.000200628
-5.18333e-05
-0.000193869
-8.50742e-05
-0.000168972
-0.000105458
-0.000136817
-0.000103774
-0.000105363
-8.96134e-05
-8.07059e-05
-6.85897e-05
-7.2233e-05
-4.56363e-05
-7.65328e-05
-5.02778e-05
-6.02566e-05
-0.000106764
-4.42893e-05
-0.000136953
-3.04438e-05
-0.000134809
-1.60207e-05
-0.00012094
-8.93882e-05
1.79742e-05
-3.93704e-05
5.8782e-05
-3.14562e-05
8.0605e-05
0.000410852
-1.39039e-05
0.000571074
-7.33069e-05
0.000320342
-0.000132893
9.05634e-05
-0.000165408
-1.93184e-05
-0.000165303
-8.51796e-05
-0.000146564
-0.000124197
-0.000120443
-0.000129895
-9.42468e-05
-0.00011581
-7.10195e-05
-9.18172e-05
-5.50622e-05
-6.15937e-05
-5.96373e-05
-4.57028e-05
-4.36429e-05
-0.000122759
-3.08068e-05
-0.000149789
-2.14943e-05
-0.000144121
-1.18895e-05
-0.000130545
-0.000101278
1.62356e-05
-5.56059e-05
4.76856e-05
-6.29062e-05
0.000112276
0.000346262
4.92931e-05
0.000634057
-6.87361e-06
0.000376509
-8.1255e-05
0.000164945
-0.00012523
2.46569e-05
-0.0001319
-7.85097e-05
-0.000118945
-0.000137152
-9.83812e-05
-0.000150459
-7.80379e-05
-0.000136153
-5.9746e-05
-0.000110109
-4.25526e-05
-7.87872e-05
-4.01164e-05
-4.81391e-05
-2.74265e-05
-0.000135449
-1.84846e-05
-0.00015873
-1.31197e-05
-0.000149486
-7.74765e-06
-0.000135917
-0.000109025
1.68625e-05
-7.24684e-05
3.09238e-05
-7.69676e-05
0.000119564
0.000257622
0.00010875
0.00064487
5.70568e-05
0.000428202
-2.56632e-05
0.000247665
-8.21073e-05
8.11011e-05
-9.4735e-05
-6.58823e-05
-8.72236e-05
-0.000144663
-7.22402e-05
-0.000165442
-5.70247e-05
-0.000151369
-4.37755e-05
-0.000123359
-2.99043e-05
-9.26582e-05
-1.69269e-05
-6.11165e-05
-1.04997e-05
-0.000141876
-7.50583e-06
-0.000161724
-5.67835e-06
-0.000151314
-3.69464e-06
-0.000137901
-0.00011272
1.52009e-05
-1.67543e-05
2.08027e-05
-1.1584e-05
2.10907e-05
-7.79659e-06
1.99625e-05
-6.37347e-06
1.87468e-05
-5.73819e-06
1.76483e-05
-4.98849e-06
1.66304e-05
-3.97963e-06
1.5583e-05
-2.77928e-06
1.44213e-05
-1.58084e-06
1.32082e-05
-6.90301e-07
1.21122e-05
-2.13763e-07
1.10889e-05
3.36881e-07
9.97561e-06
1.16234e-06
8.884e-06
1.76493e-06
8.0957e-06
1.93682e-06
7.86935e-06
1.81032e-06
8.42614e-06
1.72103e-06
9.60919e-06
2.4372e-06
1.16654e-05
3.20711e-06
1.49445e-05
3.42635e-06
1.93032e-05
3.29511e-06
2.48787e-05
2.36232e-06
2.38246e-06
3.66362e-05
1.66356e-05
-3.339e-05
1.8733e-05
-1.36815e-05
1.467e-05
-3.73359e-06
1.42263e-05
-5.92982e-06
1.44458e-05
-5.95771e-06
1.39711e-05
-4.51374e-06
1.33367e-05
-3.34526e-06
1.26978e-05
-2.1404e-06
1.19508e-05
-8.33812e-07
1.10191e-05
2.41357e-07
9.89304e-06
9.12324e-07
8.59643e-06
1.63349e-06
7.40012e-06
2.35866e-06
6.19954e-06
2.9655e-06
5.24059e-06
2.89577e-06
5.06302e-06
1.98789e-06
6.00273e-06
7.81321e-07
7.29906e-06
1.14087e-06
9.4191e-06
1.08707e-06
1.29442e-05
-9.87493e-08
1.72765e-05
-1.03719e-06
2.22076e-05
-2.56881e-06
-5.40828e-06
2.99984e-05
3.65192e-06
-3.7042e-05
8.22321e-06
-1.82529e-05
1.34441e-05
-8.95452e-06
1.47267e-05
-7.21247e-06
1.43135e-05
-5.54457e-06
1.36553e-05
-3.85562e-06
1.27981e-05
-2.48811e-06
1.20112e-05
-1.35359e-06
1.1313e-05
-1.35636e-07
1.02669e-05
1.28745e-06
7.23541e-06
3.94385e-06
3.69377e-06
5.17514e-06
2.79867e-06
3.25375e-06
2.48275e-06
3.28142e-06
2.60724e-06
2.77128e-06
3.52002e-06
1.07511e-06
4.80778e-06
-5.06436e-07
5.91069e-06
3.7953e-08
8.0863e-06
-1.08854e-06
1.19165e-05
-3.92898e-06
1.60379e-05
-5.15852e-06
2.06426e-05
-7.17352e-06
-1.11857e-05
2.642e-05
-6.8206e-06
-3.02215e-05
-1.64633e-06
-2.34273e-05
5.4136e-06
-1.60145e-05
1.03292e-05
-1.21281e-05
1.38632e-05
-9.07871e-06
1.64249e-05
-6.4174e-06
1.80729e-05
-4.13622e-06
1.87524e-05
-2.03313e-06
1.81162e-05
5.00519e-07
1.57996e-05
3.60397e-06
1.14972e-05
8.24634e-06
7.5024e-06
9.16992e-06
4.18019e-06
6.57597e-06
3.10284e-06
4.35877e-06
2.19732e-06
3.6768e-06
1.73475e-06
1.53767e-06
2.24844e-06
-1.02013e-06
4.76804e-06
-2.48165e-06
8.69235e-06
-5.01284e-06
1.31131e-05
-8.34976e-06
1.64774e-05
-8.52282e-06
2.00914e-05
-1.07875e-05
-1.55647e-05
2.44703e-05
-3.05974e-06
-2.71618e-05
-1.45426e-06
-2.50328e-05
2.93809e-06
-2.04069e-05
7.25144e-06
-1.64416e-05
1.11071e-05
-1.29345e-05
1.44479e-05
-9.7583e-06
1.71492e-05
-6.83764e-06
1.9089e-05
-3.97299e-06
2.04366e-05
-8.47064e-07
2.12778e-05
2.76282e-06
2.27736e-05
6.75051e-06
2.31586e-05
8.78492e-06
2.1402e-05
8.33261e-06
1.79572e-05
7.80358e-06
1.32851e-05
8.34882e-06
8.23968e-06
6.58311e-06
5.60724e-06
1.61231e-06
6.89026e-06
-3.76468e-06
9.89774e-06
-8.02033e-06
1.24672e-05
-1.09192e-05
1.62903e-05
-1.2346e-05
2.08148e-05
-1.5312e-05
-1.96853e-05
2.49354e-05
-1.00024e-06
-2.61616e-05
6.28101e-08
-2.60959e-05
2.69919e-06
-2.30434e-05
5.90155e-06
-1.9644e-05
9.21311e-06
-1.62461e-05
1.24099e-05
-1.29551e-05
1.53335e-05
-9.76127e-06
1.79188e-05
-6.55838e-06
2.02693e-05
-3.19755e-06
2.26681e-05
3.64079e-07
2.55169e-05
3.90177e-06
2.79529e-05
6.3489e-06
2.89626e-05
7.32288e-06
2.89766e-05
7.78953e-06
2.90064e-05
8.31902e-06
2.82442e-05
7.34532e-06
2.56793e-05
4.17714e-06
2.3459e-05
-1.54442e-06
2.0689e-05
-5.25026e-06
1.83438e-05
-8.57394e-06
2.01733e-05
-1.41755e-05
2.48061e-05
-1.99448e-05
-2.13943e-05
2.65151e-05
-1.71582e-07
-2.599e-05
8.31838e-07
-2.70993e-05
2.74096e-06
-2.49525e-05
5.16097e-06
-2.2064e-05
7.85739e-06
-1.89426e-05
1.06629e-05
-1.57607e-05
1.34635e-05
-1.25618e-05
1.62242e-05
-9.31911e-06
1.9018e-05
-5.99132e-06
2.19969e-05
-2.61484e-06
2.5308e-05
5.90726e-07
2.85471e-05
3.10975e-06
3.11506e-05
4.71933e-06
3.31939e-05
5.7462e-06
3.51639e-05
6.349e-06
3.67231e-05
5.78621e-06
3.74577e-05
3.44254e-06
3.58614e-05
5.19094e-08
3.42947e-05
-3.68357e-06
3.32959e-05
-7.57516e-06
3.20883e-05
-1.29678e-05
2.93869e-05
-1.72433e-05
-1.6107e-05
2.40997e-05
3.76481e-07
-2.63665e-05
1.23087e-06
-2.79537e-05
2.62886e-06
-2.63505e-05
4.47496e-06
-2.39102e-05
6.65058e-06
-2.11182e-05
9.05356e-06
-1.81637e-05
1.16141e-05
-1.51223e-05
1.43126e-05
-1.20176e-05
1.71887e-05
-8.86741e-06
2.03137e-05
-5.73982e-06
2.37095e-05
-2.80516e-06
2.71613e-05
-3.42031e-07
3.03791e-05
1.50151e-06
3.33338e-05
2.7915e-06
3.6179e-05
3.50379e-06
3.87039e-05
3.26129e-06
4.03544e-05
1.79211e-06
4.09998e-05
-5.93469e-07
4.0832e-05
-3.51574e-06
4.01998e-05
-6.94298e-06
3.80142e-05
-1.07822e-05
3.40577e-05
-1.32869e-05
-1.23769e-05
3.03278e-05
4.69654e-07
-2.68362e-05
1.15176e-06
-2.86358e-05
2.21246e-06
-2.74112e-05
3.65007e-06
-2.53478e-05
5.41908e-06
-2.28872e-05
7.4675e-06
-2.0212e-05
9.75717e-06
-1.74119e-05
1.22764e-05
-1.45368e-05
1.50414e-05
-1.16324e-05
1.80751e-05
-8.77354e-06
2.13576e-05
-6.08765e-06
2.47601e-05
-3.74459e-06
2.81208e-05
-1.85924e-06
3.13773e-05
-4.64894e-07
3.45181e-05
3.6299e-07
3.73551e-05
4.243e-07
3.95509e-05
-4.03621e-07
4.09433e-05
-1.98597e-06
4.15023e-05
-4.07478e-06
4.10811e-05
-6.52178e-06
3.92249e-05
-8.926e-06
3.61701e-05
-1.02319e-05
-9.40651e-06
3.31996e-05
3.13962e-07
-2.71501e-05
7.83511e-07
-2.91054e-05
1.57372e-06
-2.82014e-05
2.6972e-06
-2.64712e-05
4.13969e-06
-2.43296e-05
5.87815e-06
-2.19504e-05
7.89351e-06
-1.94272e-05
1.0178e-05
-1.68213e-05
1.27344e-05
-1.41888e-05
1.55614e-05
-1.16007e-05
1.86283e-05
-9.15462e-06
2.18499e-05
-6.96618e-06
2.51199e-05
-5.12913e-06
2.83607e-05
-3.70572e-06
3.14966e-05
-2.77282e-06
3.43632e-05
-2.44225e-06
3.67295e-05
-2.76992e-06
3.84186e-05
-3.67515e-06
3.93271e-05
-4.98326e-06
3.9295e-05
-6.48954e-06
3.81875e-05
-7.81863e-06
3.62924e-05
-8.33681e-06
-7.51309e-06
3.4399e-05
3.37522e-08
-2.71839e-05
2.86504e-07
-2.93581e-05
8.38182e-07
-2.87531e-05
1.69638e-06
-2.73294e-05
2.8587e-06
-2.54919e-05
4.31654e-06
-2.34082e-05
6.06091e-06
-2.11715e-05
8.08611e-06
-1.88465e-05
1.03879e-05
-1.64906e-05
1.29549e-05
-1.41677e-05
1.5755e-05
-1.19548e-05
1.87255e-05
-9.9366e-06
2.17858e-05
-8.18935e-06
2.48557e-05
-6.77563e-06
2.78419e-05
-5.75895e-06
3.06037e-05
-5.20401e-06
3.29664e-05
-5.1326e-06
3.47746e-05
-5.48343e-06
3.59134e-05
-6.12211e-06
3.62799e-05
-6.85616e-06
3.58529e-05
-7.39156e-06
3.48511e-05
-7.33506e-06
-6.38083e-06
3.37189e-05
-2.45862e-07
-2.6938e-05
-2.10607e-07
-2.93933e-05
1.16947e-07
-2.90806e-05
7.34144e-07
-2.79465e-05
1.64208e-06
-2.63997e-05
2.83727e-06
-2.46033e-05
4.31538e-06
-2.26496e-05
6.07174e-06
-2.06029e-05
8.0992e-06
-1.85181e-05
1.03828e-05
-1.64513e-05
1.28921e-05
-1.44641e-05
1.55767e-05
-1.26213e-05
1.83708e-05
-1.09833e-05
2.11986e-05
-9.60343e-06
2.3969e-05
-8.52933e-06
2.65634e-05
-7.79837e-06
2.88448e-05
-7.414e-06
3.06855e-05
-7.32423e-06
3.19844e-05
-7.42095e-06
3.26719e-05
-7.54368e-06
3.27507e-05
-7.4703e-06
3.2356e-05
-6.94035e-06
-5.7494e-06
3.17245e-05
-4.76698e-07
-2.64613e-05
-6.40702e-07
-2.92293e-05
-5.20449e-07
-2.92008e-05
-1.2332e-07
-2.83435e-05
5.48524e-07
-2.70715e-05
1.49446e-06
-2.55492e-05
2.71278e-06
-2.38679e-05
4.19958e-06
-2.20897e-05
5.94698e-06
-2.02655e-05
7.93947e-06
-1.84439e-05
1.01496e-05
-1.66742e-05
1.25351e-05
-1.50068e-05
1.50403e-05
-1.34884e-05
1.75974e-05
-1.21605e-05
2.01249e-05
-1.10568e-05
2.25241e-05
-1.01975e-05
2.4686e-05
-9.57581e-06
2.65073e-05
-9.14547e-06
2.79034e-05
-8.81703e-06
2.88188e-05
-8.4591e-06
2.92485e-05
-7.90001e-06
2.92572e-05
-6.94908e-06
-5.44373e-06
2.89515e-05
-6.39263e-07
-2.5822e-05
-9.68986e-07
-2.88995e-05
-1.0305e-06
-2.91392e-05
-8.34502e-07
-2.85394e-05
-3.81686e-07
-2.75242e-05
3.29035e-07
-2.62598e-05
1.29719e-06
-2.48361e-05
2.52043e-06
-2.3313e-05
3.9911e-06
-2.17363e-05
5.69484e-06
-2.01476e-05
7.60752e-06
-1.85869e-05
9.69342e-06
-1.70926e-05
1.19052e-05
-1.57001e-05
1.41845e-05
-1.44397e-05
1.64613e-05
-1.33335e-05
1.86544e-05
-1.23905e-05
2.06763e-05
-1.15978e-05
2.24435e-05
-1.09125e-05
2.38845e-05
-1.0258e-05
2.49489e-05
-9.5235e-06
2.56162e-05
-8.56731e-06
2.58988e-05
-7.23159e-06
-5.36401e-06
2.5819e-05
-7.33827e-07
-2.50882e-05
-1.18847e-06
-2.84448e-05
-1.40242e-06
-2.89252e-05
-1.38348e-06
-2.85583e-05
-1.12961e-06
-2.7778e-05
-6.37237e-07
-2.67522e-05
9.5697e-08
-2.5569e-05
1.06706e-06
-2.42844e-05
2.27132e-06
-2.29405e-05
3.69594e-06
-2.15723e-05
5.3203e-06
-2.02112e-05
7.11442e-06
-1.88867e-05
9.03865e-06
-1.76243e-05
1.10439e-05
-1.64449e-05
1.3072e-05
-1.53614e-05
1.50566e-05
-1.43751e-05
1.69277e-05
-1.34688e-05
1.86169e-05
-1.26016e-05
2.00634e-05
-1.17045e-05
2.12185e-05
-1.06786e-05
2.20483e-05
-9.39712e-06
2.25297e-05
-7.713e-06
-5.46681e-06
2.26324e-05
-7.70007e-07
-2.43181e-05
-1.30877e-06
-2.7906e-05
-1.64315e-06
-2.85907e-05
-1.77422e-06
-2.84271e-05
-1.69551e-06
-2.78566e-05
-1.4003e-06
-2.70473e-05
-8.84375e-07
-2.60849e-05
-1.47051e-07
-2.50217e-05
8.0712e-07
-2.38947e-05
1.96808e-06
-2.27332e-05
3.3189e-06
-2.1562e-05
4.835e-06
-2.04027e-05
6.48383e-06
-1.92731e-05
8.22522e-06
-1.81862e-05
1.00118e-05
-1.7148e-05
1.17906e-05
-1.61537e-05
1.35055e-05
-1.51836e-05
1.5101e-05
-1.4197e-05
1.6525e-05
-1.31285e-05
1.77311e-05
-1.18847e-05
1.8677e-05
-1.03431e-05
1.93186e-05
-8.35468e-06
-5.74417e-06
1.95959e-05
-7.61456e-07
-2.35566e-05
-1.34829e-06
-2.73192e-05
-1.77176e-06
-2.81672e-05
-2.02446e-06
-2.81744e-05
-2.09465e-06
-2.77864e-05
-1.97207e-06
-2.71699e-05
-1.64985e-06
-2.64071e-05
-1.12531e-06
-2.55462e-05
-4.00657e-07
-2.46193e-05
5.16582e-07
-2.36504e-05
1.61302e-06
-2.26584e-05
2.86906e-06
-2.16586e-05
4.2588e-06
-2.06627e-05
5.75029e-06
-1.96775e-05
7.30616e-06
-1.87037e-05
8.88481e-06
-1.77323e-05
1.04423e-05
-1.6741e-05
1.19342e-05
-1.56889e-05
1.33169e-05
-1.45113e-05
1.45477e-05
-1.31156e-05
1.55816e-05
-1.13771e-05
1.63652e-05
-9.13837e-06
-6.20439e-06
1.68254e-05
-7.22721e-07
-2.28339e-05
-1.32895e-06
-2.6713e-05
-1.81339e-06
-2.76828e-05
-2.16007e-06
-2.78277e-05
-2.35214e-06
-2.75943e-05
-2.37588e-06
-2.71461e-05
-2.22192e-06
-2.65611e-05
-1.88552e-06
-2.58826e-05
-1.36666e-06
-2.51381e-05
-6.70196e-07
-2.43468e-05
1.93967e-07
-2.35224e-05
1.2108e-06
-2.26753e-05
2.3604e-06
-2.18122e-05
3.61833e-06
-2.09354e-05
4.9562e-06
-2.00415e-05
6.34259e-06
-1.91187e-05
7.74424e-06
-1.81427e-05
9.12694e-06
-1.70716e-05
1.04556e-05
-1.58401e-05
1.16932e-05
-1.43532e-05
1.27968e-05
-1.24808e-05
1.37119e-05
-1.00536e-05
-6.85652e-06
1.4364e-05
-6.67356e-07
-2.21666e-05
-1.27262e-06
-2.61078e-05
-1.79466e-06
-2.71607e-05
-2.21013e-06
-2.74122e-05
-2.49792e-06
-2.73065e-05
-2.64153e-06
-2.70025e-05
-2.62949e-06
-2.65731e-05
-2.45524e-06
-2.60568e-05
-2.11679e-06
-2.54766e-05
-1.61653e-06
-2.4847e-05
-9.61104e-07
-2.41778e-05
-1.61253e-07
-2.34751e-05
7.68511e-07
-2.27419e-05
1.81042e-06
-2.19772e-05
2.94411e-06
-2.11752e-05
4.14728e-06
-2.03219e-05
5.39633e-06
-1.93918e-05
6.66664e-06
-1.8342e-05
7.93188e-06
-1.71054e-05
9.16209e-06
-1.55835e-05
1.032e-05
-1.36386e-05
1.13555e-05
-1.10891e-05
-7.70061e-06
1.21996e-05
-6.06726e-07
-2.15599e-05
-1.19861e-06
-2.55159e-05
-1.74029e-06
-2.66191e-05
-2.20294e-06
-2.69495e-05
-2.56257e-06
-2.69469e-05
-2.80088e-06
-2.67642e-05
-2.90503e-06
-2.64689e-05
-2.86713e-06
-2.60947e-05
-2.68358e-06
-2.56601e-05
-2.35465e-06
-2.51759e-05
-1.88416e-06
-2.46482e-05
-1.27901e-06
-2.40802e-05
-5.48816e-07
-2.3472e-05
2.94612e-07
-2.28206e-05
1.23794e-06
-2.21185e-05
2.26699e-06
-2.1351e-05
3.36698e-06
-2.04919e-05
4.52233e-06
-1.94974e-05
5.71552e-06
-1.82987e-05
6.92473e-06
-1.67927e-05
8.12017e-06
-1.48341e-05
9.25935e-06
-1.22282e-05
-8.72336e-06
1.02821e-05
-5.49289e-07
-2.10106e-05
-1.1221e-06
-2.4943e-05
-1.67078e-06
-2.60703e-05
-2.16313e-06
-2.64572e-05
-2.57389e-06
-2.65361e-05
-2.88416e-06
-2.64539e-05
-3.08062e-06
-2.62724e-05
-3.15466e-06
-2.60206e-05
-3.10162e-06
-2.57131e-05
-2.92013e-06
-2.53573e-05
-2.6116e-06
-2.49567e-05
-2.17973e-06
-2.45121e-05
-1.62989e-06
-2.40219e-05
-9.68587e-07
-2.34819e-05
-2.0289e-07
-2.28842e-05
6.60146e-07
-2.22141e-05
1.61368e-06
-2.14454e-05
2.65058e-06
-2.05343e-05
3.76198e-06
-1.94101e-05
4.93459e-06
-1.79653e-05
6.14696e-06
-1.60464e-05
7.36527e-06
-1.34466e-05
-9.89763e-06
8.53954e-06
-5.00154e-07
-2.05105e-05
-1.05328e-06
-2.43898e-05
-1.6011e-06
-2.55224e-05
-2.10988e-06
-2.59483e-05
-2.55471e-06
-2.60912e-05
-2.91729e-06
-2.60913e-05
-3.18483e-06
-2.60049e-05
-3.34874e-06
-2.58567e-05
-3.40386e-06
-2.5658e-05
-3.34775e-06
-2.54134e-05
-3.17999e-06
-2.51244e-05
-2.90162e-06
-2.47904e-05
-2.51451e-06
-2.44089e-05
-2.02074e-06
-2.39757e-05
-1.4219e-06
-2.34831e-05
-7.18732e-07
-2.29172e-05
8.90053e-08
-2.22531e-05
1.00194e-06
-2.14472e-05
2.01938e-06
-2.04275e-05
3.13645e-06
-1.90823e-05
4.34018e-06
-1.72501e-05
5.60546e-06
-1.47118e-05
-1.11844e-05
6.89221e-06
-4.61078e-07
-2.00493e-05
-9.97362e-07
-2.38534e-05
-1.54038e-06
-2.49793e-05
-2.05622e-06
-2.54324e-05
-2.52169e-06
-2.56258e-05
-2.92034e-06
-2.56926e-05
-3.24078e-06
-2.56845e-05
-3.47529e-06
-2.56223e-05
-3.61882e-06
-2.55144e-05
-3.66842e-06
-2.53638e-05
-3.62245e-06
-2.51704e-05
-3.47994e-06
-2.49329e-05
-3.24001e-06
-2.46488e-05
-2.90112e-06
-2.43146e-05
-2.46044e-06
-2.39237e-05
-1.9133e-06
-2.34643e-05
-1.25318e-06
-2.29132e-05
-4.72463e-07
-2.22279e-05
4.3581e-07
-2.13357e-05
1.47479e-06
-2.01213e-05
2.63967e-06
-1.8415e-05
3.9136e-06
-1.59858e-05
-1.25363e-05
5.26553e-06
-4.31142e-07
-1.96181e-05
-9.55352e-07
-2.33291e-05
-1.4925e-06
-2.44421e-05
-2.00929e-06
-2.49156e-05
-2.48527e-06
-2.51498e-05
-2.90696e-06
-2.5271e-05
-3.26527e-06
-2.53262e-05
-3.554e-06
-2.53336e-05
-3.76892e-06
-2.52995e-05
-3.90713e-06
-2.52255e-05
-3.96631e-06
-2.51112e-05
-3.94422e-06
-2.49549e-05
-3.83795e-06
-2.47551e-05
-3.64329e-06
-2.45092e-05
-3.35394e-06
-2.4213e-05
-2.9609e-06
-2.38573e-05
-2.45245e-06
-2.34216e-05
-1.81471e-06
-2.28656e-05
-1.03368e-06
-2.21167e-05
-9.86017e-08
-2.10564e-05
9.93626e-07
-1.95072e-05
2.23398e-06
-1.72261e-05
-1.39019e-05
3.59957e-06
-4.07995e-07
-1.921e-05
-9.25438e-07
-2.28116e-05
-1.45728e-06
-2.39102e-05
-1.97114e-06
-2.44018e-05
-2.45021e-06
-2.46707e-05
-2.88477e-06
-2.48364e-05
-3.26876e-06
-2.49422e-05
-3.59811e-06
-2.50041e-05
-3.86997e-06
-2.50275e-05
-4.08202e-06
-2.50134e-05
-4.23187e-06
-2.49613e-05
-4.31662e-06
-2.48702e-05
-4.33218e-06
-2.47395e-05
-4.27254e-06
-2.45688e-05
-4.129e-06
-2.43565e-05
-3.8894e-06
-2.40968e-05
-3.53786e-06
-2.37731e-05
-3.05533e-06
-2.33481e-05
-2.4215e-06
-2.27506e-05
-1.61827e-06
-2.18596e-05
-6.34604e-07
-2.04909e-05
5.2865e-07
-1.83894e-05
-1.52287e-05
1.85542e-06
-3.89523e-07
-1.88205e-05
-9.04595e-07
-2.22966e-05
-1.4319e-06
-2.3383e-05
-1.94012e-06
-2.38936e-05
-2.41674e-06
-2.4194e-05
-2.85628e-06
-2.43968e-05
-3.25616e-06
-2.45423e-05
-3.6149e-06
-2.46453e-05
-3.93145e-06
-2.47109e-05
-4.20452e-06
-2.47403e-05
-4.4322e-06
-2.47336e-05
-4.61156e-06
-2.46908e-05
-4.73806e-06
-2.46129e-05
-4.80486e-06
-2.45019e-05
-4.80192e-06
-2.43594e-05
-4.71511e-06
-2.41836e-05
-4.52569e-06
-2.39625e-05
-4.21057e-06
-2.36633e-05
-3.74396e-06
-2.32172e-05
-3.10084e-06
-2.25027e-05
-2.26208e-06
-2.13297e-05
-1.21993e-06
-1.94316e-05
-1.64672e-05
1.84961e-08
-3.74943e-07
-1.84456e-05
-8.89713e-07
-2.1782e-05
-1.41212e-06
-2.28607e-05
-1.91218e-06
-2.33936e-05
-2.38191e-06
-2.37243e-05
-2.82021e-06
-2.39585e-05
-3.22808e-06
-2.41343e-05
-3.60687e-06
-2.42664e-05
-3.95756e-06
-2.43602e-05
-4.28025e-06
-2.44176e-05
-4.57396e-06
-2.44399e-05
-4.83628e-06
-2.44285e-05
-5.06296e-06
-2.43862e-05
-5.24721e-06
-2.43177e-05
-5.37872e-06
-2.42279e-05
-5.44264e-06
-2.41197e-05
-5.41875e-06
-2.39865e-05
-5.28123e-06
-2.38009e-05
-4.99987e-06
-2.34986e-05
-4.54322e-06
-2.29594e-05
-3.88361e-06
-2.19894e-05
-3.00329e-06
-2.0312e-05
-1.7571e-05
-1.89953e-06
-3.64299e-07
-1.80814e-05
-8.77664e-07
-2.12687e-05
-1.3929e-06
-2.23456e-05
-1.88189e-06
-2.29047e-05
-2.34092e-06
-2.32652e-05
-2.77293e-06
-2.35264e-05
-3.18232e-06
-2.37249e-05
-3.57319e-06
-2.38755e-05
-3.94865e-06
-2.39847e-05
-4.31042e-06
-2.40558e-05
-4.65878e-06
-2.40915e-05
-4.99235e-06
-2.40949e-05
-5.30774e-06
-2.40709e-05
-5.59899e-06
-2.40265e-05
-5.85656e-06
-2.39704e-05
-6.06617e-06
-2.39102e-05
-6.20758e-06
-2.38452e-05
-6.25377e-06
-2.37547e-05
-6.17142e-06
-2.3581e-05
-5.9233e-06
-2.32075e-05
-5.47301e-06
-2.24397e-05
-4.79133e-06
-2.09937e-05
-1.84997e-05
-3.86272e-06
-3.56627e-07
-1.77248e-05
-8.6464e-07
-2.07609e-05
-1.36884e-06
-2.18415e-05
-1.84347e-06
-2.243e-05
-2.28837e-06
-2.28203e-05
-2.70987e-06
-2.31049e-05
-3.11529e-06
-2.33195e-05
-3.51123e-06
-2.34796e-05
-3.90283e-06
-2.35931e-05
-4.29354e-06
-2.36651e-05
-4.68512e-06
-2.37e-05
-5.07753e-06
-2.37025e-05
-5.46873e-06
-2.36797e-05
-5.85422e-06
-2.3641e-05
-6.22616e-06
-2.35986e-05
-6.57206e-06
-2.35644e-05
-6.87317e-06
-2.35441e-05
-7.10303e-06
-2.35248e-05
-7.22685e-06
-2.34571e-05
-7.20277e-06
-2.32316e-05
-6.98569e-06
-2.26568e-05
-6.5336e-06
-2.14458e-05
-1.92183e-05
-5.81497e-06
-3.48801e-07
-1.73761e-05
-8.46034e-07
-2.02638e-05
-1.33486e-06
-2.13527e-05
-1.79186e-06
-2.1973e-05
-2.21956e-06
-2.23926e-05
-2.62685e-06
-2.26977e-05
-3.02343e-06
-2.2923e-05
-3.41797e-06
-2.30851e-05
-3.81746e-06
-2.31937e-05
-4.22706e-06
-2.32556e-05
-4.65003e-06
-2.3277e-05
-5.08785e-06
-2.32648e-05
-5.54012e-06
-2.32275e-05
-6.00428e-06
-2.31769e-05
-6.47489e-06
-2.3128e-05
-6.94231e-06
-2.3097e-05
-7.3908e-06
-2.30956e-05
-7.79632e-06
-2.31193e-05
-8.12469e-06
-2.31287e-05
-8.33117e-06
-2.30251e-05
-8.36284e-06
-2.26251e-05
-8.16415e-06
-2.16445e-05
-1.96977e-05
-7.6847e-06
-3.36586e-07
-1.70396e-05
-8.1799e-07
-1.97824e-05
-1.28773e-06
-2.0883e-05
-1.72412e-06
-2.15367e-05
-2.1317e-06
-2.19851e-05
-2.52125e-06
-2.23082e-05
-2.90428e-06
-2.25401e-05
-3.29115e-06
-2.26983e-05
-3.69042e-06
-2.27945e-05
-4.10873e-06
-2.28373e-05
-4.55076e-06
-2.2835e-05
-5.01949e-06
-2.27961e-05
-5.51623e-06
-2.27308e-05
-6.04061e-06
-2.26526e-05
-6.59002e-06
-2.25786e-05
-7.15847e-06
-2.25285e-05
-7.73449e-06
-2.25195e-05
-8.29838e-06
-2.25554e-05
-8.81896e-06
-2.26081e-05
-9.25123e-06
-2.25928e-05
-9.53649e-06
-2.23398e-05
-9.60613e-06
-2.15748e-05
-1.99147e-05
-9.38909e-06
-3.18361e-07
-1.67213e-05
-7.80543e-07
-1.93202e-05
-1.22821e-06
-2.04354e-05
-1.64092e-06
-2.11241e-05
-2.02493e-06
-2.16012e-05
-2.3927e-06
-2.19406e-05
-2.75718e-06
-2.21757e-05
-3.12999e-06
-2.23256e-05
-3.52088e-06
-2.24036e-05
-3.93759e-06
-2.24207e-05
-4.38599e-06
-2.23867e-05
-4.87031e-06
-2.23118e-05
-5.39344e-06
-2.22076e-05
-5.95716e-06
-2.20888e-05
-6.5618e-06
-2.19739e-05
-7.20538e-06
-2.18849e-05
-7.88161e-06
-2.18433e-05
-8.57674e-06
-2.18601e-05
-9.2652e-06
-2.19195e-05
-9.90509e-06
-2.19528e-05
-1.04353e-05
-2.18095e-05
-1.07768e-05
-2.12333e-05
-1.98534e-05
-1.0838e-05
-2.99148e-07
-1.64221e-05
-7.40548e-07
-1.88789e-05
-1.16276e-06
-2.00133e-05
-1.54726e-06
-2.07397e-05
-1.90271e-06
-2.12459e-05
-2.24337e-06
-2.16001e-05
-2.58342e-06
-2.18358e-05
-2.93537e-06
-2.19737e-05
-3.30961e-06
-2.20295e-05
-3.71448e-06
-2.20159e-05
-4.15651e-06
-2.19447e-05
-4.6408e-06
-2.18275e-05
-5.17151e-06
-2.16769e-05
-5.75218e-06
-2.15081e-05
-6.38585e-06
-2.13402e-05
-7.07442e-06
-2.11963e-05
-7.8171e-06
-2.11005e-05
-8.60718e-06
-2.107e-05
-9.42697e-06
-2.10996e-05
-1.02413e-05
-2.11383e-05
-1.09918e-05
-2.1059e-05
-1.15935e-05
-2.06315e-05
-1.95088e-05
-1.1938e-05
-2.91838e-07
-1.61303e-05
-7.12042e-07
-1.84588e-05
-1.10326e-06
-1.96221e-05
-1.45203e-06
-2.0391e-05
-1.77114e-06
-2.09269e-05
-2.0773e-06
-2.1294e-05
-2.38583e-06
-2.15273e-05
-2.70959e-06
-2.16501e-05
-3.05892e-06
-2.16802e-05
-3.44202e-06
-2.16328e-05
-3.86543e-06
-2.15213e-05
-4.33455e-06
-2.13584e-05
-4.8542e-06
-2.11573e-05
-5.42921e-06
-2.09331e-05
-6.06466e-06
-2.07048e-05
-6.7658e-06
-2.04952e-05
-7.5369e-06
-2.03293e-05
-8.37848e-06
-2.02283e-05
-9.28212e-06
-2.01959e-05
-1.02228e-05
-2.01976e-05
-1.11501e-05
-2.01317e-05
-1.19809e-05
-1.98007e-05
-1.88924e-05
-1.25973e-05
-3.15538e-07
-1.58148e-05
-7.14349e-07
-1.80601e-05
-1.0649e-06
-1.92717e-05
-1.36595e-06
-2.00901e-05
-1.63734e-06
-2.06556e-05
-1.89919e-06
-2.10323e-05
-2.16785e-06
-2.12587e-05
-2.45575e-06
-2.13622e-05
-2.77222e-06
-2.13638e-05
-3.12441e-06
-2.12807e-05
-3.51802e-06
-2.11277e-05
-3.95802e-06
-2.09184e-05
-4.44928e-06
-2.0666e-05
-4.99717e-06
-2.03853e-05
-5.60805e-06
-2.00939e-05
-6.2895e-06
-1.98137e-05
-7.04977e-06
-1.9569e-05
-7.89568e-06
-1.93823e-05
-8.82806e-06
-1.92635e-05
-9.83401e-06
-1.91916e-05
-1.08763e-05
-1.90894e-05
-1.18819e-05
-1.8795e-05
-1.804e-05
-1.27343e-05
-3.91804e-07
-1.5423e-05
-7.67504e-07
-1.76845e-05
-1.06252e-06
-1.89768e-05
-1.29842e-06
-1.98543e-05
-1.5068e-06
-2.04474e-05
-1.71253e-06
-2.08266e-05
-1.93236e-06
-2.10389e-05
-2.17704e-06
-2.11176e-05
-2.45361e-06
-2.10873e-05
-2.76702e-06
-2.09673e-05
-3.12128e-06
-2.07735e-05
-3.52017e-06
-2.05196e-05
-3.96793e-06
-2.02183e-05
-4.46978e-06
-1.98834e-05
-5.03247e-06
-1.95312e-05
-5.66472e-06
-1.91814e-05
-6.37715e-06
-1.88566e-05
-7.18099e-06
-1.85785e-05
-8.08469e-06
-1.83598e-05
-9.08719e-06
-1.81891e-05
-1.01672e-05
-1.80094e-05
-1.12694e-05
-1.76928e-05
-1.7018e-05
-1.22914e-05
-5.41271e-07
-1.48818e-05
-8.8914e-07
-1.73368e-05
-1.10589e-06
-1.87602e-05
-1.25306e-06
-1.97073e-05
-1.38027e-06
-2.03202e-05
-1.51768e-06
-2.06892e-05
-1.68066e-06
-2.0876e-05
-1.87623e-06
-2.09221e-05
-2.10752e-06
-2.0856e-05
-2.37614e-06
-2.06987e-05
-2.68356e-06
-2.04661e-05
-3.0318e-06
-2.01713e-05
-3.4239e-06
-1.98262e-05
-3.86435e-06
-1.9443e-05
-4.35949e-06
-1.90361e-05
-4.91799e-06
-1.86229e-05
-5.55107e-06
-1.82235e-05
-6.27198e-06
-1.78576e-05
-7.09381e-06
-1.7538e-05
-8.02453e-06
-1.72584e-05
-9.05797e-06
-1.6976e-05
-1.01603e-05
-1.65905e-05
-1.59245e-05
-1.12539e-05
-7.91823e-07
-1.40901e-05
-1.09038e-06
-1.70384e-05
-1.19278e-06
-1.86579e-05
-1.22216e-06
-1.9678e-05
-1.2504e-06
-2.0292e-05
-1.31034e-06
-2.06293e-05
-1.41197e-06
-2.07744e-05
-1.55565e-06
-2.07784e-05
-1.73884e-06
-2.06729e-05
-1.9589e-06
-2.04787e-05
-2.21429e-06
-2.02108e-05
-2.50497e-06
-1.98807e-05
-2.83255e-06
-1.94986e-05
-3.20035e-06
-1.90752e-05
-3.61371e-06
-1.86228e-05
-4.08031e-06
-1.81564e-05
-4.61047e-06
-1.76933e-05
-5.21704e-06
-1.7251e-05
-5.91427e-06
-1.68408e-05
-6.71466e-06
-1.6458e-05
-7.62262e-06
-1.60681e-05
-8.62372e-06
-1.55894e-05
-1.48789e-05
-9.66933e-06
-1.19643e-06
-1.28938e-05
-1.37031e-06
-1.68647e-05
-1.30123e-06
-1.87271e-05
-1.18109e-06
-1.97982e-05
-1.09922e-06
-2.03739e-05
-1.08109e-06
-2.06474e-05
-1.12391e-06
-2.07315e-05
-1.21781e-06
-2.06845e-05
-1.35333e-06
-2.05374e-05
-1.52343e-06
-2.03086e-05
-1.72377e-06
-2.00104e-05
-1.95248e-06
-1.9652e-05
-2.2098e-06
-1.92414e-05
-2.49782e-06
-1.87873e-05
-2.82055e-06
-1.83001e-05
-3.18408e-06
-1.77929e-05
-3.59675e-06
-1.72807e-05
-4.06922e-06
-1.67786e-05
-4.61388e-06
-1.62961e-05
-5.24306e-06
-1.58289e-05
-5.96522e-06
-1.5346e-05
-6.77793e-06
-1.47768e-05
-1.39998e-05
-7.65717e-06
-1.8062e-06
-1.10877e-05
-1.70798e-06
-1.69631e-05
-1.37873e-06
-1.90565e-05
-1.08198e-06
-2.0095e-05
-8.97741e-07
-2.05582e-05
-8.17389e-07
-2.07277e-05
-8.14521e-07
-2.07344e-05
-8.66747e-07
-2.06323e-05
-9.58299e-07
-2.04458e-05
-1.07902e-06
-2.01879e-05
-1.22299e-06
-1.98664e-05
-1.38733e-06
-1.94876e-05
-1.57137e-06
-1.90574e-05
-1.77618e-06
-1.85825e-05
-2.0044e-06
-1.8072e-05
-2.26023e-06
-1.75371e-05
-2.54959e-06
-1.69914e-05
-2.88e-06
-1.64482e-05
-3.26022e-06
-1.5916e-05
-3.6991e-06
-1.53901e-05
-4.20334e-06
-1.48418e-05
-4.77367e-06
-1.42065e-05
-1.33748e-05
-5.3987e-06
-2.55967e-06
-8.52813e-06
-2.01522e-06
-1.75076e-05
-1.29065e-06
-1.97811e-05
-8.41942e-07
-2.05437e-05
-6.11489e-07
-2.07886e-05
-5.10738e-07
-2.08285e-05
-4.87069e-07
-2.07581e-05
-5.10483e-07
-2.06088e-05
-5.63521e-07
-2.03927e-05
-6.36266e-07
-2.01151e-05
-7.23383e-07
-1.97793e-05
-8.22306e-07
-1.93887e-05
-9.32215e-07
-1.89475e-05
-1.05351e-06
-1.84613e-05
-1.18758e-06
-1.79379e-05
-1.33683e-06
-1.73879e-05
-1.50463e-06
-1.68236e-05
-1.69524e-06
-1.62576e-05
-1.91339e-06
-1.56979e-05
-2.16342e-06
-1.51401e-05
-2.44786e-06
-1.45574e-05
-2.76549e-06
-1.38889e-05
-1.30312e-05
-3.10908e-06
-2.99879e-06
-1.52123e-06
-6.97028e-07
-3.69544e-07
-2.29167e-07
-1.72671e-07
-1.57814e-07
-1.64405e-07
-1.82641e-07
-2.07772e-07
-2.37508e-07
-2.70797e-07
-3.07266e-07
-3.46956e-07
-3.90224e-07
-4.37735e-07
-4.90476e-07
-5.49708e-07
-6.16764e-07
-6.92597e-07
-7.77075e-07
-8.67955e-07
-9.5988e-07
3.73565e-05
-7.20285e-07
4.06594e-05
-3.30296e-06
4.69052e-05
-6.24574e-06
-1.03623e-05
5.72675e-05
3.40741e-05
-4.79606e-06
3.74358e-05
-6.66466e-06
4.01449e-05
-8.95481e-06
-1.18222e-05
4.16048e-05
2.87287e-05
-7.10469e-06
3.04098e-05
-8.34581e-06
3.1131e-05
-9.67602e-06
-1.11733e-05
3.04821e-05
2.60265e-05
-8.66085e-06
2.69249e-05
-9.24419e-06
2.6947e-05
-9.69813e-06
-1.02101e-05
2.59838e-05
2.61468e-05
-9.87219e-06
2.63145e-05
-9.41195e-06
2.56768e-05
-9.06035e-06
-8.93579e-06
2.44025e-05
2.33631e-05
-6.7201e-06
2.11123e-05
-7.16126e-06
1.96003e-05
-7.54836e-06
-6.56004e-06
1.72246e-05
2.29825e-05
-5.60299e-06
2.10729e-05
-5.2516e-06
1.90589e-05
-5.53441e-06
-5.81895e-06
1.83178e-05
2.91803e-05
-4.45545e-06
2.77005e-05
-3.77178e-06
2.54671e-05
-3.30104e-06
-2.92953e-06
2.25776e-05
3.22775e-05
-3.53329e-06
3.13998e-05
-2.8941e-06
3.03564e-05
-2.25764e-06
-1.58822e-06
2.90151e-05
3.37105e-05
-2.84478e-06
3.30938e-05
-2.27756e-06
3.24719e-05
-1.63573e-06
-9.08927e-07
3.17925e-05
3.32455e-05
-2.3714e-06
3.28098e-05
-1.8419e-06
3.23801e-05
-1.20607e-06
-4.58311e-07
3.19294e-05
3.13987e-05
-2.04566e-06
3.10583e-05
-1.5016e-06
3.06884e-05
-8.36168e-07
-4.30977e-08
3.02732e-05
2.87166e-05
-1.81082e-06
2.8421e-05
-1.20602e-06
2.80523e-05
-4.6754e-07
4.12521e-07
2.75967e-05
2.56479e-05
-1.63979e-06
2.53828e-05
-9.40956e-07
2.50094e-05
-9.41372e-08
9.10298e-07
2.45116e-05
2.25246e-05
-1.53205e-06
2.23038e-05
-7.20268e-07
2.19534e-05
2.56254e-07
1.40892e-06
2.14548e-05
1.95659e-05
-1.50214e-06
1.94178e-05
-5.72234e-07
1.91337e-05
5.40345e-07
1.84849e-06
1.86941e-05
1.68922e-05
-1.56893e-06
1.68473e-05
-5.2738e-07
1.66731e-05
7.14582e-07
2.17057e-06
1.63509e-05
1.45427e-05
-1.74763e-06
1.46247e-05
-6.09436e-07
1.45937e-05
7.45569e-07
2.33092e-06
1.44334e-05
1.2497e-05
-2.04504e-06
1.27177e-05
-8.30165e-07
1.28476e-05
6.15673e-07
2.30547e-06
1.2873e-05
1.06947e-05
-2.45762e-06
1.10525e-05
-1.18796e-06
1.13441e-05
3.24089e-07
2.09086e-06
1.15587e-05
9.05402e-06
-2.97209e-06
9.53527e-06
-1.66919e-06
9.97458e-06
-1.15201e-07
1.70148e-06
1.0364e-05
7.48766e-06
-3.56751e-06
8.06963e-06
-2.25112e-06
8.63177e-06
-6.77309e-07
1.16463e-06
9.16865e-06
5.91606e-06
-4.21802e-06
6.57027e-06
-2.9053e-06
7.22377e-06
-1.3308e-06
5.15131e-07
7.87328e-06
4.27695e-06
-4.89543e-06
4.97239e-06
-3.60074e-06
5.68326e-06
-2.04169e-06
-2.09605e-07
6.40797e-06
2.53142e-06
-5.57149e-06
3.23747e-06
-4.30683e-06
3.97256e-06
-2.77681e-06
-9.73561e-07
4.73648e-06
6.66933e-07
-6.21998e-06
1.35571e-06
-4.99565e-06
2.08537e-06
-3.50651e-06
-1.74511e-06
2.85689e-06
-1.30203e-06
-6.81751e-06
-6.54545e-07
-5.64316e-06
4.50131e-08
-4.20609e-06
-2.49885e-06
7.98722e-07
-3.33598e-06
-7.34425e-06
-2.74957e-06
-6.22959e-06
-2.09976e-06
-4.8559e-06
-3.21537e-06
-1.38327e-06
-5.37516e-06
-7.78405e-06
-4.86569e-06
-6.73906e-06
-4.28107e-06
-5.44053e-06
-3.87998e-06
-3.61646e-06
-7.34536e-06
-8.12336e-06
-6.92615e-06
-7.15825e-06
-6.41941e-06
-5.94727e-06
-4.48103e-06
-5.81836e-06
-9.16221e-06
-8.3502e-06
-8.84569e-06
-7.47473e-06
-8.42915e-06
-6.36378e-06
-5.00692e-06
-7.90325e-06
-1.07344e-05
-8.45382e-06
-1.05331e-05
-7.67598e-06
-1.02205e-05
-6.67632e-06
-5.44341e-06
-9.78392e-06
-1.1966e-05
-8.42578e-06
-1.18921e-05
-7.74988e-06
-1.16988e-05
-6.86952e-06
-5.77246e-06
-1.13697e-05
-1.27603e-05
-8.26276e-06
-1.28228e-05
-7.68734e-06
-1.27638e-05
-6.92851e-06
-5.97366e-06
-1.25625e-05
-1.30258e-05
-7.97121e-06
-1.32258e-05
-7.4873e-06
-1.33103e-05
-6.84402e-06
-6.02906e-06
-1.32549e-05
-1.269e-05
-7.57264e-06
-1.30139e-05
-7.16334e-06
-1.3238e-05
-6.62002e-06
-5.93166e-06
-1.33354e-05
-1.17191e-05
-7.10751e-06
-1.21325e-05
-6.74989e-06
-1.24703e-05
-6.28232e-06
-5.69614e-06
-1.27058e-05
-1.0143e-05
-6.63386e-06
-1.05892e-05
-6.30376e-06
-1.0988e-05
-5.88357e-06
-5.3678e-06
-1.13164e-05
-8.074e-06
-6.21706e-06
-8.48219e-06
-5.89562e-06
-8.86808e-06
-5.49768e-06
-5.02093e-06
-9.21498e-06
-5.70407e-06
-5.91173e-06
-6.00994e-06
-5.5898e-06
-6.30872e-06
-5.19892e-06
-4.73897e-06
-6.59068e-06
-3.27495e-06
-5.7459e-06
-3.4413e-06
-5.42348e-06
-3.60522e-06
-5.03502e-06
-4.58093e-06
-3.76325e-06
-1.00173e-06
-1.04229e-06
-1.08119e-06
-1.1183e-06
3.9158e-05
-5.43589e-05
2.2838e-05
-6.06476e-05
0.000182228
9.8232e-05
0.00020674
0.000620357
0.00016829
0.000466652
6.60436e-05
0.000349912
-2.09792e-05
0.000168124
-6.04387e-05
-2.64224e-05
-6.43764e-05
-0.000140725
-5.40669e-05
-0.000175752
-4.19685e-05
-0.000163467
-3.12632e-05
-0.000134064
-1.50596e-05
-0.000108862
1.75867e-05
-9.3763e-05
1.78651e-05
-0.000142154
1.23005e-05
-0.00015616
8.35433e-06
-0.000147368
3.44069e-06
-0.000132987
-0.000109279
2.84836e-05
-4.12377e-05
1.2384e-05
-4.4548e-05
0.000106117
4.49911e-06
0.00027546
0.000451014
0.000265192
0.00047692
0.000241998
0.000373106
0.000207835
0.000202287
0.0001617
1.97125e-05
0.000127295
-0.00010632
9.56041e-05
-0.000144062
6.93777e-05
-0.000137241
5.44626e-05
-0.000119149
4.12962e-05
-9.56949e-05
5.69088e-05
-0.000109376
5.08016e-05
-0.000136047
3.90811e-05
-0.000144439
2.76254e-05
-0.000135912
1.47555e-05
-0.000120117
-9.45238e-05
2.15862e-05
-3.23418e-05
8.14283e-06
-3.11047e-05
2.07677e-05
-8.12581e-06
0.000327288
0.000144494
0.000473379
0.000330829
0.00048805
0.000358435
0.000463675
0.000226662
0.000403109
8.02793e-05
0.000310114
-1.33242e-05
0.000222098
-5.60457e-05
0.000148938
-6.40811e-05
0.000103554
-7.37653e-05
8.5759e-05
-7.78997e-05
7.9153e-05
-0.00010277
6.8205e-05
-0.000125099
5.43416e-05
-0.000130576
3.91131e-05
-0.000120684
2.18021e-05
-0.000102806
-7.27217e-05
1.98751e-05
-2.6233e-05
1.043e-05
-2.16596e-05
4.6688e-06
-2.36463e-06
0.000114455
3.47081e-05
0.000354849
9.04349e-05
0.000515111
0.000198173
0.000533601
0.000208172
0.00046641
0.00014747
0.00036152
9.15656e-05
0.00025417
5.13048e-05
0.000160028
3.00608e-05
0.000110312
-2.405e-05
9.48045e-05
-6.23918e-05
8.5675e-05
-9.36403e-05
7.48221e-05
-0.000114246
6.02449e-05
-0.000115999
4.35912e-05
-0.00010403
2.47468e-05
-8.39617e-05
-4.79749e-05
2.03798e-05
-2.22103e-05
1.55939e-05
-1.68738e-05
1.14601e-05
1.7692e-06
2.03613e-05
2.58069e-05
5.79158e-05
5.28804e-05
0.000173416
8.26723e-05
0.000248497
0.000133092
0.000265465
0.000130502
0.00022407
0.000132961
0.000163371
0.000112004
0.000114908
7.85238e-05
9.83764e-05
-7.51848e-06
8.89185e-05
-5.29339e-05
8.25315e-05
-8.72532e-05
7.22693e-05
-0.000103984
5.73898e-05
-0.000101119
4.15124e-05
-8.81525e-05
2.38244e-05
-6.62736e-05
-2.41505e-05
1.76961e-05
-2.26818e-05
1.83034e-05
-1.74812e-05
1.60852e-05
3.98747e-06
1.68504e-05
2.50416e-05
2.23642e-05
4.73666e-05
3.01754e-05
7.48611e-05
5.70629e-05
0.000106204
7.06584e-05
0.000116906
6.49496e-05
0.000138669
6.07005e-05
0.000116253
8.55485e-05
5.36758e-05
8.24189e-05
-4.38895e-06
7.79514e-05
-4.84664e-05
7.03117e-05
-7.96136e-05
5.92203e-05
-9.28925e-05
4.58499e-05
-8.77487e-05
3.34721e-05
-7.57747e-05
1.91389e-05
-5.19404e-05
-5.01168e-06
1.09537e-05
-1.53177e-05
4.586e-06
-1.11134e-05
1.22645e-05
-3.69104e-06
1.88748e-05
1.84314e-05
2.36517e-05
4.25896e-05
2.99875e-05
6.85253e-05
4.12316e-05
9.49599e-05
4.22198e-05
0.000115918
5.29276e-05
0.000127961
7.14857e-05
9.76948e-05
7.63772e-05
4.87843e-05
6.82759e-05
3.71231e-06
5.65586e-05
-3.6749e-05
4.37931e-05
-6.68482e-05
3.36167e-05
-8.27161e-05
2.55494e-05
-7.96813e-05
1.89264e-05
-6.91516e-05
1.0408e-05
-4.3422e-05
5.39631e-06
1.23692e-05
-5.10936e-06
4.62766e-06
-3.37203e-06
-1.80356e-07
1.11691e-06
1.07175e-05
7.53352e-06
2.32868e-05
3.00203e-05
3.15682e-05
6.02439e-05
3.98905e-05
8.66375e-05
4.79772e-05
0.000107832
6.08067e-05
0.000115132
6.48754e-05
9.36261e-05
5.54875e-05
5.81723e-05
3.73414e-05
2.18583e-05
1.43432e-05
-1.37508e-05
-1.34427e-06
-5.11607e-05
-4.7596e-06
-7.93007e-05
-2.59775e-06
-8.18432e-05
-1.74111e-06
-7.00083e-05
-3.16907e-07
-4.48462e-05
5.0794e-06
2.48795e-05
-9.73873e-07
1.77572e-05
3.75015e-06
1.1188e-05
7.68599e-06
3.26608e-06
1.54554e-05
9.2156e-06
2.40708e-05
2.32364e-05
4.62231e-05
3.56254e-05
7.42485e-05
4.22293e-05
0.000101228
4.54297e-05
0.000111931
3.76001e-05
0.000101456
1.54223e-05
8.035e-05
-1.4324e-05
5.16046e-05
-3.63561e-05
8.28132e-06
-4.93336e-05
-3.81832e-05
-5.14579e-05
-7.71764e-05
-4.04209e-05
-9.28802e-05
-1.89977e-05
-9.14314e-05
-8.51417e-06
-5.53298e-05
-3.43477e-06
2.97692e-05
1.04932e-06
2.7258e-05
6.26129e-06
2.28759e-05
1.2068e-05
1.9308e-05
1.90234e-05
1.78885e-05
2.54903e-05
1.23002e-05
5.18114e-05
1.74653e-05
6.90834e-05
2.06064e-05
9.80865e-05
1.25941e-05
0.000119944
-6.1177e-06
0.000120167
-3.00808e-05
0.000104313
-5.03057e-05
7.18295e-05
-7.11871e-05
2.91627e-05
-9.71782e-05
-1.2192e-05
-0.00010614
-6.82144e-05
-8.51317e-05
-0.000113889
-5.07383e-05
-0.000125825
-1.59369e-05
-9.01312e-05
-1.93717e-05
3.07164e-05
2.26224e-06
2.91999e-05
7.7778e-06
2.6969e-05
1.42989e-05
2.41403e-05
2.1852e-05
1.76633e-05
3.19672e-05
1.71215e-05
5.23533e-05
1.11539e-05
7.5051e-05
-3.55849e-06
0.000112799
-2.8984e-05
0.000145369
-4.48423e-05
0.000136026
-5.07974e-05
0.000110268
-5.28749e-05
7.3907e-05
-6.9668e-05
4.59558e-05
-0.000125869
4.40094e-05
-0.000125573
-6.85109e-05
-0.000102056
-0.000137406
-7.73029e-05
-0.000150578
-3.47549e-05
-0.000132679
-5.41266e-05
2.90793e-05
3.4561e-06
2.74271e-05
9.43003e-06
2.51088e-05
1.66173e-05
2.14805e-05
2.54803e-05
1.56304e-05
3.78172e-05
1.04851e-05
5.74986e-05
-6.06587e-07
8.61426e-05
-2.16499e-05
0.000133842
-4.08799e-05
0.000164599
-4.80602e-05
0.000143206
-3.97475e-05
0.000101955
-3.05434e-05
6.47029e-05
-6.75254e-05
8.29378e-05
-0.000108235
8.47193e-05
-0.000113046
-6.37005e-05
-9.9845e-05
-0.000150606
-7.91777e-05
-0.000171245
-4.58006e-05
-0.000166056
-9.99272e-05
2.61325e-05
4.92031e-06
2.39095e-05
1.1653e-05
2.06734e-05
1.98534e-05
1.59636e-05
3.01902e-05
9.45617e-06
4.43247e-05
1.36052e-06
6.55943e-05
-1.01556e-05
9.76587e-05
-2.17943e-05
0.000145481
-3.01382e-05
0.000172943
-2.61509e-05
0.000139219
-2.53952e-05
0.0001012
-5.68698e-05
9.61775e-05
-9.20694e-05
0.000118137
-8.97598e-05
8.24098e-05
-8.99431e-05
-6.35172e-05
-0.000102724
-0.000137825
-7.79995e-05
-0.00019597
-3.96876e-05
-0.000204368
-0.000139615
2.27853e-05
6.64666e-06
2.00228e-05
1.44156e-05
1.59291e-05
2.39471e-05
1.01551e-05
3.59643e-05
2.48993e-06
5.19899e-05
-6.79918e-06
7.48834e-05
-1.72787e-05
0.000108138
-2.38599e-05
0.000152062
-2.56111e-05
0.000174694
-4.08992e-05
0.000154507
-6.70225e-05
0.000127323
-9.56523e-05
0.000124807
-0.000102535
0.00012502
-8.76063e-05
6.7481e-05
-0.000104514
-4.66092e-05
-0.000105129
-0.00013721
-8.62936e-05
-0.000214806
-3.94843e-05
-0.000251177
-0.000179099
1.96257e-05
8.47578e-06
1.66015e-05
1.74399e-05
1.20938e-05
2.84548e-05
5.83668e-06
4.22215e-05
-2.2314e-06
6.00581e-05
-1.1534e-05
8.4186e-05
-2.03243e-05
0.000116929
-2.42726e-05
0.00015601
-2.89469e-05
0.000179369
-4.68829e-05
0.000172443
-7.46283e-05
0.000155068
-9.50661e-05
0.000145245
-9.29943e-05
0.000122949
-8.4673e-05
5.91598e-05
-8.97485e-05
-4.15335e-05
-7.61413e-05
-0.000150817
-4.94359e-05
-0.000241511
-2.36204e-05
-0.000276993
-0.000202719
1.69755e-05
1.01944e-05
1.40392e-05
2.03762e-05
9.64944e-06
3.28445e-05
3.6567e-06
4.82142e-05
-3.80897e-06
6.75238e-05
-1.19189e-05
9.2296e-05
-1.8677e-05
0.000123687
-2.14664e-05
0.0001588
-2.59759e-05
0.000183878
-4.04682e-05
0.000186935
-6.15811e-05
0.000176181
-7.58309e-05
0.000159495
-8.03886e-05
0.000127506
-8.6512e-05
6.52832e-05
-8.80029e-05
-4.00424e-05
-6.08353e-05
-0.000177985
-2.5558e-05
-0.000276788
-7.34221e-06
-0.000295209
-0.000210062
1.49446e-05
1.16008e-05
1.24107e-05
2.29101e-05
8.58712e-06
3.66681e-05
3.44336e-06
5.3358e-05
-2.74301e-06
7.37102e-05
-9.0668e-06
9.86198e-05
-1.37992e-05
0.000128419
-1.55047e-05
0.000160505
-1.77238e-05
0.000186097
-2.65207e-05
0.000195732
-3.98284e-05
0.000189489
-5.12616e-05
0.000170928
-6.08321e-05
0.000137077
-7.12054e-05
7.56565e-05
-7.20744e-05
-3.91733e-05
-4.51359e-05
-0.000204923
-1.67414e-05
-0.000305183
-1.3861e-08
-0.000311936
-0.000210076
1.34902e-05
1.25438e-05
1.15838e-05
2.48164e-05
8.62334e-06
3.96286e-05
4.66974e-06
5.73116e-05
7.71686e-08
7.83027e-05
-4.32321e-06
0.00010302
-7.17379e-06
0.00013127
-7.52873e-06
0.00016086
-7.31898e-06
0.000185887
-1.03944e-05
0.000198808
-1.70805e-05
0.000196175
-2.48525e-05
0.0001787
-3.22591e-05
0.000144484
-3.7128e-05
8.05254e-05
-3.7171e-05
-3.91301e-05
-5.24976e-06
-0.000236845
-1.03319e-06
-0.000309399
-1.76649e-06
-0.000311203
-0.000211842
1.24772e-05
1.29396e-05
1.13183e-05
2.59752e-05
9.36202e-06
4.15849e-05
6.72111e-06
5.99525e-05
3.75801e-06
8.12658e-05
1.19843e-06
0.00010558
6.75381e-08
0.000132401
1.07126e-06
0.000159856
3.32116e-06
0.000183637
4.37964e-06
0.000197749
2.95042e-06
0.000197604
1.71244e-07
0.00018148
-2.04701e-06
0.000146702
-1.59095e-06
8.00693e-05
4.55232e-06
-4.52734e-05
2.49139e-05
-0.000257206
1.17699e-05
-0.000296256
1.54095e-06
-0.000300974
-0.000210301
1.17277e-05
1.27706e-05
1.13405e-05
2.63625e-05
1.03992e-05
4.25262e-05
9.03528e-06
6.13164e-05
7.5786e-06
8.27226e-05
6.61213e-06
0.000106546
6.90176e-06
0.000132111
9.0244e-06
0.000157734
1.2587e-05
0.000180075
1.60687e-05
0.000194268
1.81902e-05
0.000195483
1.95816e-05
0.000180088
2.31695e-05
0.000143114
3.09515e-05
7.22873e-05
3.79009e-05
-5.22229e-05
3.61294e-05
-0.000255435
2.2241e-05
-0.000282367
6.68698e-06
-0.00028542
-0.000203614
1.10605e-05
1.2074e-05
1.13935e-05
2.60295e-05
1.13838e-05
4.25359e-05
1.1156e-05
6.15444e-05
1.09808e-05
8.28978e-05
1.13004e-05
0.000106227
1.26648e-05
0.000130747
1.54892e-05
0.000154909
1.96011e-05
0.000175963
2.4037e-05
0.000189832
2.77926e-05
0.000191727
3.12664e-05
0.000176614
3.7034e-05
0.000137347
4.77023e-05
6.1619e-05
6.33648e-05
-6.78855e-05
4.1292e-05
-0.000233362
2.56026e-05
-0.000266678
9.64126e-06
-0.000269459
-0.000193973
1.03169e-05
1.09258e-05
1.12689e-05
2.50775e-05
1.20508e-05
4.1754e-05
1.27649e-05
6.08303e-05
1.36125e-05
8.20502e-05
1.49017e-05
0.000104938
1.69945e-05
0.000128654
2.01444e-05
0.00015176
2.42123e-05
0.000171895
2.84814e-05
0.000185563
3.20067e-05
0.000188202
3.45142e-05
0.000174107
3.68115e-05
0.000135049
3.9451e-05
5.89797e-05
5.44938e-05
-8.29282e-05
3.60268e-05
-0.000214895
2.3369e-05
-0.00025402
9.06024e-06
-0.00025515
-0.000184913
9.37585e-06
9.42324e-06
1.08208e-05
2.36325e-05
1.22314e-05
4.03434e-05
1.36817e-05
5.93801e-05
1.5306e-05
8.0426e-05
1.72961e-05
0.000102948
1.98585e-05
0.000126092
2.30995e-05
0.000148519
2.68299e-05
0.000168165
3.03873e-05
0.000182005
3.27034e-05
0.000185886
3.26453e-05
0.000174165
2.9052e-05
0.000138642
2.15241e-05
6.65075e-05
3.56942e-05
-9.70983e-05
3.32986e-05
-0.000212499
2.52926e-05
-0.000246014
9.76087e-06
-0.000239618
-0.000175152
8.16138e-06
7.66982e-06
9.96919e-06
2.18247e-05
1.1848e-05
3.84646e-05
1.38456e-05
5.73825e-05
1.60407e-05
7.82309e-05
1.85357e-05
0.000100453
2.14233e-05
0.000123204
2.47054e-05
0.000145236
2.81579e-05
0.000164712
3.11897e-05
0.000178973
3.28274e-05
0.000184248
3.19311e-05
0.000175061
2.76931e-05
0.00014288
2.23433e-05
7.18572e-05
3.12057e-05
-0.000105961
3.34873e-05
-0.000214781
2.60517e-05
-0.000238578
1.38357e-05
-0.000227402
-0.000161316
6.64325e-06
5.76302e-06
8.69519e-06
1.97727e-05
1.09017e-05
3.6258e-05
1.32898e-05
5.49944e-05
1.58992e-05
7.56214e-05
1.87734e-05
9.75784e-05
2.19357e-05
0.000120042
2.53377e-05
0.000141835
2.87792e-05
0.000161271
3.18429e-05
0.00017591
3.39651e-05
0.000182126
3.48401e-05
0.000174186
3.5372e-05
0.000142348
3.85591e-05
6.86701e-05
2.67288e-05
-9.41304e-05
2.97975e-05
-0.000217849
2.31061e-05
-0.000231887
1.51522e-05
-0.000219449
-0.000146164
4.834e-06
3.78586e-06
7.03301e-06
1.75736e-05
9.45696e-06
3.3834e-05
1.21186e-05
5.23327e-05
1.50343e-05
7.27056e-05
1.82149e-05
9.43978e-05
2.16506e-05
0.000116606
2.52768e-05
0.000138208
2.89338e-05
0.000157614
3.23554e-05
0.000172488
3.52851e-05
0.000179196
3.78613e-05
0.00017161
4.12832e-05
0.000138926
4.69419e-05
6.30112e-05
3.58072e-05
-8.29957e-05
2.35434e-05
-0.000205586
1.90683e-05
-0.000227412
1.35909e-05
-0.000213971
-0.000132573
2.78204e-06
1.80243e-06
5.05838e-06
1.52971e-05
7.62561e-06
3.12667e-05
1.04878e-05
4.94705e-05
1.36492e-05
6.95441e-05
1.71074e-05
9.09395e-05
2.08431e-05
0.00011287
2.47867e-05
0.000134265
2.87853e-05
0.000153615
3.25826e-05
0.000168691
3.58409e-05
0.000175938
3.81909e-05
0.00016926
3.90361e-05
0.000138081
3.65534e-05
6.5494e-05
3.77913e-05
-8.42338e-05
2.56262e-05
-0.000193421
1.82936e-05
-0.000220079
1.25861e-05
-0.000208264
-0.000119987
5.62204e-07
-1.43126e-07
2.87421e-06
1.2985e-05
5.5486e-06
2.85921e-05
8.58453e-06
4.64345e-05
1.19816e-05
6.61471e-05
1.57364e-05
8.71846e-05
1.98407e-05
0.000108766
2.42328e-05
0.000129873
2.87491e-05
0.000149099
3.30598e-05
0.00016438
3.65296e-05
0.000172468
3.78688e-05
0.00016792
3.43898e-05
0.00014156
2.19609e-05
7.7923e-05
3.18746e-05
-9.41473e-05
3.1648e-05
-0.000193194
2.25951e-05
-0.000211026
1.34308e-05
-0.000199099
-0.000106556
-1.73783e-06
-2.02182e-06
5.93022e-07
1.06541e-05
3.37258e-06
2.58125e-05
6.59941e-06
4.32076e-05
1.02736e-05
6.24728e-05
1.43967e-05
8.30614e-05
1.8992e-05
0.000104171
2.40381e-05
0.000124826
2.94054e-05
0.000143732
3.47742e-05
0.000159011
3.94395e-05
0.000167803
4.18525e-05
0.000165507
3.91414e-05
0.000144271
2.93351e-05
8.77291e-05
4.88722e-05
-0.000113684
3.98661e-05
-0.000184188
2.89536e-05
-0.000200114
1.52036e-05
-0.000185349
-9.13524e-05
-4.02619e-06
-3.81401e-06
-1.68013e-06
8.30806e-06
1.22412e-06
2.29082e-05
4.68944e-06
3.97422e-05
8.72195e-06
5.84402e-05
1.33308e-05
7.84525e-05
1.8567e-05
9.89346e-05
2.45018e-05
0.000118892
3.10875e-05
0.000137146
3.81766e-05
0.000151922
4.5405e-05
0.000160574
5.18882e-05
0.000159024
5.60151e-05
0.000140144
5.74548e-05
8.62892e-05
5.10455e-05
-0.000107275
4.60407e-05
-0.000179183
3.32962e-05
-0.000187369
1.71424e-05
-0.000169196
-7.421e-05
-6.21887e-06
-5.4984e-06
-3.86116e-06
5.95042e-06
-8.10806e-07
1.98579e-05
2.94486e-06
3.59864e-05
7.42151e-06
5.39636e-05
1.26401e-05
7.32339e-05
1.86387e-05
9.2936e-05
2.55775e-05
0.000111953
3.35194e-05
0.000129204
4.25685e-05
0.000142873
5.27924e-05
0.000150351
6.40373e-05
0.000147779
7.58378e-05
0.000128344
8.604e-05
7.6087e-05
5.37526e-05
-7.49877e-05
4.79967e-05
-0.000173427
3.3306e-05
-0.000172678
1.76955e-05
-0.000153585
-5.65145e-05
-8.23908e-06
-7.04324e-06
-5.8888e-06
3.60017e-06
-2.69024e-06
1.66594e-05
1.38319e-06
3.19129e-05
6.35463e-06
4.89921e-05
1.22563e-05
6.73323e-05
1.90988e-05
8.60936e-05
2.70181e-05
0.000104034
3.61875e-05
0.000120035
4.68515e-05
0.000132209
5.9306e-05
0.000137896
7.34252e-05
0.00013366
8.82407e-05
0.000113528
9.92238e-05
6.51039e-05
6.64235e-05
-4.21874e-05
4.61782e-05
-0.000153182
3.07673e-05
-0.000157268
1.59939e-05
-0.000138812
-4.05206e-05
-1.00129e-05
-8.40002e-06
-7.71651e-06
1.30373e-06
-4.40376e-06
1.33467e-05
-2.77221e-08
2.7537e-05
5.44181e-06
4.35225e-05
1.20344e-05
6.07398e-05
1.97525e-05
7.83755e-05
2.85815e-05
9.52046e-05
3.87224e-05
0.000109894
5.043e-05
0.000120501
6.39439e-05
0.000124382
7.85257e-05
0.000119078
9.16102e-05
0.000100444
9.62502e-05
6.0464e-05
7.01324e-05
-1.60696e-05
4.56248e-05
-0.000128675
2.95625e-05
-0.000141205
1.21941e-05
-0.000121443
-2.83264e-05
-1.14599e-05
-9.50259e-06
-9.29837e-06
-8.578e-07
-5.95423e-06
1.00025e-05
-1.34931e-06
2.29322e-05
4.55856e-06
3.76147e-05
1.1788e-05
5.35103e-05
2.03421e-05
6.98214e-05
3.01212e-05
8.54254e-05
4.11116e-05
9.89036e-05
5.33761e-05
0.000108237
6.70617e-05
0.000110697
8.09533e-05
0.000105187
9.2091e-05
8.93061e-05
9.42214e-05
5.83336e-05
7.47059e-05
3.44597e-06
4.54169e-05
-9.93855e-05
3.01086e-05
-0.000125897
1.04311e-05
-0.000101766
-1.78954e-05
-1.24819e-05
-1.02757e-05
-1.05695e-05
-2.77014e-06
-7.33201e-06
6.76492e-06
-2.64477e-06
1.82449e-05
3.55996e-06
3.141e-05
1.13059e-05
4.57644e-05
2.05825e-05
6.05448e-05
3.13081e-05
7.46999e-05
4.32933e-05
8.69184e-05
5.6159e-05
9.53715e-05
6.95953e-05
9.72602e-05
8.23524e-05
9.24294e-05
9.23791e-05
7.92794e-05
9.5308e-05
5.54047e-05
8.21694e-05
1.65845e-05
4.8002e-05
-6.5218e-05
3.02964e-05
-0.000108191
1.36436e-05
-8.5113e-05
-4.25181e-06
-1.2956e-05
-1.06551e-05
-1.14243e-05
-4.30187e-06
-8.481e-06
3.82167e-06
-3.93837e-06
1.37022e-05
2.3129e-06
2.51588e-05
1.03152e-05
3.77621e-05
2.00583e-05
5.08017e-05
3.14644e-05
6.32938e-05
4.43566e-05
7.40261e-05
5.80858e-05
8.16422e-05
7.1376e-05
8.397e-05
8.38494e-05
7.9956e-05
9.39847e-05
6.9144e-05
9.86963e-05
5.06931e-05
9.27245e-05
2.25563e-05
6.07357e-05
-3.32291e-05
3.04204e-05
-7.78761e-05
1.359e-05
-6.82826e-05
9.33818e-06
-1.27403e-05
-1.06206e-05
-1.17022e-05
-5.34003e-06
-9.25961e-06
1.37904e-06
-5.14993e-06
9.59257e-06
7.91757e-07
1.92171e-05
8.63916e-06
2.99148e-05
1.83857e-05
4.10553e-05
2.99324e-05
5.17471e-05
4.30581e-05
6.09004e-05
5.73659e-05
6.73344e-05
7.15116e-05
6.98243e-05
8.4666e-05
6.68016e-05
9.57296e-05
5.80804e-05
0.000102352
4.4071e-05
9.96349e-05
2.52732e-05
7.12023e-05
-4.79653e-06
3.13101e-05
-3.79839e-05
1.40166e-05
-5.0989e-05
2.33547e-05
-1.17041e-05
-1.02329e-05
-1.12007e-05
-5.84346e-06
-9.4233e-06
-3.98298e-07
-6.04008e-06
6.20937e-06
-8.2063e-07
1.39976e-05
6.36335e-06
2.27308e-05
1.55303e-05
3.18883e-05
2.65801e-05
4.06973e-05
3.92857e-05
4.81949e-05
5.32882e-05
5.33319e-05
6.80539e-05
5.50585e-05
8.23647e-05
5.24908e-05
9.51018e-05
4.53432e-05
0.000104279
3.48936e-05
0.000105306
2.42465e-05
8.67392e-05
1.37702e-05
4.28412e-05
5.91411e-06
1.82785e-05
-2.64264e-05
4.16333e-05
-9.79586e-06
-9.65201e-06
-9.74173e-06
-5.89756e-06
-8.66991e-06
-1.47013e-06
-6.22089e-06
3.76034e-06
-2.112e-06
9.88869e-06
3.86687e-06
1.67519e-05
1.18055e-05
2.39496e-05
2.16409e-05
3.0862e-05
3.31719e-05
3.66638e-05
4.6106e-05
4.03979e-05
6.00951e-05
4.10694e-05
7.46996e-05
3.78864e-05
8.91836e-05
3.08593e-05
0.000102574
2.15036e-05
0.000113479
1.33409e-05
0.000117278
9.97148e-06
7.27925e-05
5.03998e-05
3.08459e-05
1.55202e-05
7.24792e-05
-7.13874e-06
-9.10394e-06
-7.31919e-06
-5.71709e-06
-6.80413e-06
-1.98522e-06
-5.30393e-06
2.26017e-06
-2.54612e-06
7.13086e-06
1.76915e-06
1.24366e-05
7.8386e-06
1.78802e-05
1.56671e-05
2.30335e-05
2.50834e-05
2.72475e-05
3.582e-05
2.96613e-05
4.76249e-05
2.92645e-05
6.04229e-05
2.50884e-05
7.44667e-05
1.68156e-05
8.97879e-05
6.18243e-06
0.000105752
-2.62287e-06
0.000113216
2.50654e-06
7.48971e-05
8.87193e-05
3.90964e-05
5.13209e-05
0.000111576
-4.09855e-06
-8.76863e-06
-4.29039e-06
-5.52526e-06
-4.08749e-06
-2.18814e-06
-3.35985e-06
1.53254e-06
-1.89309e-06
5.66408e-06
6.72646e-07
9.87089e-06
4.56879e-06
1.39841e-05
9.81624e-06
1.77861e-05
1.62232e-05
2.08406e-05
2.34123e-05
2.24722e-05
3.09712e-05
2.17056e-05
3.8718e-05
1.73416e-05
4.72481e-05
8.28546e-06
5.74781e-05
-4.04762e-06
7.17311e-05
-1.68758e-05
0.000103167
-2.89298e-05
0.000108707
8.31801e-05
0.000111899
4.81281e-05
0.000223475
-1.20161e-06
-1.31091e-06
-1.52685e-06
-1.56376e-06
-9.58385e-07
4.99398e-07
2.87142e-06
6.07781e-06
9.82647e-06
1.35418e-05
1.62353e-05
1.66213e-05
1.39669e-05
1.26963e-05
2.14025e-05
6.48425e-05
0.000200503
0.000367633
)
;

boundaryField
{
    leftWall
    {
        type            calculated;
        value           uniform 0;
    }
    rightWall
    {
        type            calculated;
        value           uniform 0;
    }
    lowerWall
    {
        type            calculated;
        value           uniform 0;
    }
    atmosphere
    {
        type            calculated;
        value           nonuniform List<scalar> 
46
(
-5.52943e-06
-1.89852e-05
-2.06053e-05
-2.08712e-05
-2.09289e-05
-2.08849e-05
-2.07729e-05
-2.06022e-05
-2.03745e-05
-2.00899e-05
-1.97496e-05
-1.93554e-05
-1.8911e-05
-1.84216e-05
-1.78946e-05
-1.73404e-05
-1.67709e-05
-1.61984e-05
-1.56309e-05
-1.50643e-05
-1.4473e-05
-1.37981e-05
-1.29393e-05
-5.70405e-06
-5.38294e-06
-4.99614e-06
-4.54382e-06
-8.68532e-06
-5.41593e-06
-1.97222e-06
1.56943e-06
5.05873e-06
8.4131e-06
1.1612e-05
1.45797e-05
1.70919e-05
1.8757e-05
1.90121e-05
1.69556e-05
1.09398e-05
-2.77691e-06
-2.55821e-05
-7.23698e-05
-5.248e-05
-0.000119003
0.000591108
)
;
    }
    defaultFaces
    {
        type            empty;
        value           nonuniform List<scalar> 0();
    }
}


// ************************************************************************* //
