/*--------------------------------*- C++ -*----------------------------------*\
| =========                 |                                                 |
| \\      /  F ield         | OpenFOAM: The Open Source CFD Toolbox           |
|  \\    /   O peration     | Version:  v2012                                 |
|   \\  /    A nd           | Website:  www.openfoam.com                      |
|    \\/     M anipulation  |                                                 |
\*---------------------------------------------------------------------------*/
FoamFile
{
    version     2.0;
    format      ascii;
    class       volVectorField;
    location    "0.6";
    object      U;
}
// * * * * * * * * * * * * * * * * * * * * * * * * * * * * * * * * * * * * * //

dimensions      [0 1 -1 0 0 0 0];


internalField   nonuniform List<vector> 
2268
(
(-0.0419087 0.0171314 0)
(-0.0778164 0.00792921 0)
(-0.081208 -0.00395276 0)
(-0.0619307 -0.0083796 0)
(-0.0387188 -0.00884262 0)
(-0.0157248 -0.00792421 0)
(0.00428732 -0.00669035 0)
(0.02081 -0.0054356 0)
(0.0341583 -0.00439136 0)
(0.0448619 -0.00358136 0)
(0.0535469 -0.00295827 0)
(0.060618 -0.00242952 0)
(0.0662209 -0.00192206 0)
(0.0702576 -0.00133986 0)
(0.0725433 -0.000329376 0)
(0.0713144 0.00146358 0)
(0.0643675 0.00448764 0)
(0.0485038 0.00875279 0)
(0.0190481 0.0133172 0)
(-0.0224003 0.0190819 0)
(-0.0827824 0.0167075 0)
(-0.138505 -0.00491289 0)
(-0.0581072 -0.0414586 0)
(-0.044239 0.0381408 0)
(-0.0510079 0.0149314 0)
(-0.0452289 -0.00629284 0)
(-0.0289283 -0.0149256 0)
(-0.00950411 -0.0164177 0)
(0.00945122 -0.0150448 0)
(0.0259659 -0.0127769 0)
(0.0395647 -0.01038 0)
(0.0504361 -0.00831345 0)
(0.0590229 -0.00668983 0)
(0.065831 -0.00543279 0)
(0.0711595 -0.00434006 0)
(0.0750667 -0.0032595 0)
(0.0774937 -0.0020414 0)
(0.078311 -0.000266085 0)
(0.0772468 0.00273909 0)
(0.0731609 0.00767631 0)
(0.0638355 0.015004 0)
(0.0459101 0.0238501 0)
(0.0167184 0.033928 0)
(-0.0176017 0.0343953 0)
(-0.0667823 0.00744924 0)
(-0.0223277 -0.0697072 0)
(-0.0305024 0.0541409 0)
(-0.0240015 0.0143187 0)
(-0.0176669 -0.0123884 0)
(-0.0031515 -0.0227627 0)
(0.0127938 -0.0244689 0)
(0.0279875 -0.0223405 0)
(0.0410863 -0.0189006 0)
(0.0517591 -0.015332 0)
(0.0601515 -0.0122152 0)
(0.0666295 -0.00973792 0)
(0.07162 -0.00779371 0)
(0.0753397 -0.00606972 0)
(0.0777678 -0.0043496 0)
(0.078857 -0.0024763 0)
(0.0786277 -3.47238e-05 0)
(0.0770841 0.00381003 0)
(0.0738304 0.0100784 0)
(0.0678735 0.0196092 0)
(0.0578774 0.0317441 0)
(0.0422643 0.0439452 0)
(0.027589 0.0459169 0)
(-0.0096697 0.0136499 0)
(0.0121546 -0.0800676 0)
(-0.0130453 0.0630403 0)
(-0.000108617 0.0114443 0)
(0.00761108 -0.0176653 0)
(0.0205004 -0.0293984 0)
(0.0330952 -0.0310692 0)
(0.0444994 -0.028186 0)
(0.0540981 -0.0237371 0)
(0.0617589 -0.0191629 0)
(0.0675973 -0.0151521 0)
(0.0719058 -0.0119548 0)
(0.075056 -0.00943421 0)
(0.0771933 -0.00715726 0)
(0.0782102 -0.00485755 0)
(0.0780676 -0.00242325 0)
(0.0769407 0.000536481 0)
(0.0750826 0.00491273 0)
(0.0725762 0.0118889 0)
(0.0691158 0.0224751 0)
(0.0644219 0.0359927 0)
(0.0580786 0.049165 0)
(0.0537141 0.0524641 0)
(0.0306576 0.0198843 0)
(0.0372655 -0.0698286 0)
(0.00392877 0.0610113 0)
(0.0221987 0.00718353 0)
(0.0321932 -0.0229443 0)
(0.0431147 -0.0348091 0)
(0.0521258 -0.0359663 0)
(0.0595823 -0.0323204 0)
(0.0656042 -0.0270623 0)
(0.0702142 -0.0217059 0)
(0.0734623 -0.0169967 0)
(0.0755604 -0.0132467 0)
(0.0768486 -0.0102943 0)
(0.0774155 -0.0075673 0)
(0.0770541 -0.00476483 0)
(0.0757264 -0.00188924 0)
(0.0737669 0.00136974 0)
(0.0716742 0.00590737 0)
(0.0698952 0.0129915 0)
(0.0685028 0.0237392 0)
(0.0677016 0.0373376 0)
(0.067727 0.0503942 0)
(0.0698642 0.0547803 0)
(0.057648 0.0274106 0)
(0.0541179 -0.050359 0)
(0.01684 0.0494733 0)
(0.0428029 0.000709006 0)
(0.0562269 -0.0281495 0)
(0.0646527 -0.0386664 0)
(0.0695678 -0.0388398 0)
(0.0729304 -0.0345274 0)
(0.0754178 -0.0287301 0)
(0.0770642 -0.0228517 0)
(0.0777842 -0.0176595 0)
(0.0776968 -0.0135486 0)
(0.0771414 -0.0103451 0)
(0.0761737 -0.00729697 0)
(0.0744727 -0.00407585 0)
(0.0719916 -0.000891474 0)
(0.0692296 0.00244055 0)
(0.0669246 0.00677852 0)
(0.0658276 0.0134525 0)
(0.0661879 0.0237095 0)
(0.0683708 0.0365616 0)
(0.0730045 0.0487997 0)
(0.0799026 0.054128 0)
(0.0762648 0.0347855 0)
(0.0671699 -0.023011 0)
(0.0249042 0.0310411 0)
(0.0619956 -0.00873934 0)
(0.0792613 -0.0329774 0)
(0.0842449 -0.0406007 0)
(0.0845412 -0.0395332 0)
(0.083898 -0.034822 0)
(0.0831343 -0.0288044 0)
(0.0820867 -0.0226487 0)
(0.0804686 -0.0171547 0)
(0.0783048 -0.0128527 0)
(0.0759792 -0.00958376 0)
(0.0735529 -0.00635277 0)
(0.0705739 -0.0028008 0)
(0.0669775 0.000562665 0)
(0.0634339 0.00374571 0)
(0.0609118 0.00754269 0)
(0.0604362 0.0133627 0)
(0.0622831 0.0226624 0)
(0.0667959 0.0342202 0)
(0.0749445 0.0451118 0)
(0.0858496 0.0510511 0)
(0.0900784 0.041131 0)
(0.080126 0.0110857 0)
(0.0323149 0.00601629 0)
(0.0813882 -0.024041 0)
(0.0996205 -0.0389971 0)
(0.0997855 -0.0417677 0)
(0.0955929 -0.0392035 0)
(0.0916438 -0.0342506 0)
(0.0882991 -0.0281349 0)
(0.0850683 -0.0217338 0)
(0.0814635 -0.015894 0)
(0.0774431 -0.0113347 0)
(0.073487 -0.00799373 0)
(0.0697159 -0.0046453 0)
(0.065555 -0.000918351 0)
(0.0609075 0.00253155 0)
(0.0566106 0.00533532 0)
(0.0538633 0.00824259 0)
(0.053948 0.0127705 0)
(0.0570383 0.02078 0)
(0.0633524 0.0306471 0)
(0.0742751 0.0396315 0)
(0.0890368 0.0453245 0)
(0.0997209 0.0436624 0)
(0.103612 0.06515 0)
(-0.103203 0.00402553 0)
(0.136434 -0.10622 0)
(0.205029 0.148081 0)
(-1.36449 0.0260042 0)
(-2.25157 -0.0614672 0)
(-2.58282 -0.138019 0)
(-2.67785 -0.148894 0)
(-2.55593 -0.128421 0)
(-2.4248 -0.107858 0)
(-2.33052 -0.0846439 0)
(-2.24013 -0.062247 0)
(-2.15448 -0.0492622 0)
(-2.07149 -0.0502587 0)
(-1.93795 -0.0705303 0)
(-1.66 -0.117871 0)
(-1.22443 -0.166627 0)
(-0.736269 -0.168376 0)
(-0.298979 -0.121972 0)
(-0.00578171 -0.0241505 0)
(-0.153755 0.043808 0)
(0.208462 -0.0420858 0)
(-1.03585 0.527498 0)
(-2.70227 0.608336 0)
(-3.59606 0.441611 0)
(-3.75255 0.171032 0)
(-2.98861 0.0418183 0)
(-2.42025 -0.0284575 0)
(-2.24071 -0.00777204 0)
(-2.1262 -0.00663193 0)
(-2.04042 -0.0224799 0)
(-1.94585 -0.0464553 0)
(-1.83935 -0.0777323 0)
(-1.69803 -0.118873 0)
(-1.4617 -0.203951 0)
(-1.12221 -0.299955 0)
(-0.749615 -0.307677 0)
(-0.39961 -0.24156 0)
(-0.12484 -0.0936603 0)
(-0.195721 0.0328592 0)
(0.420454 0.118858 0)
(-1.2723 1.14798 0)
(-2.74 1.22568 0)
(-3.29996 0.783595 0)
(-3.36732 -0.130414 0)
(-2.6711 -0.435862 0)
(-2.69571 -0.320202 0)
(-2.33986 -0.174886 0)
(-2.08078 -0.0915485 0)
(-1.92635 -0.0730178 0)
(-1.73885 -0.0704802 0)
(-1.60037 -0.109953 0)
(-1.45743 -0.180424 0)
(-1.22792 -0.307817 0)
(-0.954492 -0.433341 0)
(-0.677561 -0.439666 0)
(-0.394093 -0.369847 0)
(-0.150765 -0.210063 0)
(-0.221247 0.160909 0)
(0.9683 0.552684 0)
(-0.733637 1.65956 0)
(-1.94102 1.71868 0)
(-2.06379 0.76947 0)
(-2.3815 -0.166853 0)
(-2.50453 -0.387434 0)
(-2.59585 -0.354686 0)
(-2.29434 -0.328622 0)
(-1.89929 -0.290921 0)
(-1.44876 -0.257169 0)
(-1.21514 -0.231092 0)
(-1.32927 -0.141648 0)
(-1.19599 -0.227279 0)
(-0.984046 -0.396381 0)
(-0.756392 -0.543614 0)
(-0.565854 -0.547546 0)
(-0.338757 -0.4779 0)
(-0.136009 -0.316061 0)
(-0.0131153 -0.0903957 0)
(0.999067 0.0819185 0)
(0.776169 2.32707 0)
(-0.973471 2.12342 0)
(-0.954947 1.09634 0)
(-1.78707 0.0267248 0)
(-2.21291 -0.316202 0)
(-2.30517 -0.405996 0)
(-2.09145 -0.458365 0)
(-1.7533 -0.428263 0)
(-1.36211 -0.353313 0)
(-0.994108 -0.278492 0)
(-0.856323 -0.225423 0)
(-0.925693 -0.259475 0)
(-0.756091 -0.477335 0)
(-0.55446 -0.630822 0)
(-0.439273 -0.627068 0)
(-0.264919 -0.559529 0)
(-0.110502 -0.403105 0)
(0.105819 -0.188118 0)
(0.30907 -0.158384 0)
(1.41335 1.97097 0)
(-0.156079 2.52168 0)
(-0.250792 1.45222 0)
(-1.14663 0.280121 0)
(-1.80955 -0.187221 0)
(-1.92699 -0.422894 0)
(-1.8031 -0.5647 0)
(-1.52929 -0.573038 0)
(-1.21186 -0.502246 0)
(-0.912503 -0.391574 0)
(-0.76131 -0.288619 0)
(-0.6827 -0.232073 0)
(-0.548802 -0.55708 0)
(-0.369019 -0.700889 0)
(-0.312793 -0.682194 0)
(-0.189057 -0.616379 0)
(-0.0826377 -0.469199 0)
(0.167174 -0.270911 0)
(0.204797 -0.288844 0)
(1.23244 1.67192 0)
(0.688101 2.90909 0)
(0.47572 1.67147 0)
(-0.453181 0.617494 0)
(-1.33223 -0.00106607 0)
(-1.49542 -0.40723 0)
(-1.45501 -0.641695 0)
(-1.24502 -0.687228 0)
(-0.99292 -0.617909 0)
(-0.768358 -0.493178 0)
(-0.704667 -0.3383 0)
(-0.436233 -0.217351 0)
(-0.337905 -0.635772 0)
(-0.207172 -0.753914 0)
(-0.193209 -0.717072 0)
(-0.11781 -0.65188 0)
(-0.0524822 -0.51649 0)
(0.231645 -0.324372 0)
(0.172281 -0.354763 0)
(0.848038 1.5934 0)
(1.33266 3.18965 0)
(1.18229 2.01758 0)
(0.272737 1.02634 0)
(-0.815179 0.238575 0)
(-1.02214 -0.37035 0)
(-1.05509 -0.702134 0)
(-0.91541 -0.782736 0)
(-0.727882 -0.711033 0)
(-0.557223 -0.576879 0)
(-0.568306 -0.422014 0)
(-0.182817 -0.25951 0)
(-0.122468 -0.678933 0)
(-0.0683104 -0.78365 0)
(-0.0856426 -0.734838 0)
(-0.0540239 -0.669315 0)
(-0.0213991 -0.545548 0)
(0.0522634 -0.0420515 0)
(0.105307 -0.0595944 0)
(0.117045 -0.0541019 0)
(0.111 -0.0463003 0)
(0.103592 -0.0404818 0)
(0.0973746 -0.0349202 0)
(0.0918511 -0.0284772 0)
(0.086445 -0.0213709 0)
(0.0806063 -0.0144084 0)
(0.0742974 -0.00860374 0)
(0.0681262 -0.00435773 0)
(0.0623604 -0.000537613 0)
(0.0565642 0.00328976 0)
(0.0504898 0.00658311 0)
(0.0450697 0.00840791 0)
(0.0419735 0.0093451 0)
(0.0428642 0.0110671 0)
(0.0475425 0.0167243 0)
(0.0559076 0.0234954 0)
(0.0701965 0.0285021 0)
(0.0910747 0.031723 0)
(0.116133 0.0330908 0)
(0.158376 0.0557779 0)
(0.0848241 -0.0887734 0)
(0.0997002 -0.0474706 0)
(0.0903734 -0.038471 0)
(0.0780822 -0.0337369 0)
(0.0783409 -0.0307501 0)
(0.0766856 -0.0265468 0)
(0.0733892 -0.0211116 0)
(0.0699521 -0.014594 0)
(0.0663063 -0.0078967 0)
(0.0620863 -0.00293813 0)
(0.0567151 -0.000493357 0)
(0.0498918 0.00267047 0)
(0.0430193 0.00727948 0)
(0.0363638 0.0114909 0)
(0.0303309 0.0130153 0)
(0.0269113 0.0109498 0)
(0.0288602 0.00704677 0)
(0.0347144 0.00928204 0)
(0.0435292 0.0112171 0)
(0.0587078 0.0090604 0)
(0.0800039 0.00608608 0)
(0.103991 -0.00186146 0)
(0.139053 -0.0179975 0)
(-0.00396686 -0.300662 0)
(0.036804 -0.108688 0)
(0.0613908 -0.00382379 0)
(0.0777281 -0.0221169 0)
(0.0790686 -0.0248398 0)
(0.0757334 -0.0197552 0)
(0.0709792 -0.0159905 0)
(0.0662418 -0.0111285 0)
(0.062301 -0.00511861 0)
(0.0585506 0.000643916 0)
(0.0472156 0.0037606 0)
(0.0284187 0.00813183 0)
(0.0182523 0.0124589 0)
(0.0142334 0.01543 0)
(0.0134905 0.0143182 0)
(0.0170058 0.00862723 0)
(0.0226539 0.00271034 0)
(0.0277925 0.00447315 0)
(0.0364914 0.000669154 0)
(0.0527281 -0.0115374 0)
(0.0741924 -0.0184521 0)
(0.0974033 -0.0283892 0)
(0.126417 -0.0472837 0)
(-0.0513639 -0.168563 0)
(-0.0237933 -0.112478 0)
(0.0109377 -0.072088 0)
(0.0437363 -0.0524498 0)
(0.0662917 -0.0352298 0)
(0.082455 -0.0195486 0)
(0.0936374 -0.00804075 0)
(0.0998273 5.53735e-05 0)
(0.099887 0.00772647 0)
(0.0925906 0.0210679 0)
(0.0795677 0.0481253 0)
(0.0524497 0.0465508 0)
(0.0254021 0.0198039 0)
(0.0167045 0.0170902 0)
(0.0122524 0.0157214 0)
(0.0112184 0.00708277 0)
(0.0100773 -0.00438129 0)
(0.0177047 -0.00264593 0)
(0.0377 -0.0107772 0)
(0.0597089 -0.0257314 0)
(0.0786002 -0.0330844 0)
(0.0978171 -0.046729 0)
(0.120631 -0.072612 0)
(-0.0177755 -0.142537 0)
(-0.0166064 -0.129793 0)
(0.00357029 -0.100018 0)
(0.0277015 -0.0784492 0)
(0.0498634 -0.0601391 0)
(0.0693442 -0.0440717 0)
(0.085643 -0.0298307 0)
(0.0980966 -0.0160984 0)
(0.106763 -0.000655921 0)
(0.112523 0.0194374 0)
(0.119269 0.0450082 0)
(0.12422 0.0613648 0)
(0.119993 0.054473 0)
(0.107044 0.0371268 0)
(0.0923686 0.0301321 0)
(0.0573805 0.0128417 0)
(0.0298632 -0.00569966 0)
(0.0246057 -0.00986671 0)
(0.0461688 -0.0206992 0)
(0.0614579 -0.0417828 0)
(0.0766854 -0.0474015 0)
(0.101196 -0.0614104 0)
(0.126699 -0.0848334 0)
(-0.00590289 -0.147154 0)
(-0.00522825 -0.138965 0)
(0.00630003 -0.118423 0)
(0.0227744 -0.0984651 0)
(0.040611 -0.0796425 0)
(0.0583108 -0.0619488 0)
(0.0748582 -0.0451025 0)
(0.0896046 -0.0282752 0)
(0.102621 -0.0102747 0)
(0.115099 0.00939138 0)
(0.129507 0.0294513 0)
(0.144464 0.0421092 0)
(0.15399 0.0446945 0)
(0.156407 0.044981 0)
(0.156958 0.049273 0)
(0.153639 0.0451106 0)
(0.144797 0.0171142 0)
(0.136377 -0.0340571 0)
(0.123322 -0.066132 0)
(0.0982498 -0.0665945 0)
(0.0943551 -0.0623689 0)
(0.121173 -0.0720908 0)
(0.143462 -0.0948716 0)
(-0.00204172 -0.139204 0)
(0.000373194 -0.143625 0)
(0.00885348 -0.130167 0)
(0.0207415 -0.113319 0)
(0.034708 -0.0956551 0)
(0.0496536 -0.0780052 0)
(0.064792 -0.0604963 0)
(0.0796904 -0.0428133 0)
(0.0944432 -0.0245113 0)
(0.109775 -0.00565127 0)
(0.126869 0.0123417 0)
(0.145004 0.0257205 0)
(0.160928 0.0332891 0)
(0.173127 0.0381615 0)
(0.183924 0.041833 0)
(0.193796 0.0384522 0)
(0.199909 0.0241415 0)
(0.19804 0.00378973 0)
(0.189157 -0.0186006 0)
(0.180696 -0.0533592 0)
(0.175013 -0.107182 0)
(0.166284 -0.153259 0)
(0.144959 -0.146164 0)
(0.000833901 -0.141244 0)
(0.00352588 -0.148775 0)
(0.00974321 -0.138901 0)
(0.018574 -0.124626 0)
(0.0295049 -0.108653 0)
(0.0419054 -0.0919984 0)
(0.0552845 -0.075016 0)
(0.0693846 -0.0577339 0)
(0.0842695 -0.0401357 0)
(0.100315 -0.0225406 0)
(0.117949 -0.00598659 0)
(0.136644 0.0075529 0)
(0.154727 0.0171725 0)
(0.17122 0.0237187 0)
(0.186849 0.0272894 0)
(0.201632 0.0251082 0)
(0.213265 0.0152665 0)
(0.219453 -0.000408656 0)
(0.220484 -0.0169316 0)
(0.218428 -0.0367484 0)
(0.211239 -0.0600352 0)
(0.19475 -0.0758493 0)
(0.172592 -0.0698831 0)
(0.00150476 -0.143724 0)
(0.00382148 -0.153009 0)
(0.00852307 -0.145447 0)
(0.0152716 -0.133348 0)
(0.0239441 -0.119183 0)
(0.0342495 -0.103955 0)
(0.0459246 -0.0881274 0)
(0.0588262 -0.0719206 0)
(0.0729787 -0.0555338 0)
(0.0885352 -0.039367 0)
(0.105581 -0.0241978 0)
(0.123708 -0.0111594 0)
(0.141997 -0.000952598 0)
(0.159795 0.00640135 0)
(0.177084 0.0105564 0)
(0.193436 0.010085 0)
(0.207277 0.00406101 0)
(0.217058 -0.00650846 0)
(0.222371 -0.0198326 0)
(0.223 -0.0352935 0)
(0.216974 -0.0512154 0)
(0.203078 -0.060682 0)
(0.185683 -0.0565304 0)
(0.000959731 -0.146051 0)
(0.00249467 -0.156118 0)
(0.00588745 -0.150382 0)
(0.0110351 -0.140174 0)
(0.0179475 -0.12777 0)
(0.0265126 -0.114126 0)
(0.036604 -0.0997396 0)
(0.0481452 -0.0849254 0)
(0.0611322 -0.0699715 0)
(0.0755969 -0.0552774 0)
(0.0914879 -0.041435 0)
(0.108487 -0.0291786 0)
(0.126022 -0.0190687 0)
(0.143584 -0.0114086 0)
(0.160843 -0.00663152 0)
(0.177201 -0.00552254 0)
(0.191509 -0.00852093 0)
(0.202585 -0.01509 0)
(0.209722 -0.0241666 0)
(0.21225 -0.0346327 0)
(0.209116 -0.0443465 0)
(0.20043 -0.0489866 0)
(0.189493 -0.0447198 0)
(-0.000104187 -0.147062 0)
(0.000427077 -0.15802 0)
(0.00262744 -0.153962 0)
(0.00640474 -0.145471 0)
(0.0118328 -0.134751 0)
(0.0188758 -0.122718 0)
(0.0274782 -0.109875 0)
(0.037599 -0.0965695 0)
(0.0492184 -0.0831139 0)
(0.06231 -0.0698744 0)
(0.0767733 -0.0573132 0)
(0.0923501 -0.0459546 0)
(0.108634 -0.0362546 0)
(0.125191 -0.0285662 0)
(0.14159 -0.0232733 0)
(0.157219 -0.0208246 0)
(0.171187 -0.0214071 0)
(0.182562 -0.0246517 0)
(0.190621 -0.0297554 0)
(0.194753 -0.0356123 0)
(0.194486 -0.0404199 0)
(0.190237 -0.0415345 0)
(0.184079 -0.0368431 0)
(-0.00119844 -0.146343 0)
(-0.00170463 -0.158778 0)
(-0.000625079 -0.156303 0)
(0.00190641 -0.149419 0)
(0.00600056 -0.140306 0)
(0.011648 -0.129853 0)
(0.0188265 -0.11856 0)
(0.0275123 -0.106775 0)
(0.0376786 -0.0948071 0)
(0.0492748 -0.0829785 0)
(0.0621874 -0.0716577 0)
(0.0761992 -0.0612408 0)
(0.0909903 -0.0520944 0)
(0.106182 -0.0445345 0)
(0.12134 -0.0388602 0)
(0.135904 -0.0353312 0)
(0.149163 -0.0340029 0)
(0.16038 -0.0345737 0)
(0.168926 -0.0363995 0)
(0.174311 -0.0385312 0)
(0.176294 -0.0396048 0)
(0.175209 -0.037946 0)
(0.172263 -0.0322575 0)
(-0.00204165 -0.144287 0)
(-0.00349894 -0.158377 0)
(-0.00346631 -0.157474 0)
(-0.00207724 -0.152125 0)
(0.000784085 -0.144543 0)
(0.00512474 -0.13561 0)
(0.0109348 -0.125822 0)
(0.0181999 -0.11552 0)
(0.0268922 -0.104991 0)
(0.0369544 -0.094517 0)
(0.0482757 -0.0843938 0)
(0.06067 -0.0749271 0)
(0.0738722 -0.0664049 0)
(0.0875523 -0.059081 0)
(0.101314 -0.0531719 0)
(0.114672 -0.0488244 0)
(0.127054 -0.0460226 0)
(0.137871 -0.0445032 0)
(0.146604 -0.0437402 0)
(0.152853 -0.0429581 0)
(0.156435 -0.0411246 0)
(0.157504 -0.0370791 0)
(0.156684 -0.0298771 0)
(-0.0025847 -0.141173 0)
(-0.00480893 -0.156984 0)
(-0.00569316 -0.15759 0)
(-0.00532837 -0.153691 0)
(-0.00359748 -0.147549 0)
(-0.00047946 -0.140057 0)
(0.00402617 -0.131703 0)
(0.00991222 -0.122818 0)
(0.0171537 -0.113663 0)
(0.0256955 -0.10448 0)
(0.0354375 -0.0955088 0)
(0.04622 -0.0869845 0)
(0.05782 -0.0791274 0)
(0.0699545 -0.0721279 0)
(0.0822798 -0.0661336 0)
(0.0943869 -0.0612181 0)
(0.105813 -0.057325 0)
(0.116087 -0.0542157 0)
(0.124781 -0.0514484 0)
(0.131554 -0.0483822 0)
(0.136215 -0.0441953 0)
(0.138745 -0.0379814 0)
(0.139384 -0.028916 0)
(-0.00284748 -0.137383 0)
(-0.00561762 -0.154809 0)
(-0.00725054 -0.156801 0)
(-0.00776964 -0.154234 0)
(-0.00705062 -0.149424 0)
(-0.00505465 -0.143275 0)
(-0.00177009 -0.136268 0)
(0.0028065 -0.128718 0)
(0.00865657 -0.120861 0)
(0.015731 -0.112902 0)
(0.0239442 -0.105034 0)
(0.0331613 -0.0974367 0)
(0.043196 -0.0902721 0)
(0.0538104 -0.0836755 0)
(0.0647158 -0.0777387 0)
(0.075575 -0.0724857 0)
(0.0860155 -0.0678344 0)
(0.0956574 -0.0635602 0)
(0.104147 -0.0592756 0)
(0.111184 -0.0544254 0)
(0.116552 -0.0483016 0)
(0.120111 -0.0401014 0)
(0.121848 -0.0289973 0)
(-0.00288297 -0.133261 0)
(-0.00598293 -0.152076 0)
(-0.00818312 -0.155278 0)
(-0.00943042 -0.153892 0)
(-0.00958737 -0.150286 0)
(-0.00859363 -0.145368 0)
(-0.00642158 -0.139608 0)
(-0.00305775 -0.1333 0)
(0.00148901 -0.126658 0)
(0.00718088 -0.119853 0)
(0.0139466 -0.113037 0)
(0.0216756 -0.106344 0)
(0.0302148 -0.0998907 0)
(0.0393693 -0.0937649 0)
(0.0489031 -0.0880155 0)
(0.0585441 -0.0826305 0)
(0.0679951 -0.0775093 0)
(0.0769514 -0.0724335 0)
(0.0851207 -0.0670445 0)
(0.0922368 -0.0608311 0)
(0.0980706 -0.053131 0)
(0.102404 -0.043157 0)
(0.10508 -0.0300121 0)
(-0.00275466 -0.129085 0)
(-0.00599917 -0.148998 0)
(-0.00859377 -0.153193 0)
(-0.0104109 -0.152818 0)
(-0.0112973 -0.150272 0)
(-0.0111697 -0.14646 0)
(-0.00998341 -0.141836 0)
(-0.00771305 -0.136673 0)
(-0.0043563 -0.131156 0)
(6.16668e-05 -0.12543 0)
(0.00548517 -0.11961 0)
(0.011826 -0.113795 0)
(0.0189624 -0.108062 0)
(0.0267391 -0.102464 0)
(0.034969 -0.0970143 0)
(0.043438 -0.0916761 0)
(0.0519139 -0.0863337 0)
(0.0601566 -0.0807686 0)
(0.0679285 -0.0746328 0)
(0.0749985 -0.0674287 0)
(0.0811413 -0.058496 0)
(0.0861079 -0.0470138 0)
(0.0896692 -0.0319843 0)
(-0.00252432 -0.125056 0)
(-0.00577262 -0.145749 0)
(-0.00861204 -0.15071 0)
(-0.0108499 -0.151166 0)
(-0.0123189 -0.149529 0)
(-0.0129139 -0.146691 0)
(-0.0125743 -0.143086 0)
(-0.011263 -0.138961 0)
(-0.0089664 -0.134478 0)
(-0.00569722 -0.12975 0)
(-0.00149472 -0.124868 0)
(0.00357396 -0.119897 0)
(0.00941501 -0.114885 0)
(0.0159095 -0.109857 0)
(0.0229149 -0.104801 0)
(0.0302691 -0.0996619 0)
(0.037797 -0.0943114 0)
(0.0453162 -0.0885269 0)
(0.0526406 -0.0819595 0)
(0.0595782 -0.0741053 0)
(0.0659244 -0.0642808 0)
(0.0714328 -0.0516066 0)
(0.0758572 -0.0349753 0)
(-0.00224614 -0.121296 0)
(-0.00540543 -0.142462 0)
(-0.00837132 -0.147969 0)
(-0.010899 -0.14908 0)
(-0.0128119 -0.148201 0)
(-0.0139877 -0.146205 0)
(-0.0143527 -0.143498 0)
(-0.0138594 -0.140303 0)
(-0.0124849 -0.136756 0)
(-0.0102302 -0.132945 0)
(-0.00711947 -0.128935 0)
(-0.00319962 -0.124767 0)
(0.00146126 -0.120467 0)
(0.00677616 -0.116037 0)
(0.0126424 -0.11145 0)
(0.0189445 -0.106635 0)
(0.0255585 -0.101457 0)
(0.0323545 -0.0956869 0)
(0.0391967 -0.088968 0)
(0.0459362 -0.0807794 0)
(0.0524013 -0.0704007 0)
(0.058372 -0.0568851 0)
(0.0636172 -0.0390183 0)
(-0.00196384 -0.117862 0)
(-0.00498494 -0.139223 0)
(-0.00799229 -0.145081 0)
(-0.0107023 -0.146686 0)
(-0.0129357 -0.146426 0)
(-0.0145598 -0.145143 0)
(-0.0154919 -0.143217 0)
(-0.0156779 -0.140842 0)
(-0.0150872 -0.13813 0)
(-0.0137112 -0.135149 0)
(-0.011561 -0.13194 0)
(-0.00866585 -0.128527 0)
(-0.0050704 -0.124918 0)
(-0.000832319 -0.121099 0)
(0.00398022 -0.117034 0)
(0.00929284 -0.112645 0)
(0.0150278 -0.107789 0)
(0.0211037 -0.102234 0)
(0.0274332 -0.0956112 0)
(0.0339132 -0.0873785 0)
(0.0404127 -0.0767726 0)
(0.0467515 -0.0627778 0)
(0.0527288 -0.0440807 0)
(-0.00170872 -0.114754 0)
(-0.00457726 -0.13608 0)
(-0.00757235 -0.142128 0)
(-0.0103821 -0.144091 0)
(-0.0128322 -0.144323 0)
(-0.0147866 -0.143635 0)
(-0.0161599 -0.142376 0)
(-0.0168947 -0.140713 0)
(-0.0169562 -0.138737 0)
(-0.0163286 -0.136494 0)
(-0.0150126 -0.134011 0)
(-0.0130222 -0.131296 0)
(-0.0103823 -0.128345 0)
(-0.00712493 -0.125137 0)
(-0.00328686 -0.121628 0)
(0.00109367 -0.117738 0)
(0.00597918 -0.113325 0)
(0.0113331 -0.108152 0)
(0.0171145 -0.101841 0)
(0.0232662 -0.0938249 0)
(0.0297018 -0.0832971 0)
(0.0362863 -0.0691741 0)
(0.042853 -0.0500517 0)
(-0.00149752 -0.111937 0)
(-0.00422419 -0.133046 0)
(-0.00717979 -0.139164 0)
(-0.0100307 -0.141376 0)
(-0.0126147 -0.141996 0)
(-0.0147997 -0.141797 0)
(-0.0165033 -0.141099 0)
(-0.0176699 -0.140044 0)
(-0.0182636 -0.138703 0)
(-0.0182645 -0.137107 0)
(-0.0176657 -0.135268 0)
(-0.0164694 -0.133186 0)
(-0.0146836 -0.130849 0)
(-0.0123194 -0.128233 0)
(-0.00938677 -0.125295 0)
(-0.00589212 -0.121955 0)
(-0.00183635 -0.118076 0)
(0.00278353 -0.113419 0)
(0.00796944 -0.1076 0)
(0.0137096 -0.100028 0)
(0.0199616 -0.0898507 0)
(0.0266374 -0.0759205 0)
(0.0336015 -0.056749 0)
(-0.00133138 -0.109359 0)
(-0.00394402 -0.130114 0)
(-0.0068532 -0.136219 0)
(-0.00970789 -0.138603 0)
(-0.0123633 -0.139526 0)
(-0.014698 -0.139725 0)
(-0.0166386 -0.139491 0)
(-0.0181356 -0.138947 0)
(-0.0191558 -0.138143 0)
(-0.0196788 -0.1371 0)
(-0.0196926 -0.135821 0)
(-0.0191909 -0.134299 0)
(-0.0181692 -0.132521 0)
(-0.0166213 -0.130464 0)
(-0.0145356 -0.128088 0)
(-0.0118919 -0.125324 0)
(-0.00865989 -0.122039 0)
(-0.00480028 -0.118001 0)
(-0.000271522 -0.112817 0)
(0.00495617 -0.105876 0)
(0.0108835 -0.0962838 0)
(0.0174672 -0.0828256 0)
(0.0246003 -0.0639354 0)
(-0.00119885 -0.106964 0)
(-0.00373617 -0.12726 0)
(-0.00660528 -0.133305 0)
(-0.00944294 -0.135811 0)
(-0.012125 -0.136975 0)
(-0.0145463 -0.137497 0)
(-0.0166476 -0.137643 0)
(-0.0183899 -0.137517 0)
(-0.0197464 -0.137156 0)
(-0.0206988 -0.136573 0)
(-0.0212338 -0.135766 0)
(-0.0213397 -0.134725 0)
(-0.0210032 -0.133439 0)
(-0.0202055 -0.13189 0)
(-0.0189184 -0.13005 0)
(-0.0171009 -0.127859 0)
(-0.0146969 -0.125199 0)
(-0.0116364 -0.121844 0)
(-0.00784188 -0.117402 0)
(-0.0032439 -0.11124 0)
(0.00219945 -0.102422 0)
(0.00848713 -0.0896696 0)
(0.0155394 -0.0713397 0)
(-0.00108311 -0.104709 0)
(-0.00358886 -0.124457 0)
(-0.00642992 -0.130423 0)
(-0.00924026 -0.133027 0)
(-0.0119177 -0.13439 0)
(-0.0143775 -0.135176 0)
(-0.0165789 -0.135627 0)
(-0.0184966 -0.135833 0)
(-0.0201134 -0.135826 0)
(-0.0214162 -0.135611 0)
(-0.022393 -0.135184 0)
(-0.0230301 -0.134539 0)
(-0.0233093 -0.133669 0)
(-0.0232039 -0.132565 0)
(-0.0226744 -0.131211 0)
(-0.021665 -0.129565 0)
(-0.0201 -0.127526 0)
(-0.0178844 -0.124884 0)
(-0.0149098 -0.121248 0)
(-0.0110698 -0.11597 0)
(-0.00628209 -0.108074 0)
(-0.000505363 -0.0962164 0)
(0.00620944 -0.0786761 0)
(-0.0009735 -0.102564 0)
(-0.00348731 -0.121675 0)
(-0.00631021 -0.127566 0)
(-0.00908686 -0.130267 0)
(-0.011737 -0.131806 0)
(-0.0141988 -0.132809 0)
(-0.0164523 -0.1335 0)
(-0.0184887 -0.133963 0)
(-0.0203023 -0.134223 0)
(-0.0218875 -0.134286 0)
(-0.0232363 -0.13415 0)
(-0.0243364 -0.133811 0)
(-0.025168 -0.133272 0)
(-0.0257011 -0.132534 0)
(-0.0258907 -0.131598 0)
(-0.025672 -0.130444 0)
(-0.0249567 -0.128991 0)
(-0.0236314 -0.127051 0)
(-0.0215624 -0.124243 0)
(-0.0186101 -0.119909 0)
(-0.0146517 -0.11304 0)
(-0.00960015 -0.102225 0)
(-0.00347404 -0.0856632 0)
(-0.000873828 -0.100508 0)
(-0.00341884 -0.118898 0)
(-0.00622439 -0.124733 0)
(-0.00895902 -0.127544 0)
(-0.0115632 -0.129247 0)
(-0.0139983 -0.130433 0)
(-0.016266 -0.131311 0)
(-0.0183745 -0.131961 0)
(-0.0203312 -0.132409 0)
(-0.0221394 -0.132664 0)
(-0.0237974 -0.132728 0)
(-0.0252966 -0.132604 0)
(-0.0266194 -0.132304 0)
(-0.0277367 -0.131843 0)
(-0.0286028 -0.131241 0)
(-0.0291509 -0.1305 0)
(-0.029287 -0.129568 0)
(-0.028887 -0.128282 0)
(-0.0277985 -0.12628 0)
(-0.025853 -0.122907 0)
(-0.0228877 -0.117123 0)
(-0.018766 -0.107462 0)
(-0.0134614 -0.092038 0)
(-0.000797677 -0.0985213 0)
(-0.00337154 -0.116123 0)
(-0.00614819 -0.121931 0)
(-0.00882732 -0.124872 0)
(-0.0113679 -0.126737 0)
(-0.0137529 -0.128078 0)
(-0.016004 -0.129098 0)
(-0.018146 -0.129874 0)
(-0.0201991 -0.130438 0)
(-0.0221767 -0.130803 0)
(-0.0240846 -0.13098 0)
(-0.0259202 -0.13098 0)
(-0.0276709 -0.130825 0)
(-0.0293122 -0.130545 0)
(-0.0308027 -0.130178 0)
(-0.0320795 -0.129752 0)
(-0.0330508 -0.129246 0)
(-0.0335899 -0.12853 0)
(-0.0335339 -0.127272 0)
(-0.0326911 -0.12483 0)
(-0.0308604 -0.120149 0)
(-0.0278509 -0.111715 0)
(-0.023575 -0.0975659 0)
(-0.000752636 -0.0965847 0)
(-0.00332861 -0.113363 0)
(-0.00605494 -0.119176 0)
(-0.00866064 -0.122268 0)
(-0.0111205 -0.124294 0)
(-0.0134356 -0.12577 0)
(-0.0156445 -0.126893 0)
(-0.0177866 -0.127742 0)
(-0.0198942 -0.128357 0)
(-0.0219907 -0.12876 0)
(-0.0240904 -0.128968 0)
(-0.026198 -0.129005 0)
(-0.028308 -0.1289 0)
(-0.0304032 -0.1287 0)
(-0.032451 -0.128461 0)
(-0.0343979 -0.128236 0)
(-0.0361617 -0.128039 0)
(-0.0376224 -0.127778 0)
(-0.0386161 -0.127161 0)
(-0.038936 -0.125574 0)
(-0.0383465 -0.121971 0)
(-0.0365993 -0.114804 0)
(-0.033529 -0.102045 0)
(-0.000728569 -0.0946833 0)
(-0.00326593 -0.110646 0)
(-0.00591804 -0.116492 0)
(-0.00843139 -0.11975 0)
(-0.0107945 -0.121935 0)
(-0.0130224 -0.12353 0)
(-0.0151667 -0.124723 0)
(-0.0172788 -0.125601 0)
(-0.0194017 -0.126212 0)
(-0.021568 -0.126587 0)
(-0.0238006 -0.126754 0)
(-0.0261122 -0.126746 0)
(-0.0285055 -0.126604 0)
(-0.0309726 -0.126385 0)
(-0.0334925 -0.126165 0)
(-0.036026 -0.126019 0)
(-0.0385071 -0.125995 0)
(-0.040832 -0.126046 0)
(-0.0428467 -0.125929 0)
(-0.0443406 -0.12508 0)
(-0.0450512 -0.12248 0)
(-0.0446743 -0.116579 0)
(-0.0429531 -0.105305 0)
(-0.000701574 -0.0928242 0)
(-0.00315992 -0.107998 0)
(-0.00571962 -0.113901 0)
(-0.00812347 -0.117336 0)
(-0.0103747 -0.119678 0)
(-0.0124986 -0.121376 0)
(-0.0145567 -0.122614 0)
(-0.01661 -0.123485 0)
(-0.0187098 -0.124046 0)
(-0.0208972 -0.12434 0)
(-0.0232025 -0.124404 0)
(-0.0256461 -0.12428 0)
(-0.0282391 -0.12402 0)
(-0.0309837 -0.123692 0)
(-0.0338721 -0.123384 0)
(-0.0368824 -0.123193 0)
(-0.0399704 -0.123199 0)
(-0.0430568 -0.1234 0)
(-0.0460094 -0.123614 0)
(-0.0486281 -0.12334 0)
(-0.0506367 -0.12162 0)
(-0.0516839 -0.116936 0)
(-0.0514151 -0.107205 0)
(-0.000657623 -0.0910488 0)
(-0.00300642 -0.105446 0)
(-0.0054641 -0.11142 0)
(-0.00774147 -0.11504 0)
(-0.00986324 -0.117537 0)
(-0.0118635 -0.119327 0)
(-0.0138117 -0.120591 0)
(-0.015776 -0.121427 0)
(-0.0178143 -0.121904 0)
(-0.0199736 -0.122073 0)
(-0.0222902 -0.121985 0)
(-0.024791 -0.121688 0)
(-0.0274943 -0.121244 0)
(-0.0304119 -0.120727 0)
(-0.0335493 -0.120237 0)
(-0.0369029 -0.119886 0)
(-0.0404534 -0.11978 0)
(-0.0441522 -0.119961 0)
(-0.0479006 -0.120311 0)
(-0.051525 -0.120413 0)
(-0.0547554 -0.119398 0)
(-0.0572108 -0.115821 0)
(-0.0584457 -0.107638 0)
(-0.00062373 -0.0894022 0)
(-0.00283809 -0.103003 0)
(-0.00518922 -0.109067 0)
(-0.00731673 -0.112881 0)
(-0.00928263 -0.115535 0)
(-0.0111315 -0.117408 0)
(-0.0129403 -0.118682 0)
(-0.0147823 -0.119463 0)
(-0.0167193 -0.119829 0)
(-0.0188014 -0.119843 0)
(-0.0210683 -0.119566 0)
(-0.0235506 -0.119054 0)
(-0.0262723 -0.118375 0)
(-0.029253 -0.117609 0)
(-0.0325094 -0.11686 0)
(-0.0360552 -0.11625 0)
(-0.0398959 -0.115903 0)
(-0.0440171 -0.1159 0)
(-0.0483619 -0.116186 0)
(-0.0527991 -0.116436 0)
(-0.0570885 -0.115898 0)
(-0.0608485 -0.11325 0)
(-0.0635655 -0.10654 0)
(-0.000683108 -0.0878519 0)
(-0.00272533 -0.100676 0)
(-0.00496561 -0.106862 0)
(-0.00690501 -0.110891 0)
(-0.00867224 -0.113703 0)
(-0.0103289 -0.115652 0)
(-0.01196 -0.116923 0)
(-0.0136418 -0.117631 0)
(-0.0154366 -0.117866 0)
(-0.0173937 -0.117705 0)
(-0.0195521 -0.117215 0)
(-0.0219432 -0.116462 0)
(-0.0245933 -0.115517 0)
(-0.0275271 -0.114462 0)
(-0.0307696 -0.1134 0)
(-0.0343484 -0.112457 0)
(-0.0382909 -0.111767 0)
(-0.0426151 -0.111437 0)
(-0.0473092 -0.111467 0)
(-0.0522967 -0.111629 0)
(-0.0573909 -0.111303 0)
(-0.0622455 -0.109331 0)
(-0.0663213 -0.10392 0)
(-0.000963636 -0.0862555 0)
(-0.00276601 -0.0984601 0)
(-0.00488497 -0.104843 0)
(-0.00657506 -0.109118 0)
(-0.00807828 -0.112092 0)
(-0.00948555 -0.114106 0)
(-0.010891 -0.115354 0)
(-0.012371 -0.115971 0)
(-0.013983 -0.11606 0)
(-0.0157703 -0.11571 0)
(-0.0177667 -0.114997 0)
(-0.0199999 -0.113992 0)
(-0.0224954 -0.112768 0)
(-0.0252791 -0.111405 0)
(-0.0283808 -0.110003 0)
(-0.0318369 -0.108684 0)
(-0.0356909 -0.107584 0)
(-0.0399872 -0.106821 0)
(-0.0447555 -0.106439 0)
(-0.0499774 -0.10629 0)
(-0.0555373 -0.105898 0)
(-0.0611609 -0.10429 0)
(-0.0663394 -0.0998938 0)
(-0.00160387 -0.0844275 0)
(-0.00307799 -0.0963634 0)
(-0.00504212 -0.103075 0)
(-0.00638957 -0.107642 0)
(-0.00753789 -0.110775 0)
(-0.00862341 -0.112828 0)
(-0.00974924 -0.114024 0)
(-0.0109854 -0.114525 0)
(-0.0123775 -0.114452 0)
(-0.0139563 -0.113905 0)
(-0.0157448 -0.112968 0)
(-0.0177632 -0.111714 0)
(-0.0200321 -0.110216 0)
(-0.0225753 -0.108549 0)
(-0.0254233 -0.106808 0)
(-0.0286163 -0.105103 0)
(-0.0322058 -0.103564 0)
(-0.0362534 -0.102311 0)
(-0.0408193 -0.10141 0)
(-0.0459363 -0.10078 0)
(-0.0515645 -0.100064 0)
(-0.057526 -0.0984882 0)
(-0.0634006 -0.0947308 0)
(-0.00274023 -0.0820484 0)
(-0.00378273 -0.0944144 0)
(-0.00550631 -0.101659 0)
(-0.00637877 -0.106574 0)
(-0.00705869 -0.109845 0)
(-0.00774327 -0.111886 0)
(-0.00853819 -0.112982 0)
(-0.00949564 -0.11333 0)
(-0.0106394 -0.113076 0)
(-0.0119802 -0.112328 0)
(-0.0135255 -0.111174 0)
(-0.0152839 -0.109687 0)
(-0.0172685 -0.107935 0)
(-0.0194982 -0.105989 0)
(-0.0220006 -0.103931 0)
(-0.0248144 -0.101861 0)
(-0.0279921 -0.0998962 0)
(-0.0316008 -0.0981488 0)
(-0.0357164 -0.0966903 0)
(-0.0404061 -0.0954787 0)
(-0.0456927 -0.094253 0)
(-0.0514979 -0.0924081 0)
(-0.0575279 -0.0888789 0)
(-0.00460265 -0.0784154 0)
(-0.00499381 -0.0926344 0)
(-0.00627976 -0.100743 0)
(-0.00650459 -0.106066 0)
(-0.00659517 -0.109413 0)
(-0.00681261 -0.111351 0)
(-0.00724475 -0.11227 0)
(-0.00790681 -0.112418 0)
(-0.00878859 -0.111959 0)
(-0.00987451 -0.111009 0)
(-0.0111528 -0.109653 0)
(-0.0126191 -0.107959 0)
(-0.0142773 -0.105987 0)
(-0.01614 -0.103799 0)
(-0.0182292 -0.101467 0)
(-0.0205785 -0.0990784 0)
(-0.023235 -0.0967345 0)
(-0.0262614 -0.0945354 0)
(-0.0297337 -0.0925472 0)
(-0.0337313 -0.0907444 0)
(-0.0383136 -0.0889247 0)
(-0.0434782 -0.0866094 0)
(-0.0490596 -0.0829492 0)
(-0.00759935 -0.0729627 0)
(-0.0068718 -0.0910373 0)
(-0.00724501 -0.10051 0)
(-0.00662315 -0.106283 0)
(-0.00602971 -0.10957 0)
(-0.00575994 -0.111262 0)
(-0.00584037 -0.111903 0)
(-0.00622186 -0.111795 0)
(-0.00684896 -0.111114 0)
(-0.00767707 -0.109967 0)
(-0.00867612 -0.108432 0)
(-0.00983 -0.106564 0)
(-0.0111346 -0.104413 0)
(-0.0125958 -0.102033 0)
(-0.0142295 -0.0994822 0)
(-0.0160614 -0.0968377 0)
(-0.0181295 -0.0941862 0)
(-0.0204847 -0.0916142 0)
(-0.0231909 -0.0891784 0)
(-0.0263197 -0.0868559 0)
(-0.0299362 -0.0844738 0)
(-0.0340737 -0.0816303 0)
(-0.0386575 -0.0776258 0)
(-0.0119889 -0.0664519 0)
(-0.00963912 -0.0900592 0)
(-0.00805256 -0.101331 0)
(-0.00644449 -0.107334 0)
(-0.00516716 -0.110273 0)
(-0.00448433 -0.111526 0)
(-0.00429329 -0.111789 0)
(-0.00445081 -0.111388 0)
(-0.00485322 -0.110481 0)
(-0.00543323 -0.109159 0)
(-0.00614966 -0.107477 0)
(-0.0069802 -0.105478 0)
(-0.00791608 -0.103198 0)
(-0.00895851 -0.100679 0)
(-0.010117 -0.0979728 0)
(-0.0114092 -0.0951445 0)
(-0.0128617 -0.0922705 0)
(-0.0145105 -0.0894263 0)
(-0.0164009 -0.0866601 0)
(-0.0185835 -0.0839471 0)
(-0.0211062 -0.0811283 0)
(-0.0239983 -0.0778432 0)
(-0.0272207 -0.0734812 0)
(-0.0180284 -0.058586 0)
(-0.012809 -0.0921625 0)
(-0.00780042 -0.104303 0)
(-0.00542491 -0.1093 0)
(-0.00374125 -0.111297 0)
(-0.00289553 -0.111894 0)
(-0.0026018 -0.111723 0)
(-0.00262953 -0.111035 0)
(-0.00285117 -0.109939 0)
(-0.00319792 -0.108485 0)
(-0.003632 -0.106705 0)
(-0.00413387 -0.104623 0)
(-0.00469526 -0.102266 0)
(-0.00531531 -0.099668 0)
(-0.0059987 -0.096872 0)
(-0.00675524 -0.0939365 0)
(-0.00760006 -0.0909305 0)
(-0.00855375 -0.0879223 0)
(-0.00964152 -0.0849547 0)
(-0.0108902 -0.0820027 0)
(-0.0123223 -0.0789159 0)
(-0.0139469 -0.0753576 0)
(-0.0157284 -0.0707628 0)
(-0.0259586 -0.0301013 0)
(-0.010038 -0.101475 0)
(-0.00450789 -0.110745 0)
(-0.00265148 -0.112573 0)
(-0.00150289 -0.112976 0)
(-0.00101307 -0.112758 0)
(-0.000851579 -0.112157 0)
(-0.000845694 -0.111235 0)
(-0.00092018 -0.110003 0)
(-0.00104047 -0.108465 0)
(-0.00118967 -0.106625 0)
(-0.00135973 -0.104495 0)
(-0.00154725 -0.102094 0)
(-0.0017515 -0.0994498 0)
(-0.00197355 -0.0966032 0)
(-0.00221605 -0.093609 0)
(-0.00248337 -0.0905331 0)
(-0.00278165 -0.0874412 0)
(-0.00311833 -0.0843759 0)
(-0.00350058 -0.0813163 0)
(-0.00393214 -0.0781229 0)
(-0.00440866 -0.0744768 0)
(-0.00490549 -0.069835 0)
(0.199993 0.0384258 0)
(0.214929 0.0105074 0)
(0.233971 -0.0234319 0)
(0.281088 -0.0730476 0)
(0.171978 -0.0484063 0)
(0.192848 -0.0726448 0)
(0.210619 -0.103544 0)
(0.221539 -0.14425 0)
(0.148426 -0.0692909 0)
(0.159827 -0.0863679 0)
(0.166889 -0.106477 0)
(0.167204 -0.130409 0)
(0.136101 -0.0926681 0)
(0.143102 -0.103407 0)
(0.145878 -0.113048 0)
(0.143328 -0.123044 0)
(0.138278 -0.0974405 0)
(0.141466 -0.101452 0)
(0.140343 -0.102983 0)
(0.135071 -0.104523 0)
(0.136039 -0.106415 0)
(0.119494 -0.106863 0)
(0.108468 -0.104092 0)
(0.098223 -0.102281 0)
(0.127885 -0.0747781 0)
(0.118281 -0.0748188 0)
(0.106786 -0.0835232 0)
(0.101409 -0.0763087 0)
(0.159925 -0.0500454 0)
(0.152765 -0.0410498 0)
(0.142958 -0.0362346 0)
(0.129895 -0.0347042 0)
(0.175639 -0.0455276 0)
(0.170857 -0.038147 0)
(0.165946 -0.0311995 0)
(0.159524 -0.02379 0)
(0.18264 -0.0357627 0)
(0.179184 -0.0288909 0)
(0.176029 -0.0214963 0)
(0.172517 -0.0133558 0)
(0.179621 -0.029297 0)
(0.177213 -0.0231713 0)
(0.174974 -0.0159592 0)
(0.172603 -0.00759304 0)
(0.169383 -0.0249094 0)
(0.167623 -0.0189238 0)
(0.165761 -0.0116252 0)
(0.163646 -0.00294968 0)
(0.154804 -0.021825 0)
(0.15341 -0.0153783 0)
(0.151657 -0.0074807 0)
(0.149445 0.00195121 0)
(0.138206 -0.0195361 0)
(0.137069 -0.0121661 0)
(0.135379 -0.0031974 0)
(0.13305 0.00747187 0)
(0.121298 -0.0179118 0)
(0.120452 -0.00931989 0)
(0.118942 0.00105092 0)
(0.116676 0.0133221 0)
(0.105218 -0.0170705 0)
(0.104776 -0.00712283 0)
(0.103638 0.00480624 0)
(0.101709 0.0188574 0)
(0.0906008 -0.0172299 0)
(0.0906941 -0.00594257 0)
(0.0901278 0.00753413 0)
(0.0888092 0.0233542 0)
(0.0776715 -0.0185981 0)
(0.0784032 -0.00610384 0)
(0.0785615 0.00877763 0)
(0.0780627 0.0262036 0)
(0.0663489 -0.021309 0)
(0.0677664 -0.00781625 0)
(0.0687268 0.00823961 0)
(0.0691602 0.027011 0)
(0.0563423 -0.0253851 0)
(0.0584294 -0.0111399 0)
(0.0601879 0.00581459 0)
(0.0615636 0.025623 0)
(0.0472413 -0.0307272 0)
(0.0499244 -0.0159831 0)
(0.0524054 0.00158454 0)
(0.0546464 0.0221122 0)
(0.0385985 -0.0371316 0)
(0.0417606 -0.022128 0)
(0.0448358 -0.00421599 0)
(0.0478015 0.0167318 0)
(0.0300001 -0.0443226 0)
(0.0334963 -0.0292713 0)
(0.037005 -0.0112514 0)
(0.0405177 0.0098532 0)
(0.0211182 -0.0519851 0)
(0.0247905 -0.037065 0)
(0.0285591 -0.0191375 0)
(0.0324269 0.00190175 0)
(0.0117436 -0.059791 0)
(0.015435 -0.0451506 0)
(0.0192931 -0.0274827 0)
(0.0233299 -0.00669403 0)
(0.00180237 -0.0674232 0)
(0.00536849 -0.0531876 0)
(0.00916285 -0.0359221 0)
(0.0132035 -0.0155409 0)
(-0.00863722 -0.0745978 0)
(-0.00532268 -0.0608779 0)
(-0.00172169 -0.0441428 0)
(0.00218768 -0.0243092 0)
(-0.0193738 -0.0810638 0)
(-0.0164165 -0.0679701 0)
(-0.0131145 -0.0518936 0)
(-0.00944176 -0.0327483 0)
(-0.0300969 -0.0866186 0)
(-0.0275827 -0.0742629 0)
(-0.0246638 -0.0589757 0)
(-0.021309 -0.0406648 0)
(-0.0404148 -0.0910974 0)
(-0.0384163 -0.0795958 0)
(-0.0359511 -0.0652362 0)
(-0.0329803 -0.0479167 0)
(-0.0498773 -0.0943581 0)
(-0.0484609 -0.0838274 0)
(-0.0465169 -0.0705396 0)
(-0.0439953 -0.0543815 0)
(-0.0579952 -0.0962711 0)
(-0.0572245 -0.086817 0)
(-0.0558736 -0.0747414 0)
(-0.0538771 -0.0599187 0)
(-0.0642574 -0.0967213 0)
(-0.0641883 -0.0884198 0)
(-0.0635059 -0.0776731 0)
(-0.0621253 -0.0643447 0)
(-0.0681547 -0.0956303 0)
(-0.0688201 -0.0885033 0)
(-0.0688714 -0.0791513 0)
(-0.0682023 -0.0674303 0)
(-0.0692213 -0.0930007 0)
(-0.0706051 -0.0869921 0)
(-0.0714168 -0.0790192 0)
(-0.0715319 -0.0689368 0)
(-0.0671085 -0.0889773 0)
(-0.0691127 -0.0839378 0)
(-0.0706344 -0.0772221 0)
(-0.0715392 -0.0686934 0)
(-0.0616904 -0.0839073 0)
(-0.0641088 -0.0796003 0)
(-0.0661732 -0.0739076 0)
(-0.0677535 -0.0667133 0)
(-0.0531819 -0.078367 0)
(-0.0557007 -0.0745062 0)
(-0.058008 -0.0695188 0)
(-0.0599934 -0.063322 0)
(-0.0422127 -0.073108 0)
(-0.0444629 -0.0694279 0)
(-0.0466209 -0.0648174 0)
(-0.0486076 -0.059233 0)
(-0.0297889 -0.0688756 0)
(-0.0314505 -0.0652157 0)
(-0.0330871 -0.06074 0)
(-0.0346517 -0.0554394 0)
(-0.0171314 -0.0660692 0)
(-0.0180333 -0.0623866 0)
(-0.0189228 -0.0579434 0)
(-0.0197869 -0.0527486 0)
(-0.00526765 -0.0651291 0)
(-0.00549058 -0.0614585 0)
(-0.00570275 -0.057041 0)
(-0.00590598 -0.051879 0)
(0.289037 -0.292009 0)
(0.153659 -0.321469 0)
(0.273382 0.865441 0)
(1.24255 3.1186 0)
(0.964604 2.18918 0)
(0.751963 1.52438 0)
(0.00684482 0.63261 0)
(-0.207118 -0.278728 0)
(-0.325447 -0.748107 0)
(-0.322075 -0.874343 0)
(-0.261812 -0.803447 0)
(-0.175177 -0.659621 0)
(-0.26421 -0.527469 0)
(0.0858808 -0.396258 0)
(0.136031 -0.695213 0)
(0.101813 -0.782401 0)
(0.0501606 -0.733542 0)
(0.0283637 -0.664698 0)
(0.0199076 -0.546467 0)
(0.204363 -0.233027 0)
(0.112615 -0.240961 0)
(0.0903774 0.100042 0)
(1.24139 3.06102 0)
(1.2994 2.36874 0)
(1.48366 1.75221 0)
(1.25319 0.871125 0)
(1.04298 -0.0756046 0)
(0.828894 -0.653804 0)
(0.59196 -0.826847 0)
(0.415179 -0.775228 0)
(0.319326 -0.657305 0)
(0.157241 -0.516475 0)
(0.295336 -0.531925 0)
(0.324857 -0.680301 0)
(0.254183 -0.732927 0)
(0.177414 -0.691625 0)
(0.113403 -0.619026 0)
(0.0645332 -0.499101 0)
(0.148285 -0.175631 0)
(0.0861704 -0.176587 0)
(0.0301652 -0.0396976 0)
(0.493031 1.29277 0)
(2.35285 2.42132 0)
(2.74886 2.04382 0)
(2.684 1.22288 0)
(2.4141 0.324643 0)
(1.9579 -0.284296 0)
(1.41285 -0.503904 0)
(0.95153 -0.516152 0)
(0.669447 -0.475351 0)
(0.449955 -0.412285 0)
(0.429531 -0.512379 0)
(0.414038 -0.632811 0)
(0.337428 -0.667884 0)
(0.250693 -0.623899 0)
(0.165795 -0.542757 0)
(0.0925473 -0.406057 0)
(0.127477 -0.13987 0)
(0.0804429 -0.123973 0)
(0.043568 -0.0211207 0)
(0.0629299 0.166192 0)
(0.96539 0.677751 0)
(2.74137 1.44485 0)
(3.04616 1.18641 0)
(2.75817 0.639421 0)
(2.24439 0.230181 0)
(1.63352 0.0200209 0)
(1.08729 -0.0813225 0)
(0.72376 -0.116604 0)
(0.47591 -0.34208 0)
(0.476658 -0.473795 0)
(0.444752 -0.579626 0)
(0.368416 -0.597856 0)
(0.278545 -0.5455 0)
(0.186739 -0.453031 0)
(0.106637 -0.292219 0)
(0.121318 -0.109324 0)
(0.0963802 -0.0888985 0)
(0.0680339 1.19481e-05 0)
(0.0715269 0.120389 0)
(0.176117 0.253338 0)
(0.452679 0.451445 0)
(1.34855 0.783051 0)
(1.45348 0.690447 0)
(1.34898 0.594911 0)
(1.03634 0.494171 0)
(0.839405 0.502437 0)
(0.467047 -0.0952444 0)
(0.466481 -0.272999 0)
(0.47083 -0.434786 0)
(0.425853 -0.527812 0)
(0.350314 -0.526779 0)
(0.264325 -0.465078 0)
(0.177832 -0.362432 0)
(0.107458 -0.174421 0)
(0.095906 -0.103616 0)
(0.0989482 -0.0670449 0)
(0.0891576 0.0188738 0)
(0.0856376 0.125434 0)
(0.104451 0.229513 0)
(0.15409 0.354713 0)
(0.229043 0.506497 0)
(0.342679 0.558118 0)
(0.396592 0.716406 0)
(0.364929 0.617759 0)
(0.379866 0.212769 0)
(0.416482 -0.0432684 0)
(0.439277 -0.244154 0)
(0.410949 -0.40114 0)
(0.347706 -0.476955 0)
(0.279416 -0.456156 0)
(0.213535 -0.393092 0)
(0.140091 -0.283317 0)
(0.0940925 -0.0658142 0)
(0.0774617 -0.108587 0)
(0.0231246 -0.08201 0)
(0.0492734 0.0193892 0)
(0.0891802 0.118986 0)
(0.115097 0.222616 0)
(0.142669 0.339842 0)
(0.194357 0.456407 0)
(0.253292 0.555386 0)
(0.237307 0.63215 0)
(0.329412 0.469274 0)
(0.404787 0.223684 0)
(0.395388 -0.00194115 0)
(0.351543 -0.202824 0)
(0.270898 -0.355162 0)
(0.190025 -0.425718 0)
(0.154566 -0.402127 0)
(0.127261 -0.341025 0)
(0.0683408 -0.224255 0)
(0.0660898 0.0122391 0)
(0.1068 -0.0473272 0)
(0.0490315 -0.0459143 0)
(-0.0289794 -0.0114159 0)
(0.0331158 0.0929267 0)
(0.100613 0.201446 0)
(0.148405 0.319145 0)
(0.193509 0.436001 0)
(0.240453 0.53084 0)
(0.293097 0.564266 0)
(0.348088 0.45851 0)
(0.33654 0.267306 0)
(0.269701 0.0589017 0)
(0.145465 -0.126788 0)
(0.011819 -0.292193 0)
(-0.0341942 -0.390701 0)
(-0.0229335 -0.373431 0)
(0.0026061 -0.316885 0)
(-0.028025 -0.192451 0)
(0.0295814 0.0285642 0)
(0.146063 -0.0103029 0)
(0.11493 0.00819941 0)
(0.113382 -0.00846577 0)
(-0.00350233 0.0312775 0)
(0.0138419 0.172084 0)
(0.094776 0.299184 0)
(0.167463 0.410863 0)
(0.214066 0.500356 0)
(0.249845 0.532527 0)
(0.244375 0.462183 0)
(0.16453 0.330477 0)
(0.00723238 0.174071 0)
(-0.156815 -0.00615005 0)
(-0.251664 -0.21107 0)
(-0.292212 -0.35952 0)
(-0.260925 -0.383341 0)
(-0.153777 -0.357426 0)
(-0.0904079 -0.211475 0)
(0.0279648 0.0410249 0)
(0.16596 0.0018898 0)
(0.152277 0.0272546 0)
(0.138915 0.0545173 0)
(0.109426 0.053175 0)
(0.134428 0.0301946 0)
(0.033985 0.233259 0)
(0.071601 0.385776 0)
(0.122168 0.486465 0)
(0.118069 0.522941 0)
(0.0402482 0.496234 0)
(-0.0874819 0.428189 0)
(-0.231753 0.292494 0)
(-0.325452 0.0681705 0)
(-0.450328 -0.161318 0)
(-0.581416 -0.348811 0)
(-0.542423 -0.514872 0)
(-0.392049 -0.545202 0)
(-0.174424 -0.34593 0)
(0.0236788 -0.0655994 0)
(0.168609 0.0081885 0)
(0.161284 0.0345862 0)
(0.151884 0.0666607 0)
(0.13574 0.101293 0)
(0.118092 0.140127 0)
(0.0906833 0.194498 0)
(0.0753239 0.263003 0)
(0.000995974 0.48385 0)
(-0.067964 0.56389 0)
(-0.174067 0.57683 0)
(-0.257332 0.528507 0)
(-0.285867 0.369142 0)
(-0.298667 0.168589 0)
(-0.523422 -0.0318444 0)
(-0.731551 -0.392368 0)
(-0.610641 -0.643689 0)
(-0.489522 -0.681711 0)
(-0.324086 -0.556517 0)
(-0.076938 -0.151301 0)
(0.159887 0.0135608 0)
(0.152539 0.0411241 0)
(0.14233 0.0744062 0)
(0.126335 0.115799 0)
(0.10117 0.173379 0)
(0.0718985 0.263318 0)
(0.0331793 0.380973 0)
(-0.0309319 0.601892 0)
(-0.207615 0.849265 0)
(-0.261732 0.764112 0)
(-0.233322 0.561008 0)
(-0.193975 0.370313 0)
(-0.162568 0.209972 0)
(-0.55883 0.264778 0)
(-0.594533 -0.366592 0)
(-0.575482 -0.719091 0)
(-0.480402 -0.784457 0)
(-0.338536 -0.718802 0)
(-0.164437 -0.407782 0)
(0.145116 0.0199758 0)
(0.135534 0.050447 0)
(0.121332 0.0873462 0)
(0.100485 0.133854 0)
(0.0702519 0.198924 0)
(0.0317858 0.301152 0)
(-0.0200444 0.454215 0)
(-0.0699878 0.692374 0)
(-0.156691 0.860775 0)
(-0.198424 0.749653 0)
(-0.111237 0.505396 0)
(-0.126965 0.344434 0)
(-0.473964 0.644316 0)
(-0.563816 0.705155 0)
(-0.439451 -0.292813 0)
(-0.577379 -0.763963 0)
(-0.48141 -0.903693 0)
(-0.293937 -0.885718 0)
(-0.125383 -0.582691 0)
(0.128168 0.0278709 0)
(0.116467 0.0628462 0)
(0.0984767 0.105625 0)
(0.072419 0.15965 0)
(0.0363608 0.232889 0)
(-0.0098419 0.341138 0)
(-0.0661567 0.503155 0)
(-0.111101 0.728234 0)
(-0.143422 0.838114 0)
(-0.154065 0.679569 0)
(-0.279938 0.479969 0)
(-0.430447 0.517935 0)
(-0.571637 0.607875 0)
(-0.503116 0.352647 0)
(-0.510786 -0.207107 0)
(-0.667139 -0.584396 0)
(-0.578325 -1.02273 0)
(-0.287211 -1.14717 0)
(-0.0532161 -0.76049 0)
(0.111674 0.0367437 0)
(0.0990018 0.0772955 0)
(0.0791458 0.127155 0)
(0.0505355 0.189838 0)
(0.0119355 0.272314 0)
(-0.0359689 0.387037 0)
(-0.0884359 0.548381 0)
(-0.124565 0.749213 0)
(-0.142112 0.852925 0)
(-0.175718 0.767427 0)
(-0.326876 0.672337 0)
(-0.476456 0.660302 0)
(-0.524551 0.583301 0)
(-0.46293 0.271067 0)
(-0.474347 -0.207795 0)
(-0.518022 -0.660442 0)
(-0.364381 -1.05515 0)
(-0.221853 -1.30464 0)
(0.0618773 -0.962241 0)
(0.0971924 0.0456142 0)
(0.0850127 0.0921658 0)
(0.065618 0.149333 0)
(0.0378565 0.220376 0)
(0.0013327 0.311064 0)
(-0.0420872 0.430413 0)
(-0.0854021 0.586451 0)
(-0.111663 0.765124 0)
(-0.123115 0.882956 0)
(-0.160592 0.879565 0)
(-0.274061 0.81767 0)
(-0.384668 0.745771 0)
(-0.426241 0.600095 0)
(-0.439308 0.296028 0)
(-0.48844 -0.181834 0)
(-0.463397 -0.798761 0)
(-0.166161 -1.25371 0)
(-0.171144 -1.34349 0)
(0.133986 -1.05098 0)
(0.0853627 0.0534143 0)
(0.0750344 0.105764 0)
(0.058128 0.169699 0)
(0.0339933 0.247919 0)
(0.0030132 0.34472 0)
(-0.0321634 0.465822 0)
(-0.0644883 0.614374 0)
(-0.0820024 0.776792 0)
(-0.0857005 0.901596 0)
(-0.107925 0.938575 0)
(-0.175826 0.897516 0)
(-0.250012 0.804933 0)
(-0.300884 0.639644 0)
(-0.360575 0.335588 0)
(-0.418027 -0.219493 0)
(-0.333997 -0.936471 0)
(-0.126704 -1.48145 0)
(-0.0981326 -1.49115 0)
(0.111436 -0.979071 0)
(0.0761324 0.0592565 0)
(0.0686583 0.116743 0)
(0.0556526 0.186413 0)
(0.0369079 0.270246 0)
(0.0133184 0.371031 0)
(-0.0121953 0.491789 0)
(-0.0335912 0.632554 0)
(-0.0424817 0.781763 0)
(-0.0383535 0.905406 0)
(-0.0409913 0.962777 0)
(-0.0698699 0.94172 0)
(-0.111998 0.851975 0)
(-0.152184 0.685158 0)
(-0.201443 0.377232 0)
(-0.242312 -0.201794 0)
(-0.0934191 -1.05144 0)
(0.0253636 -1.50012 0)
(-0.0518607 -1.52946 0)
(0.0465193 -1.0133 0)
(0.0689973 0.0625619 0)
(0.0649327 0.124259 0)
(0.056557 0.198423 0)
(0.043975 0.286283 0)
(0.0283236 0.389294 0)
(0.0123879 0.508456 0)
(0.00101186 0.641921 0)
(0.000286952 0.779966 0)
(0.0116563 0.898714 0)
(0.0242789 0.965856 0)
(0.0234402 0.960624 0)
(0.00931555 0.879631 0)
(-0.00651089 0.713195 0)
(-0.0185454 0.39745 0)
(-0.0196901 -0.198606 0)
(0.107545 -1.24327 0)
(0.106893 -1.443 0)
(0.0114668 -1.48848 0)
(0.0128013 -1.03152 0)
(0.0632162 0.0630927 0)
(0.0626869 0.127983 0)
(0.0590671 0.205397 0)
(0.0526308 0.295882 0)
(0.0445262 0.399802 0)
(0.0371571 0.516699 0)
(0.0343104 0.643631 0)
(0.0403864 0.772077 0)
(0.0570434 0.884063 0)
(0.0785317 0.953792 0)
(0.0945198 0.958033 0)
(0.101991 0.883211 0)
(0.110689 0.711205 0)
(0.126917 0.380685 0)
(0.242271 -0.224504 0)
(0.178184 -1.28118 0)
(0.16711 -1.38747 0)
(0.0696338 -1.42339 0)
(0.0116943 -1.01312 0)
(0.0579871 0.0609149 0)
(0.060771 0.128012 0)
(0.0615723 0.207558 0)
(0.0607145 0.299534 0)
(0.059202 0.403472 0)
(0.0589408 0.517909 0)
(0.0627343 0.639234 0)
(0.0736502 0.759672 0)
(0.0930299 0.86478 0)
(0.11764 0.933287 0)
(0.140469 0.941796 0)
(0.158266 0.868847 0)
(0.178879 0.685051 0)
(0.202069 0.331911 0)
(0.387446 -0.279593 0)
(0.244246 -1.20008 0)
(0.186132 -1.33101 0)
(0.0968126 -1.34112 0)
(0.0124637 -0.9679 0)
(0.0525755 0.0563249 0)
(0.0582117 0.124747 0)
(0.0628051 0.205492 0)
(0.066648 0.298107 0)
(0.0705208 0.401536 0)
(0.0758024 0.513662 0)
(0.0844057 0.630496 0)
(0.0982826 0.744815 0)
(0.118154 0.844389 0)
(0.141687 0.911067 0)
(0.163461 0.92209 0)
(0.1791 0.850806 0)
(0.190819 0.65935 0)
(0.179474 0.29178 0)
(0.328397 -0.330695 0)
(0.203098 -1.05533 0)
(0.167096 -1.27213 0)
(0.102186 -1.26679 0)
(-0.00221844 -0.905142 0)
(0.046396 0.0497633 0)
(0.0542956 0.118768 0)
(0.0619143 0.19997 0)
(0.0694737 0.292613 0)
(0.0775132 0.395265 0)
(0.0869285 0.505427 0)
(0.0988821 0.618957 0)
(0.114418 0.729117 0)
(0.133585 0.825259 0)
(0.154152 0.891652 0)
(0.17112 0.907005 0)
(0.178292 0.843133 0)
(0.171295 0.659489 0)
(0.108464 0.297963 0)
(0.181914 -0.420312 0)
(0.162782 -1.02287 0)
(0.178849 -1.20986 0)
(0.109751 -1.20543 0)
(-0.00627536 -0.876411 0)
(0.0390555 0.0417336 0)
(0.0485991 0.110717 0)
(0.0584654 0.191801 0)
(0.0687979 0.284034 0)
(0.0799259 0.385778 0)
(0.0923592 0.494351 0)
(0.106696 0.605614 0)
(0.123337 0.713293 0)
(0.141871 0.807986 0)
(0.160197 0.875997 0)
(0.174024 0.898095 0)
(0.177576 0.847042 0)
(0.166907 0.681701 0)
(0.109055 0.328687 0)
(0.148752 -0.571561 0)
(0.17876 -1.02564 0)
(0.176574 -1.1696 0)
(0.115165 -1.13513 0)
(0.0346184 -0.831841 0)
(0.0303696 0.0327356 0)
(0.0409825 0.101214 0)
(0.0523986 0.181729 0)
(0.0646953 0.273222 0)
(0.0780462 0.373957 0)
(0.0926968 0.481203 0)
(0.108884 0.590907 0)
(0.126637 0.697194 0)
(0.145396 0.791584 0)
(0.16353 0.861841 0)
(0.178193 0.890221 0)
(0.186456 0.84979 0)
(0.190311 0.696403 0)
(0.192454 0.344521 0)
(0.160682 -0.52342 0)
(0.171317 -1.03527 0)
(0.152695 -1.13994 0)
(0.100395 -1.08276 0)
(0.0717002 -0.752325 0)
(0.0203597 0.0232163 0)
(0.0315609 0.0907918 0)
(0.0439672 0.170376 0)
(0.0576065 0.260848 0)
(0.0725521 0.360443 0)
(0.0888964 0.466446 0)
(0.106686 0.57491 0)
(0.12578 0.680267 0)
(0.145618 0.774612 0)
(0.165005 0.846456 0)
(0.182198 0.878342 0)
(0.196131 0.841688 0)
(0.211164 0.68687 0)
(0.241922 0.327195 0)
(0.233153 -0.37757 0)
(0.13837 -1.06888 0)
(0.133424 -1.11172 0)
(0.076638 -1.04824 0)
(0.0814119 -0.681477 0)
(0.00922749 0.0135363 0)
(0.0206561 0.0798618 0)
(0.0336636 0.158195 0)
(0.0482416 0.247381 0)
(0.0644049 0.34565 0)
(0.0821738 0.450325 0)
(0.10153 0.557555 0)
(0.122278 0.662014 0)
(0.143843 0.756187 0)
(0.165084 0.828979 0)
(0.184208 0.862843 0)
(0.198993 0.827698 0)
(0.208209 0.670683 0)
(0.209695 0.308126 0)
(0.224523 -0.379365 0)
(0.142457 -0.970251 0)
(0.137746 -1.09311 0)
(0.0675518 -1.02417 0)
(0.0786269 -0.612683 0)
(-0.00268737 0.00395924 0)
(0.00873171 0.0686933 0)
(0.0221301 0.145454 0)
(0.0374724 0.233065 0)
(0.0547429 0.329755 0)
(0.07394 0.432877 0)
(0.0950758 0.538641 0)
(0.118011 0.641964 0)
(0.142191 0.735753 0)
(0.166333 0.809502 0)
(0.188012 0.84646 0)
(0.202403 0.817962 0)
(0.199051 0.675065 0)
(0.141365 0.342703 0)
(0.157813 -0.362018 0)
(0.157579 -0.931621 0)
(0.168757 -1.05804 0)
(0.0826584 -0.995893 0)
(0.0747617 -0.542934 0)
(-0.0149582 -0.00534608 0)
(-0.00368293 0.0574186 0)
(0.0100492 0.132234 0)
(0.0261916 0.217911 0)
(0.0447187 0.312672 0)
(0.0656328 0.413871 0)
(0.0890548 0.5177 0)
(0.115015 0.619344 0)
(0.143229 0.712194 0)
(0.172572 0.786662 0)
(0.200683 0.82781 0)
(0.22208 0.810989 0)
(0.224017 0.69453 0)
(0.161766 0.398308 0)
(0.230025 -0.561329 0)
(0.223227 -0.889243 0)
(0.202381 -0.994349 0)
(0.110584 -0.940862 0)
(0.0697631 -0.477725 0)
(-0.0271249 -0.0142745 0)
(-0.0160714 0.0460707 0)
(-0.00196929 0.118472 0)
(0.0151478 0.201735 0)
(0.0352703 0.294073 0)
(0.0584335 0.392815 0)
(0.0848239 0.493964 0)
(0.114834 0.592855 0)
(0.148582 0.683503 0)
(0.185631 0.75708 0)
(0.224895 0.800322 0)
(0.263256 0.792341 0)
(0.293856 0.696883 0)
(0.31916 0.426617 0)
(0.27871 -0.618144 0)
(0.269996 -0.860991 0)
(0.224899 -0.939377 0)
(0.129944 -0.863042 0)
(0.0732125 -0.40439 0)
(-0.0387305 -0.0227393 0)
(-0.0279835 0.0346471 0)
(-0.0134723 0.104041 0)
(0.00480802 0.184265 0)
(0.0268923 0.273515 0)
(0.0528963 0.369114 0)
(0.0829053 0.466866 0)
(0.117619 0.56169 0)
(0.157441 0.648271 0)
(0.203059 0.717949 0)
(0.255013 0.758223 0)
(0.313192 0.750038 0)
(0.37423 0.659533 0)
(0.467042 0.402805 0)
(0.353537 -0.438199 0)
(0.286444 -0.842341 0)
(0.226971 -0.876045 0)
(0.129632 -0.778659 0)
(0.0774774 -0.318281 0)
(-0.0493292 -0.0306233 0)
(-0.039044 0.0231843 0)
(-0.0241794 0.0888596 0)
(-0.00466192 0.165275 0)
(0.019601 0.250622 0)
(0.0487725 0.342177 0)
(0.0829249 0.435806 0)
(0.122467 0.525664 0)
(0.16802 0.606639 0)
(0.220983 0.669805 0)
(0.282971 0.702352 0)
(0.354859 0.686473 0)
(0.431179 0.59092 0)
(0.526365 0.34758 0)
(0.503296 -0.234228 0)
(0.248506 -0.829928 0)
(0.216142 -0.802848 0)
(0.118329 -0.704707 0)
(0.0682785 -0.230527 0)
(-0.0584664 -0.0377369 0)
(-0.0489171 0.0118277 0)
(-0.0339282 0.0729846 0)
(-0.0133106 0.144714 0)
(0.0131 0.225245 0)
(0.0454554 0.311821 0)
(0.0839805 0.400455 0)
(0.12824 0.485038 0)
(0.178823 0.559506 0)
(0.23715 0.614887 0)
(0.305103 0.638268 0)
(0.381808 0.614609 0)
(0.457048 0.518732 0)
(0.523038 0.301718 0)
(0.535134 -0.136925 0)
(0.239326 -0.687263 0)
(0.208315 -0.720547 0)
(0.11135 -0.633513 0)
(0.0375574 -0.144355 0)
(-0.0656423 -0.0437965 0)
(-0.0572418 0.000884224 0)
(-0.0425868 0.056688 0)
(-0.0213004 0.122777 0)
(0.00689613 0.197504 0)
(0.0421629 0.278163 0)
(0.0846751 0.360808 0)
(0.133829 0.439805 0)
(0.18944 0.508154 0)
(0.25185 0.555986 0)
(0.322327 0.570443 0)
(0.397991 0.542723 0)
(0.467208 0.457551 0)
(0.513345 0.284819 0)
(0.541079 -0.0281573 0)
(0.258462 -0.565998 0)
(0.201637 -0.641577 0)
(0.12125 -0.552533 0)
(0.012575 -0.12959 0)
(-0.0702784 -0.0484405 0)
(-0.0635469 -0.00915962 0)
(-0.0499264 0.040508 0)
(-0.0287557 0.0999886 0)
(0.000440664 0.167858 0)
(0.0378986 0.241573 0)
(0.0837167 0.317311 0)
(0.137476 0.389759 0)
(0.198417 0.452281 0)
(0.265993 0.495017 0)
(0.337988 0.503794 0)
(0.409326 0.478073 0)
(0.472433 0.407997 0)
(0.512375 0.276378 0)
(0.544038 0.0538231 0)
(0.316601 -0.409444 0)
(0.192248 -0.566636 0)
(0.13274 -0.449102 0)
(0.0360491 -0.0555288 0)
(-0.0717191 -0.0512985 0)
(-0.067176 -0.0176777 0)
(-0.0554681 0.0252574 0)
(-0.0355509 0.077265 0)
(-0.00665835 0.137249 0)
(0.0316023 0.202933 0)
(0.0793418 0.270713 0)
(0.136261 0.33562 0)
(0.201368 0.391535 0)
(0.274823 0.430801 0)
(0.348657 0.44116 0)
(0.418008 0.419296 0)
(0.481006 0.361216 0)
(0.523028 0.260061 0)
(0.54996 0.101189 0)
(0.450344 -0.22238 0)
(0.193422 -0.46822 0)
(0.121468 -0.370051 0)
(0.0454115 0.0127613 0)
(-0.0693019 -0.0521219 0)
(-0.067271 -0.0240241 0)
(-0.0583441 0.011943 0)
(-0.0410322 0.0559004 0)
(-0.0141993 0.107184 0)
(0.0227843 0.163903 0)
(0.0701058 0.22277 0)
(0.127471 0.279219 0)
(0.193907 0.327692 0)
(0.268557 0.362153 0)
(0.346681 0.375218 0)
(0.421259 0.358468 0)
(0.487261 0.311525 0)
(0.535734 0.234006 0)
(0.560272 0.12209 0)
(0.563225 -0.0779001 0)
(0.190334 -0.29754 0)
(0.113291 -0.279648 0)
(0.0540823 0.0779053 0)
(-0.0625501 -0.0509711 0)
(-0.06291 -0.0277586 0)
(-0.0572976 0.00154539 0)
(-0.0438311 0.0373807 0)
(-0.0209821 0.0795914 0)
(0.0122165 0.12678 0)
(0.0561688 0.176124 0)
(0.110653 0.223555 0)
(0.174743 0.264097 0)
(0.247088 0.292465 0)
(0.325176 0.303032 0)
(0.404996 0.291127 0)
(0.479121 0.254045 0)
(0.538454 0.196668 0)
(0.569805 0.127872 0)
(0.616321 0.0336165 0)
(0.291844 -0.0749262 0)
(0.143342 -0.191517 0)
(0.0667403 0.147658 0)
(-0.0515028 -0.0483915 0)
(-0.0534984 -0.0289488 0)
(-0.0510074 -0.0053595 0)
(-0.0420218 0.0230126 0)
(-0.0247781 0.0565015 0)
(0.00208769 0.0941832 0)
(0.0394246 0.133817 0)
(0.0873154 0.17198 0)
(0.144991 0.204305 0)
(0.211122 0.225958 0)
(0.283987 0.232009 0)
(0.361599 0.218691 0)
(0.440713 0.186296 0)
(0.516262 0.141083 0)
(0.574921 0.100292 0)
(0.685372 0.0746799 0)
(0.528081 0.127913 0)
(0.255986 -0.0670334 0)
(0.0836224 0.249278 0)
(-0.0370831 -0.0453936 0)
(-0.0394449 -0.0283638 0)
(-0.0389623 -0.00900935 0)
(-0.03401 0.0134449 0)
(-0.0230407 0.0396093 0)
(-0.00439691 0.0686962 0)
(0.0233296 0.0990606 0)
(0.0607407 0.128115 0)
(0.107332 0.152208 0)
(0.161827 0.166884 0)
(0.222724 0.167326 0)
(0.289213 0.14943 0)
(0.361284 0.112909 0)
(0.439456 0.0662572 0)
(0.511339 0.0274016 0)
(0.702234 0.0311024 0)
(0.458208 0.279909 0)
(0.322108 0.181551 0)
(0.11667 0.548232 0)
(-0.0211884 -0.0430274 0)
(-0.02279 -0.0271476 0)
(-0.0228324 -0.0102417 0)
(-0.0209188 0.00854677 0)
(-0.0155126 0.0295459 0)
(-0.00500605 0.0517311 0)
(0.0121508 0.0740851 0)
(0.0367483 0.0950314 0)
(0.068358 0.1119 0)
(0.105392 0.120885 0)
(0.145604 0.117221 0)
(0.187551 0.0955055 0)
(0.23127 0.0521863 0)
(0.277539 -0.0021328 0)
(0.329948 -0.0426136 0)
(0.460839 0.00954921 0)
(0.592776 0.7485 0)
(0.742809 0.415913 0)
(0.261797 0.468786 0)
(-0.00624824 -0.0421993 0)
(-0.00675442 -0.0264105 0)
(-0.00675506 -0.0100083 0)
(-0.00958291 0.00725851 0)
(-0.00795996 0.0247448 0)
(-0.00247508 0.0414512 0)
(0.00774957 0.0573464 0)
(0.0228498 0.0720228 0)
(0.0419389 0.0842879 0)
(0.0627118 0.0920771 0)
(0.0812453 0.0923775 0)
(0.0928772 0.080107 0)
(0.0945523 0.0454106 0)
(0.0609101 -0.0219485 0)
(0.0787021 -0.127551 0)
(0.173 -0.342441 0)
(0.670863 -0.180045 0)
(2.17449 -0.307983 0)
(0.777175 2.47845 0)
)
;

boundaryField
{
    leftWall
    {
        type            noSlip;
    }
    rightWall
    {
        type            noSlip;
    }
    lowerWall
    {
        type            noSlip;
    }
    atmosphere
    {
        type            pressureInletOutletVelocity;
        value           nonuniform List<vector> 
46
(
(0 -0.0301013 0)
(0 -0.101475 0)
(0 -0.110745 0)
(0 -0.112573 0)
(0 -0.112976 0)
(0 -0.112758 0)
(0 -0.112157 0)
(0 -0.111235 0)
(0 -0.110003 0)
(0 -0.108465 0)
(0 -0.106625 0)
(0 -0.104495 0)
(0 -0.102094 0)
(0 -0.0994498 0)
(0 -0.0966032 0)
(0 -0.093609 0)
(0 -0.0905331 0)
(0 -0.0874412 0)
(0 -0.0843759 0)
(0 -0.0813163 0)
(0 -0.0781229 0)
(0 -0.0744768 0)
(0 -0.069835 0)
(0 -0.0651291 0)
(0 -0.0614585 0)
(0 -0.057041 0)
(0 -0.051879 0)
(0 -0.0421993 0)
(0 -0.0264105 0)
(0 -0.0100083 0)
(-0.00958291 0.00725851 0)
(-0.00795996 0.0247448 0)
(-0.00247508 0.0414512 0)
(0.00774957 0.0573464 0)
(0.0228498 0.0720228 0)
(0.0419389 0.0842879 0)
(0.0627118 0.0920771 0)
(0.0812453 0.0923775 0)
(0.0928772 0.080107 0)
(0.0945523 0.0454106 0)
(0 -0.0219485 0)
(0 -0.127551 0)
(0 -0.342441 0)
(0 -0.180045 0)
(0 -0.307983 0)
(0.777175 2.47845 0)
)
;
    }
    defaultFaces
    {
        type            empty;
    }
}


// ************************************************************************* //
