/*--------------------------------*- C++ -*----------------------------------*\
| =========                 |                                                 |
| \\      /  F ield         | OpenFOAM: The Open Source CFD Toolbox           |
|  \\    /   O peration     | Version:  v2012                                 |
|   \\  /    A nd           | Website:  www.openfoam.com                      |
|    \\/     M anipulation  |                                                 |
\*---------------------------------------------------------------------------*/
FoamFile
{
    version     2.0;
    format      ascii;
    class       surfaceScalarField;
    location    "0.2";
    object      phi;
}
// * * * * * * * * * * * * * * * * * * * * * * * * * * * * * * * * * * * * * //

dimensions      [0 3 -1 0 0 0 0];
oriented        oriented;


internalField   nonuniform List<scalar> 
4432
(
-1.5213e-06
1.5213e-06
2.10627e-06
-3.62757e-06
7.93394e-06
-5.82768e-06
1.42839e-05
-6.34996e-06
2.06951e-05
-6.41119e-06
2.71179e-05
-6.42283e-06
3.35984e-05
-6.48052e-06
4.01834e-05
-6.58498e-06
4.68975e-05
-6.71405e-06
5.37357e-05
-6.8382e-06
6.06537e-05
-6.91802e-06
6.75528e-05
-6.89909e-06
7.42585e-05
-6.70576e-06
8.04912e-05
-6.23264e-06
8.58173e-05
-5.32613e-06
8.95474e-05
-3.73008e-06
9.04038e-05
-8.56445e-07
8.5994e-05
4.40981e-06
7.34385e-05
1.25555e-05
5.07044e-05
2.27341e-05
2.01567e-05
3.05477e-05
-8.35619e-06
2.85129e-05
-8.35619e-06
1.23458e-06
2.86713e-07
5.71544e-06
-8.10843e-06
1.14813e-05
-1.15935e-05
1.76315e-05
-1.25001e-05
2.38885e-05
-1.26682e-05
3.02148e-05
-1.27491e-05
3.66411e-05
-1.29068e-05
4.32019e-05
-1.31458e-05
4.99125e-05
-1.34246e-05
5.67588e-05
-1.36845e-05
6.36874e-05
-1.38467e-05
7.05922e-05
-1.38038e-05
7.72944e-05
-1.3408e-05
8.35179e-05
-1.24561e-05
8.88556e-05
-1.06639e-05
9.27418e-05
-7.61625e-06
9.45885e-05
-2.70318e-06
9.38042e-05
5.19412e-06
8.88248e-05
1.75349e-05
7.6362e-05
3.51969e-05
5.20265e-05
5.48833e-05
2.07396e-05
5.97998e-05
1.23834e-05
3.02682e-06
-2.74011e-06
8.10851e-06
-1.31901e-05
1.38937e-05
-1.73787e-05
1.99055e-05
-1.8512e-05
2.60081e-05
-1.87708e-05
3.2201e-05
-1.89421e-05
3.85183e-05
-1.92241e-05
4.49891e-05
-1.96166e-05
5.16227e-05
-2.00582e-05
5.83997e-05
-2.04614e-05
6.52626e-05
-2.07096e-05
7.21032e-05
-2.06444e-05
7.87451e-05
-2.00499e-05
8.49231e-05
-1.86341e-05
9.02581e-05
-1.59988e-05
9.42315e-05
-1.15897e-05
9.61619e-05
-4.63353e-06
9.53335e-05
6.02248e-06
9.09432e-05
2.19252e-05
8.17505e-05
4.43896e-05
6.43089e-05
7.23249e-05
3.5793e-05
8.83157e-05
4.81763e-05
4.069e-06
-6.80911e-06
9.75423e-06
-1.88754e-05
1.56964e-05
-2.33209e-05
2.16661e-05
-2.44816e-05
2.76658e-05
-2.47705e-05
3.37497e-05
-2.5026e-05
3.99677e-05
-2.54421e-05
4.63513e-05
-2.60003e-05
5.2909e-05
-2.66159e-05
5.96204e-05
-2.71728e-05
6.6428e-05
-2.75173e-05
7.32255e-05
-2.74419e-05
7.98423e-05
-2.66667e-05
8.60259e-05
-2.48177e-05
9.14213e-05
-2.13943e-05
9.55478e-05
-1.57161e-05
9.77679e-05
-6.85367e-06
9.73213e-05
6.46912e-06
9.33714e-05
2.58751e-05
8.49526e-05
5.28084e-05
6.98175e-05
8.746e-05
4.3121e-05
0.000115012
9.12973e-05
4.65314e-06
-1.14622e-05
1.08469e-05
-2.50691e-05
1.70008e-05
-2.94748e-05
2.29964e-05
-3.04772e-05
2.89434e-05
-3.07175e-05
3.49501e-05
-3.10327e-05
4.10881e-05
-3.15801e-05
4.73969e-05
-3.23091e-05
5.38888e-05
-3.31078e-05
6.05465e-05
-3.38305e-05
6.73163e-05
-3.42871e-05
7.4097e-05
-3.42225e-05
8.07265e-05
-3.32962e-05
8.69667e-05
-3.10579e-05
9.24864e-05
-2.6914e-05
9.68406e-05
-2.00704e-05
9.94414e-05
-9.45449e-06
9.95541e-05
6.35647e-06
9.63059e-05
2.91233e-05
8.8566e-05
6.05483e-05
7.42663e-05
0.00010176
4.8269e-05
0.00014101
0.000139566
5.00281e-06
-1.64651e-05
1.15521e-05
-3.16183e-05
1.78888e-05
-3.58116e-05
2.39314e-05
-3.65198e-05
2.98551e-05
-3.66412e-05
3.58092e-05
-3.69868e-05
4.18845e-05
-3.76554e-05
4.81308e-05
-3.85553e-05
5.45672e-05
-3.95442e-05
6.11828e-05
-4.04461e-05
6.79304e-05
-4.10347e-05
7.4717e-05
-4.10091e-05
8.13909e-05
-3.99701e-05
8.77295e-05
-3.73965e-05
9.34253e-05
-3.26098e-05
9.80686e-05
-2.47136e-05
0.000101122
-1.25076e-05
0.000101902
5.57642e-06
9.95497e-05
3.14753e-05
9.28139e-05
6.72841e-05
7.94883e-05
0.000115085
5.4027e-05
0.000166471
0.000193593
5.23271e-06
-2.16978e-05
1.19823e-05
-3.83679e-05
1.84316e-05
-4.22609e-05
2.45056e-05
-4.25939e-05
3.04129e-05
-4.25485e-05
3.6326e-05
-4.28998e-05
4.23489e-05
-4.36784e-05
4.85405e-05
-4.47469e-05
5.4928e-05
-4.59317e-05
6.15091e-05
-4.70271e-05
6.82456e-05
-4.77713e-05
7.50544e-05
-4.78179e-05
8.17959e-05
-4.67115e-05
8.82632e-05
-4.38637e-05
9.41721e-05
-3.85188e-05
9.91486e-05
-2.96901e-05
0.000102709
-1.60682e-05
0.000104246
4.03967e-06
0.000102976
3.27452e-05
9.76677e-05
7.25925e-05
8.61793e-05
0.000126574
6.21894e-05
0.000190461
0.000255783
5.38059e-06
-2.70783e-05
1.22059e-05
-4.51933e-05
1.86855e-05
-4.87404e-05
2.47551e-05
-4.86635e-05
3.06359e-05
-4.84293e-05
3.6508e-05
-4.87719e-05
4.2481e-05
-4.96513e-05
4.86202e-05
-5.08861e-05
5.49613e-05
-5.22728e-05
6.15114e-05
-5.35772e-05
6.82433e-05
-5.45031e-05
7.50852e-05
-5.46599e-05
8.19102e-05
-5.35364e-05
8.85262e-05
-5.04798e-05
9.46711e-05
-4.46637e-05
0.000100006
-3.50245e-05
0.000104104
-2.01666e-05
0.000106452
1.69172e-06
0.000106412
3.2785e-05
0.000102973
7.60321e-05
9.44197e-05
0.000135127
7.2673e-05
0.000212207
0.000328456
-7.29784e-06
7.29784e-06
-1.63949e-05
9.09743e-06
-2.3027e-05
6.63207e-06
-2.5497e-05
2.46978e-06
-2.53478e-05
-1.49298e-07
-2.38225e-05
-1.52533e-06
-2.16226e-05
-2.19976e-06
-1.91425e-05
-2.48028e-06
-1.66327e-05
-2.5099e-06
-1.42382e-05
-2.39429e-06
-1.2021e-05
-2.21721e-06
-1.00417e-05
-1.97916e-06
-8.30397e-06
-1.73761e-06
-6.80599e-06
-1.4979e-06
-5.52318e-06
-1.28309e-06
-4.3927e-06
-1.13022e-06
-3.27566e-06
-1.1168e-06
-1.9001e-06
-1.37606e-06
-1.89966e-06
-1.18344e-05
1.91323e-05
-2.04995e-05
1.77626e-05
-2.52673e-05
1.13997e-05
-2.66535e-05
3.85582e-06
-2.62077e-05
-5.95058e-07
-2.45774e-05
-3.15584e-06
-2.22854e-05
-4.49166e-06
-1.97008e-05
-5.06484e-06
-1.70781e-05
-5.13263e-06
-1.4575e-05
-4.8971e-06
-1.22839e-05
-4.50845e-06
-1.02336e-05
-4.02935e-06
-8.43389e-06
-3.53751e-06
-6.86243e-06
-3.06888e-06
-5.48089e-06
-2.66466e-06
-4.22568e-06
-2.38565e-06
-3.00124e-06
-2.34063e-06
-1.66234e-06
-2.71561e-06
-3.56183e-06
-1.32454e-05
3.23777e-05
-2.14075e-05
2.59247e-05
-2.58287e-05
1.58208e-05
-2.7145e-05
5.17205e-06
-2.6585e-05
-1.15483e-06
-2.48684e-05
-4.87259e-06
-2.25085e-05
-6.85157e-06
-1.98621e-05
-7.71122e-06
-1.71818e-05
-7.8134e-06
-1.46324e-05
-7.44644e-06
-1.2306e-05
-6.83502e-06
-1.02316e-05
-6.10313e-06
-8.40864e-06
-5.36056e-06
-6.80743e-06
-4.67006e-06
-5.38252e-06
-4.08967e-06
-4.07296e-06
-3.69555e-06
-2.80625e-06
-3.60669e-06
-1.48951e-06
-4.03305e-06
-5.05121e-06
-1.47666e-05
4.71443e-05
-2.28469e-05
3.4005e-05
-2.68838e-05
1.98577e-05
-2.78793e-05
6.16746e-06
-2.70465e-05
-1.98743e-06
-2.51619e-05
-6.75724e-06
-2.26906e-05
-9.32318e-06
-1.99604e-05
-1.04413e-05
-1.72118e-05
-1.05621e-05
-1.46101e-05
-1.00476e-05
-1.22473e-05
-9.19789e-06
-1.01502e-05
-8.20023e-06
-8.31112e-06
-7.20022e-06
-6.69387e-06
-6.28704e-06
-5.24848e-06
-5.5346e-06
-3.91665e-06
-5.02764e-06
-2.63741e-06
-4.88557e-06
-1.34747e-06
-5.32345e-06
-6.39857e-06
-1.72561e-05
6.44004e-05
-2.5197e-05
4.19458e-05
-2.85099e-05
2.31707e-05
-2.89218e-05
6.57951e-06
-2.76654e-05
-3.24385e-06
-2.55208e-05
-8.90182e-06
-2.28867e-05
-1.19572e-05
-2.00448e-05
-1.32829e-05
-1.72113e-05
-1.33959e-05
-1.45453e-05
-1.27135e-05
-1.21384e-05
-1.16049e-05
-1.00151e-05
-1.03232e-05
-8.1609e-06
-9.05439e-06
-6.53433e-06
-7.91349e-06
-5.08202e-06
-6.98691e-06
-3.74778e-06
-6.36234e-06
-2.47893e-06
-6.15409e-06
-1.2318e-06
-6.5708e-06
-7.63039e-06
-2.11175e-05
8.55179e-05
-2.85884e-05
4.94168e-05
-3.07278e-05
2.53101e-05
-3.02884e-05
6.1402e-06
-2.84486e-05
-5.08366e-06
-2.59509e-05
-1.13995e-05
-2.31048e-05
-1.48034e-05
-2.01267e-05
-1.62611e-05
-1.71958e-05
-1.63267e-05
-1.44574e-05
-1.54517e-05
-1.20001e-05
-1.40622e-05
-9.84652e-06
-1.24768e-05
-7.9767e-06
-1.09246e-05
-6.34412e-06
-9.54623e-06
-4.89278e-06
-8.43812e-06
-3.56836e-06
-7.6871e-06
-2.3255e-06
-7.39679e-06
-1.13307e-06
-7.76341e-06
-8.76359e-06
-2.68499e-05
0.000112368
-3.30474e-05
5.56144e-05
-3.34489e-05
2.57119e-05
-3.19157e-05
4.60703e-06
-2.9352e-05
-7.6475e-06
-2.64172e-05
-1.43344e-05
-2.33161e-05
-1.79044e-05
-2.01843e-05
-1.93928e-05
-1.71523e-05
-1.93586e-05
-1.43422e-05
-1.82619e-05
-1.18352e-05
-1.65692e-05
-9.65194e-06
-1.466e-05
-7.76803e-06
-1.28086e-05
-6.13289e-06
-1.11814e-05
-4.68843e-06
-9.88227e-06
-3.38215e-06
-8.99353e-06
-2.17492e-06
-8.60387e-06
-1.04359e-06
-8.89498e-06
-9.80717e-06
-3.36912e-05
0.000146059
-3.79624e-05
5.98854e-05
-3.63663e-05
2.41159e-05
-3.36145e-05
1.85518e-06
-3.02696e-05
-1.09923e-05
-2.68423e-05
-1.77618e-05
-2.34543e-05
-2.12924e-05
-2.01592e-05
-2.26879e-05
-1.70308e-05
-2.2487e-05
-1.41596e-05
-2.11331e-05
-1.16137e-05
-1.91151e-05
-9.40963e-06
-1.6864e-05
-7.51971e-06
-1.46986e-05
-5.89046e-06
-1.28108e-05
-4.46257e-06
-1.131e-05
-3.18486e-06
-1.02715e-05
-2.02164e-06
-9.76716e-06
-9.57752e-07
-9.95925e-06
-1.0765e-05
1.14979e-05
-3.85762e-05
2.61157e-05
-5.98111e-05
3.97032e-05
-6.23279e-05
5.24289e-05
-6.13891e-05
6.47948e-05
-6.07952e-05
7.71384e-05
-6.11155e-05
8.96833e-05
-6.21963e-05
0.000102582
-6.37845e-05
0.000115934
-6.56256e-05
0.000129791
-6.74339e-05
0.000144133
-6.88452e-05
0.000158849
-6.93761e-05
0.000173709
-6.83957e-05
0.000188344
-6.51152e-05
0.000202254
-5.85737e-05
0.000214818
-4.75888e-05
0.000225324
-3.06718e-05
0.000233003
-5.98784e-06
0.00023711
2.86784e-05
0.000236947
7.61949e-05
0.000231868
0.000140205
0.000224153
0.000219922
0.000326639
0.00022597
1.16029e-05
-5.01791e-05
2.549e-05
-7.36982e-05
3.83296e-05
-7.51676e-05
5.04752e-05
-7.35347e-05
6.24138e-05
-7.27337e-05
7.4423e-05
-7.31247e-05
8.66849e-05
-7.44582e-05
9.93468e-05
-7.64464e-05
0.000112534
-7.88124e-05
0.000126338
-8.12387e-05
0.000140797
-8.33039e-05
0.00015585
-8.44293e-05
0.000171301
-8.38468e-05
0.000186795
-8.06084e-05
0.000201837
-7.36165e-05
0.000215857
-6.16087e-05
0.000228278
-4.30923e-05
0.000238616
-1.63262e-05
0.000246563
2.07313e-05
0.0002522
7.05583e-05
0.000257067
0.000135339
0.000266106
0.000210882
0.000317614
0.000275132
1.15513e-05
-6.17304e-05
2.43215e-05
-8.64684e-05
3.60379e-05
-8.68841e-05
4.73305e-05
-8.48273e-05
5.86239e-05
-8.40271e-05
7.01135e-05
-8.46143e-05
8.19338e-05
-8.62786e-05
9.42209e-05
-8.87334e-05
0.000107118
-9.17099e-05
0.000120761
-9.48809e-05
0.000135236
-9.77798e-05
0.00015053
-9.97223e-05
0.000166438
-9.97553e-05
0.000182532
-9.67022e-05
0.000198193
-8.92778e-05
0.000212711
-7.61262e-05
0.000225368
-5.57493e-05
0.000235482
-2.6441e-05
0.000242617
1.35963e-05
0.000246169
6.70064e-05
0.000247484
0.000134024
0.000256909
0.000201458
0.000303107
0.000271416
1.13207e-05
-7.30511e-05
2.26918e-05
-9.78395e-05
3.30863e-05
-9.72785e-05
4.3361e-05
-9.5102e-05
5.38394e-05
-9.45055e-05
6.4626e-05
-9.54009e-05
7.58087e-05
-9.74613e-05
8.75104e-05
-0.000100435
9.9889e-05
-0.000104088
0.000113117
-0.000108109
0.000127339
-0.000112002
0.000142575
-0.000114958
0.000158564
-0.000115744
0.000174669
-0.000112808
0.00018995
-0.000104558
0.000203322
-8.94984e-05
0.000213671
-6.60984e-05
0.000219838
-3.26084e-05
0.000220853
1.25816e-05
0.000218004
6.98557e-05
0.000216402
0.000135625
0.000228633
0.000189228
0.000285579
0.00024616
1.08847e-05
-8.39358e-05
2.06293e-05
-0.000107584
2.96318e-05
-0.000106281
3.8831e-05
-0.000104301
4.8398e-05
-0.000104072
5.8343e-05
-0.000105346
6.87085e-05
-0.000107827
7.95979e-05
-0.000111325
9.11723e-05
-0.000115663
0.000103634
-0.000120571
0.000117187
-0.000125555
0.000131897
-0.000129668
0.000147377
-0.000131223
0.000162594
-0.000128025
0.000176112
-0.000118077
0.000186594
-9.99806e-05
0.000192762
-7.2266e-05
0.000192812
-3.26579e-05
0.000183183
2.22102e-05
0.00016876
8.42785e-05
0.000172098
0.000132287
0.000189567
0.000171759
0.000258882
0.000216264
1.01104e-05
-9.40461e-05
1.80981e-05
-0.000115572
2.57888e-05
-0.000113972
3.39705e-05
-0.000112483
4.26226e-05
-0.000112725
5.16666e-05
-0.00011439
6.10984e-05
-0.000117258
7.09878e-05
-0.000121214
8.14736e-05
-0.000126149
9.27607e-05
-0.000131858
0.000105109
-0.000137903
0.00011866
-0.00014322
0.000132824
-0.000145387
0.000145999
-0.0001412
0.000156484
-0.000128562
0.00016324
-0.000106736
0.000165786
-7.48123e-05
0.000151155
-1.80266e-05
0.000147259
2.61059e-05
0.000151831
7.97068e-05
0.000152177
0.000131941
0.000154846
0.00016909
0.000227352
0.000186376
8.66825e-06
-0.000102714
1.50622e-05
-0.000121966
2.17284e-05
-0.000120638
2.90733e-05
-0.000119828
3.69144e-05
-0.000120566
4.51077e-05
-0.000122583
5.36025e-05
-0.000125753
6.24137e-05
-0.000130025
7.1612e-05
-0.000135347
8.13356e-05
-0.000141582
9.18603e-05
-0.000148428
0.000103476
-0.000154835
0.00011537
-0.000157281
0.000125575
-0.000151405
0.000132561
-0.000135548
0.000136329
-0.000110503
0.000137741
-7.62249e-05
0.000145875
-2.61599e-05
0.000144547
2.74337e-05
0.000141898
8.23551e-05
0.000138871
0.000134969
0.00013294
0.000175021
0.000201949
0.000158343
6.3091e-06
-0.000109023
1.17794e-05
-0.000127436
1.78472e-05
-0.000126706
2.4595e-05
-0.000126576
3.18094e-05
-0.00012778
3.93135e-05
-0.000130087
4.70121e-05
-0.000133452
5.48473e-05
-0.00013786
6.27755e-05
-0.000143275
7.07517e-05
-0.000149558
7.89174e-05
-0.000156593
8.78425e-05
-0.000163761
9.68122e-05
-0.000166251
0.000103644
-0.000158237
0.000108102
-0.000140006
0.000109592
-0.000111992
0.000111246
-7.78792e-05
0.000110658
-2.55719e-05
0.000108866
2.92262e-05
0.000109718
8.15031e-05
0.000114531
0.000130156
0.000119151
0.000170401
0.000189806
0.000131294
3.99572e-06
-0.000113019
9.20881e-06
-0.000132649
1.4795e-05
-0.000132292
2.10733e-05
-0.000132854
2.78472e-05
-0.000134554
3.48821e-05
-0.000137122
4.2037e-05
-0.000140607
4.91981e-05
-0.000145022
5.62385e-05
-0.000150315
6.28865e-05
-0.000156206
6.87344e-05
-0.000162441
7.46302e-05
-0.000169656
8.04349e-05
-0.000172055
8.46087e-05
-0.000162411
8.56726e-05
-0.00014107
8.65428e-05
-0.000112863
7.59643e-05
-6.73007e-05
6.56457e-05
-1.52528e-05
6.05274e-05
3.43445e-05
6.23646e-05
7.96661e-05
7.19806e-05
0.00012054
8.81956e-05
0.000154186
0.000174385
0.000103617
6.29347e-06
-0.000119313
8.951e-06
-0.000135307
1.31153e-05
-0.000136456
1.88477e-05
-0.000138586
2.53186e-05
-0.000141025
3.20941e-05
-0.000143898
3.89896e-05
-0.000147502
4.58764e-05
-0.000151908
5.26749e-05
-0.000157114
5.91989e-05
-0.00016273
6.42836e-05
-0.000167526
6.78511e-05
-0.000173224
7.05516e-05
-0.000174756
6.89938e-05
-0.000160853
6.69526e-05
-0.000139029
5.18848e-05
-9.77948e-05
3.35003e-05
-4.89167e-05
1.93476e-05
-1.0998e-06
1.16142e-05
4.20779e-05
1.15621e-05
7.97184e-05
2.06557e-05
0.000111447
3.96065e-05
0.000135236
0.00015032
6.36712e-05
2.29718e-05
-0.000142284
1.20819e-05
-0.000124417
1.32039e-05
-0.000137578
1.83211e-05
-0.000143704
2.4699e-05
-0.000147403
3.16461e-05
-0.000150845
3.90164e-05
-0.000154872
4.67697e-05
-0.000159662
5.50831e-05
-0.000165427
6.35907e-05
-0.000171238
6.95634e-05
-0.000173499
6.89257e-05
-0.000172586
6.38926e-05
-0.000169723
5.56446e-05
-0.000152605
3.56177e-05
-0.000119002
1.28882e-05
-7.50649e-05
-7.00224e-06
-2.90263e-05
-2.20105e-05
1.39087e-05
-3.12553e-05
5.13229e-05
-3.39003e-05
8.23634e-05
-2.87386e-05
0.000106285
-1.48427e-05
0.00012134
0.000129478
6.00009e-06
4.35341e-05
-0.000185819
2.1703e-05
-0.000102586
1.68173e-05
-0.000132693
2.11958e-05
-0.000148082
2.7796e-05
-0.000154003
3.53314e-05
-0.00015838
4.33724e-05
-0.000162913
5.12822e-05
-0.000167571
5.7264e-05
-0.000171409
6.24866e-05
-0.00017646
6.48957e-05
-0.000175908
6.11967e-05
-0.000168887
4.69549e-05
-0.00015548
2.50516e-05
-0.000130702
6.16501e-07
-9.4567e-05
-2.20067e-05
-5.24416e-05
-4.07443e-05
-1.02886e-05
-5.48336e-05
2.79981e-05
-6.40434e-05
6.05326e-05
-6.82959e-05
8.66161e-05
-6.76169e-05
0.000105607
-6.28052e-05
0.000116528
0.000121932
-5.52593e-05
2.2179e-06
-0.000188037
1.64652e-05
-0.000116833
2.13165e-05
-0.000137544
2.64183e-05
-0.000153184
3.23759e-05
-0.000159961
3.83702e-05
-0.000164375
4.38264e-05
-0.00016837
4.81104e-05
-0.000171856
5.08006e-05
-0.0001741
4.86714e-05
-0.000174331
4.20555e-05
-0.000169292
3.04648e-05
-0.000157296
1.27034e-05
-0.000137719
-9.06032e-06
-0.000108938
-3.11621e-05
-7.24654e-05
-5.08113e-05
-3.27922e-05
-6.6606e-05
5.50618e-06
-7.81608e-05
3.9553e-05
-8.5646e-05
6.80178e-05
-8.95305e-05
9.05007e-05
-9.07331e-05
0.000106809
-9.12575e-05
0.000117053
0.000124108
-9.34338e-05
-1.51549e-05
-0.000172882
8.4221e-06
-0.00014041
1.96299e-05
-0.000148752
2.42464e-05
-0.0001578
2.74269e-05
-0.000163141
2.99126e-05
-0.000166861
3.13367e-05
-0.000169794
3.1098e-05
-0.000171617
2.84172e-05
-0.000171419
2.19592e-05
-0.000167873
1.16111e-05
-0.000158944
-2.43551e-06
-0.00014325
-1.99023e-05
-0.000120252
-3.89741e-05
-8.98662e-05
-5.73005e-05
-5.4139e-05
-7.28939e-05
-1.71986e-05
-8.47943e-05
1.74067e-05
-9.28417e-05
4.76004e-05
-9.73728e-05
7.25489e-05
-9.90245e-05
9.21525e-05
-9.88391e-05
0.000106624
-9.85334e-05
0.000116747
0.000125282
-9.97073e-05
-7.03867e-06
-0.000165843
6.77546e-06
-0.000154224
1.40754e-05
-0.000156052
1.62515e-05
-0.000159977
1.65014e-05
-0.000163391
1.57059e-05
-0.000166065
1.36986e-05
-0.000167787
9.99777e-06
-0.000167916
4.0045e-06
-0.000165426
-4.876e-06
-0.000158993
-1.6683e-05
-0.000147137
-3.10148e-05
-0.000128918
-4.70273e-05
-0.000104239
-6.30887e-05
-7.38045e-05
-7.74109e-05
-3.98168e-05
-8.87267e-05
-5.88277e-06
-9.65245e-05
2.52044e-05
-0.000100846
5.19222e-05
-0.000102083
7.37857e-05
-0.000100837
9.09061e-05
-9.79235e-05
0.000103711
-9.43399e-05
0.000113164
0.000121522
-9.05796e-05
-1.94616e-06
-0.000163897
2.73027e-06
-0.000158901
5.17897e-06
-0.000158501
5e-06
-0.000159798
3.15711e-06
-0.000161548
5.71216e-08
-0.000162965
-4.37795e-06
-0.000163352
-1.04479e-05
-0.000161846
-1.84914e-05
-0.000157382
-2.87074e-05
-0.000148777
-4.08945e-05
-0.00013495
-5.44543e-05
-0.000115358
-6.84222e-05
-9.02714e-05
-8.13835e-05
-6.0843e-05
-9.19143e-05
-2.92862e-05
-9.92946e-05
1.49751e-06
-0.000103381
2.92906e-05
-0.000104382
5.29236e-05
-0.000102716
7.21188e-05
-9.89054e-05
8.70959e-05
-9.35447e-05
9.83505e-05
-8.71637e-05
0.000106783
0.000114114
-7.97556e-05
-2.71905e-06
-0.000161178
-2.80431e-06
-0.000158816
-3.83454e-06
-0.00015747
-6.22134e-06
-0.000157411
-9.88396e-06
-0.000157886
-1.47738e-05
-0.000158076
-2.09757e-05
-0.00015715
-2.86438e-05
-0.000154178
-3.78881e-05
-0.000148137
-4.86384e-05
-0.000138027
-6.05022e-05
-0.000123086
-7.2762e-05
-0.000103098
-8.44416e-05
-7.85921e-05
-9.43873e-05
-5.08974e-05
-0.000101615
-2.20586e-05
-0.000105741
5.62342e-06
-0.000106841
3.03902e-05
-0.000105241
5.13243e-05
-0.000101374
6.82516e-05
-9.57004e-05
8.14223e-05
-8.86701e-05
9.13202e-05
-8.06032e-05
9.8716e-05
0.000104914
-7.14031e-05
-4.71546e-06
-0.000156462
-8.00498e-06
-0.000155526
-1.15866e-05
-0.000153889
-1.59067e-05
-0.000153091
-2.11765e-05
-0.000152616
-2.75108e-05
-0.000151742
-3.49998e-05
-0.000149661
-4.36929e-05
-0.000145485
-5.35306e-05
-0.0001383
-6.42599e-05
-0.000127297
-7.53701e-05
-0.000111977
-8.61113e-05
-9.23563e-05
-9.5591e-05
-6.91124e-05
-0.000102923
-4.35657e-05
-0.000107481
-1.7501e-05
-0.000109106
7.24938e-06
-0.000108005
2.92887e-05
-0.000104563
4.78815e-05
-9.92093e-05
6.28983e-05
-9.23615e-05
7.45747e-05
-8.43901e-05
8.33489e-05
-7.55394e-05
8.98654e-05
9.51342e-05
-6.57599e-05
-6.54173e-06
-0.000149921
-1.21289e-05
-0.000149939
-1.76377e-05
-0.00014838
-2.35441e-05
-0.000147184
-3.01388e-05
-0.000146021
-3.75863e-05
-0.000144294
-4.59586e-05
-0.000141289
-5.52239e-05
-0.00013622
-6.52087e-05
-0.000128315
-7.55534e-05
-0.000116953
-8.56984e-05
-0.000101832
-9.49314e-05
-8.31234e-05
-0.000102495
-6.15486e-05
-0.000107738
-3.83233e-05
-0.000110283
-1.49553e-05
-0.000110123
7.08887e-06
-0.000107528
2.66934e-05
-0.000102901
4.3255e-05
-9.66629e-05
5.66599e-05
-8.91975e-05
6.71093e-05
-8.08333e-05
7.49848e-05
-7.17931e-05
8.08252e-05
8.54338e-05
-6.20927e-05
-7.89346e-06
-0.000142027
-1.50412e-05
-0.000142792
-2.19555e-05
-0.000141466
-2.90625e-05
-0.000140077
-3.66479e-05
-0.000138436
-4.4868e-05
-0.000136074
-5.37613e-05
-0.000132396
-6.32354e-05
-0.000126745
-7.30491e-05
-0.000118501
-8.27957e-05
-0.000107206
-9.1922e-05
-9.27051e-05
-9.97928e-05
-7.52527e-05
-0.000105794
-5.55474e-05
-0.00010946
-3.46572e-05
-0.000110582
-1.38335e-05
-0.000109238
5.74494e-06
-0.000105725
2.31805e-05
-0.00010044
3.79697e-05
-9.3783e-05
5.00027e-05
-8.61147e-05
5.9441e-05
-7.77388e-05
6.66087e-05
-6.88713e-05
7.19576e-05
7.61389e-05
-5.95764e-05
-8.70113e-06
-0.000133326
-1.68319e-05
-0.000134661
-2.46849e-05
-0.000133613
-3.26054e-05
-0.000132157
-4.08349e-05
-0.000130207
-4.94965e-05
-0.000127413
-5.85914e-05
-0.000123301
-6.79871e-05
-0.000117349
-7.74104e-05
-0.000109078
-8.64508e-05
-9.81663e-05
-9.4596e-05
-8.45596e-05
-0.000101302
-6.85468e-05
-0.000106084
-5.07656e-05
-0.000108614
-3.21268e-05
-0.00010879
-1.36576e-05
-0.000106736
3.69099e-06
-0.000102749
1.9193e-05
-9.72031e-05
3.24237e-05
-9.04751e-05
4.32746e-05
-8.29036e-05
5.18695e-05
-7.47732e-05
5.84783e-05
-6.62943e-05
6.34787e-05
6.74033e-05
-5.75588e-05
-9.03429e-06
-0.000124292
-1.76711e-05
-0.000126024
-2.60499e-05
-0.000125234
-3.4423e-05
-0.000123784
-4.2971e-05
-0.000121659
-5.17754e-05
-0.000118609
-6.08034e-05
-0.000114273
-6.9901e-05
-0.000108252
-7.87893e-05
-0.00010019
-8.70809e-05
-8.98746e-05
-9.43226e-05
-7.73179e-05
-0.00010006
-6.28096e-05
-0.000103915
-4.69103e-05
-0.00010566
-3.03819e-05
-0.000105256
-1.40618e-05
-0.000102846
1.28136e-06
-9.8712e-05
1.50585e-05
-9.31983e-05
2.691e-05
-8.66534e-05
3.67297e-05
-7.93926e-05
4.46087e-05
-7.16821e-05
5.07678e-05
-6.37236e-05
5.55201e-05
5.93014e-05
-5.56218e-05
-8.99228e-06
-0.0001153
-1.7749e-05
-0.000117267
-2.63025e-05
-0.000116681
-3.4813e-05
-0.000115273
-4.33966e-05
-0.000113075
-5.20921e-05
-0.000109914
-6.08405e-05
-0.000105524
-6.948e-05
-9.96124e-05
-7.77439e-05
-9.19266e-05
-8.5283e-05
-8.23352e-05
-9.17085e-05
-7.08923e-05
-9.66477e-05
-5.78705e-05
-9.98081e-05
-4.375e-05
-0.00010103
-2.91595e-05
-0.000100314
-1.47784e-05
-9.78039e-05
-1.22845e-06
-9.3757e-05
1.10114e-05
-8.84849e-05
2.16379e-05
-8.23045e-05
3.05492e-05
-7.55052e-05
3.78094e-05
-6.83333e-05
4.35958e-05
-6.09785e-05
4.81653e-05
5.18721e-05
-5.35494e-05
-8.66926e-06
-0.000106631
-1.72494e-05
-0.000108687
-2.56947e-05
-0.000108235
-3.40837e-05
-0.000106884
-4.24728e-05
-0.000104686
-5.08617e-05
-0.000101525
-5.91729e-05
-9.72126e-05
-6.72462e-05
-9.15394e-05
-7.48379e-05
-8.43351e-05
-8.16438e-05
-7.5529e-05
-8.73375e-05
-6.51986e-05
-9.16174e-05
-5.35907e-05
-9.42577e-05
-4.11097e-05
-9.51474e-05
-2.82698e-05
-9.43059e-05
-1.56199e-05
-9.1872e-05
-3.66246e-06
-8.80725e-05
7.2119e-06
-8.31848e-05
1.67501e-05
-7.74918e-05
2.48562e-05
-7.12551e-05
3.15727e-05
-6.46989e-05
3.70395e-05
-5.79982e-05
4.14644e-05
4.51335e-05
-5.12597e-05
-8.15328e-06
-9.84775e-05
-1.63415e-05
-0.000100499
-2.44628e-05
-0.000100114
-3.25302e-05
-9.88168e-05
-4.05492e-05
-9.66673e-05
-4.84867e-05
-9.35878e-05
-5.62538e-05
-8.94453e-05
-6.36972e-05
-8.40962e-05
-7.06011e-05
-7.74312e-05
-7.67072e-05
-6.94227e-05
-8.17464e-05
-6.01595e-05
-8.54773e-05
-4.98599e-05
-8.7726e-05
-3.88609e-05
-8.84154e-05
-2.75804e-05
-8.75747e-05
-1.64606e-05
-8.53302e-05
-5.90702e-06
-8.18793e-05
3.76106e-06
-7.74638e-05
1.23346e-05
-7.23324e-05
1.97249e-05
-6.67173e-05
2.59575e-05
-6.08189e-05
3.1141e-05
-5.4795e-05
3.54405e-05
3.90855e-05
-4.87471e-05
-7.52313e-06
-9.09543e-05
-1.51741e-05
-9.28483e-05
-2.28175e-05
-9.24704e-05
-3.04185e-05
-9.12158e-05
-3.7943e-05
-8.91432e-05
-4.53325e-05
-8.6198e-05
-5.24916e-05
-8.22863e-05
-5.92771e-05
-7.73107e-05
-6.55022e-05
-7.12059e-05
-7.09516e-05
-6.39733e-05
-7.54064e-05
-5.57047e-05
-7.86755e-05
-4.65907e-05
-8.06258e-05
-3.69105e-05
-8.12037e-05
-2.70023e-05
-8.04422e-05
-1.7222e-05
-7.84525e-05
-7.89675e-06
-7.54041e-05
7.12748e-07
-7.15039e-05
8.43431e-06
-6.69671e-05
1.51879e-05
-6.19959e-05
2.09863e-05
-5.67665e-05
2.59114e-05
-5.14185e-05
3.00925e-05
3.37125e-05
-4.60454e-05
-6.84091e-06
-8.41134e-05
-1.38699e-05
-8.58193e-05
-2.09374e-05
-8.54029e-05
-2.79771e-05
-8.4176e-05
-3.49273e-05
-8.21933e-05
-4.17125e-05
-7.94126e-05
-4.82342e-05
-7.57649e-05
-5.43612e-05
-7.11836e-05
-5.9934e-05
-6.5633e-05
-6.47753e-05
-5.9132e-05
-6.87094e-05
-5.17705e-05
-7.15864e-05
-4.37136e-05
-7.3305e-05
-3.51917e-05
-7.38284e-05
-2.64789e-05
-7.31892e-05
-1.78612e-05
-7.14835e-05
-9.6025e-06
-6.8855e-05
-1.9158e-06
-6.54775e-05
5.05677e-06
-6.15345e-05
1.12448e-05
-5.71994e-05
1.66512e-05
-5.26243e-05
2.13363e-05
-4.79312e-05
2.53995e-05
2.89852e-05
-4.3204e-05
-6.15221e-06
-7.79613e-05
-1.25246e-05
-7.94467e-05
-1.89656e-05
-7.89621e-05
-2.53921e-05
-7.77493e-05
-3.17257e-05
-7.58596e-05
-3.78821e-05
-7.32562e-05
-4.37629e-05
-6.98842e-05
-4.92498e-05
-6.56964e-05
-5.42078e-05
-6.06748e-05
-5.84921e-05
-5.48477e-05
-6.1963e-05
-4.82996e-05
-6.45037e-05
-4.11727e-05
-6.60378e-05
-3.36576e-05
-6.65401e-05
-2.59767e-05
-6.60411e-05
-1.83603e-05
-6.46222e-05
-1.10215e-05
-6.2404e-05
-4.13415e-06
-5.95302e-05
2.1828e-06
-5.61548e-05
7.86932e-06
-5.24246e-05
1.29211e-05
-4.84693e-05
1.7381e-05
-4.4394e-05
2.13242e-05
2.48638e-05
-4.02725e-05
-5.48894e-06
-7.24725e-05
-1.12074e-05
-7.37282e-05
-1.70092e-05
-7.31603e-05
-2.28054e-05
-7.1953e-05
-2.85106e-05
-7.01542e-05
-3.40378e-05
-6.77291e-05
-3.92926e-05
-6.46295e-05
-4.417e-05
-6.08187e-05
-4.85563e-05
-5.62884e-05
-5.23339e-05
-5.10701e-05
-5.53925e-05
-4.5241e-05
-5.76417e-05
-3.89234e-05
-5.90239e-05
-3.22755e-05
-5.95222e-05
-2.54785e-05
-5.91639e-05
-1.87186e-05
-5.80168e-05
-1.21686e-05
-5.61803e-05
-5.97081e-06
-5.37729e-05
-2.24766e-07
-5.09215e-05
5.01787e-06
-4.77491e-05
9.7486e-06
-4.43648e-05
1.39967e-05
-4.08585e-05
1.78178e-05
2.12993e-05
-3.72941e-05
-4.86904e-06
-6.76034e-05
-9.96117e-06
-6.86362e-05
-1.51395e-05
-6.7982e-05
-2.03156e-05
-6.67769e-05
-2.54037e-05
-6.5066e-05
-3.03195e-05
-6.28134e-05
-3.49757e-05
-5.99733e-05
-3.92811e-05
-5.65133e-05
-4.31405e-05
-5.2429e-05
-4.64589e-05
-4.77515e-05
-4.91496e-05
-4.25503e-05
-5.11429e-05
-3.69301e-05
-5.23951e-05
-3.10233e-05
-5.28952e-05
-2.49785e-05
-5.26666e-05
-1.89473e-05
-5.17649e-05
-1.30704e-05
-5.02711e-05
-7.46483e-06
-4.82819e-05
-2.21414e-06
-4.59007e-05
2.63659e-06
-4.32292e-05
7.07715e-06
-4.03588e-05
1.11263e-05
-3.73654e-05
1.48244e-05
1.82378e-05
-3.43038e-05
-4.29756e-06
-6.33058e-05
-8.80576e-06
-6.41281e-05
-1.33953e-05
-6.33926e-05
-1.79806e-05
-6.21916e-05
-2.24798e-05
-6.05667e-05
-2.68146e-05
-5.84785e-05
-3.09081e-05
-5.58797e-05
-3.46825e-05
-5.27389e-05
-3.80593e-05
-4.90522e-05
-4.09624e-05
-4.48483e-05
-4.33236e-05
-4.0189e-05
-4.50891e-05
-3.51646e-05
-4.62258e-05
-2.98866e-05
-4.67262e-05
-2.44781e-05
-4.66098e-05
-1.90637e-05
-4.59215e-05
-1.37589e-05
-4.47261e-05
-8.66034e-06
-4.31019e-05
-3.83841e-06
-4.11324e-05
6.67141e-07
-3.89012e-05
4.84595e-06
-3.64839e-05
8.70904e-06
-3.39445e-05
1.2285e-05
1.56233e-05
-3.133e-05
-3.76928e-06
-5.95365e-05
-7.74279e-06
-6.01547e-05
-1.1789e-05
-5.93465e-05
-1.58245e-05
-5.81562e-05
-1.97729e-05
-5.66182e-05
-2.35654e-05
-5.46859e-05
-2.71367e-05
-5.23084e-05
-3.04225e-05
-4.9453e-05
-3.33596e-05
-4.6115e-05
-3.58875e-05
-4.23203e-05
-3.79526e-05
-3.81238e-05
-3.95132e-05
-3.3604e-05
-4.05438e-05
-2.88559e-05
-4.10391e-05
-2.39828e-05
-4.10146e-05
-1.90882e-05
-4.05058e-05
-1.42678e-05
-3.95639e-05
-9.60225e-06
-3.82514e-05
-5.15086e-06
-3.66353e-05
-9.4896e-07
-3.47837e-05
2.99444e-06
-3.27593e-05
6.68474e-06
-3.06162e-05
1.01419e-05
1.34019e-05
-2.83947e-05
-3.27314e-06
-5.62634e-05
-6.76357e-06
-5.66644e-05
-1.03163e-05
-5.57938e-05
-1.3847e-05
-5.46255e-05
-1.72868e-05
-5.31782e-05
-2.05782e-05
-5.13944e-05
-2.36689e-05
-4.92176e-05
-2.65083e-05
-4.66135e-05
-2.90466e-05
-4.35766e-05
-3.12361e-05
-4.01307e-05
-3.30346e-05
-3.63253e-05
-3.44093e-05
-3.22292e-05
-3.53404e-05
-2.79247e-05
-3.58236e-05
-2.34996e-05
-3.58707e-05
-1.90411e-05
-3.55089e-05
-1.46297e-05
-3.47781e-05
-1.03331e-05
-3.3727e-05
-6.20186e-06
-3.241e-05
-2.26599e-06
-3.08808e-05
1.46533e-06
-2.91929e-05
4.9968e-06
-2.73921e-05
8.34121e-06
1.15239e-05
-2.55141e-05
-2.79679e-06
-5.34666e-05
-5.85711e-06
-5.36041e-05
-8.96566e-06
-5.26852e-05
-1.20344e-05
-5.15567e-05
-1.50051e-05
-5.02075e-05
-1.78344e-05
-4.85651e-05
-2.04843e-05
-4.65676e-05
-2.29173e-05
-4.41804e-05
-2.50949e-05
-4.1399e-05
-2.69796e-05
-3.8246e-05
-2.85379e-05
-3.4767e-05
-2.97435e-05
-3.10236e-05
-3.05804e-05
-2.70877e-05
-3.10447e-05
-2.30352e-05
-3.11449e-05
-1.89409e-05
-3.09013e-05
-1.48733e-05
-3.03441e-05
-1.08903e-05
-2.95106e-05
-7.0353e-06
-2.84431e-05
-3.33348e-06
-2.71858e-05
2.07976e-07
-2.57837e-05
3.5947e-06
-2.42776e-05
6.83513e-06
9.94548e-06
-2.26992e-05
-2.32833e-06
-5.11383e-05
-5.01729e-06
-5.09151e-05
-7.72743e-06
-4.9975e-05
-1.03685e-05
-4.89154e-05
-1.29014e-05
-4.76747e-05
-1.53015e-05
-4.6165e-05
-1.7546e-05
-4.4323e-05
-1.96088e-05
-4.21176e-05
-2.14605e-05
-3.95473e-05
-2.30709e-05
-3.66357e-05
-2.44124e-05
-3.34254e-05
-2.54636e-05
-2.99723e-05
-2.62111e-05
-2.63402e-05
-2.66509e-05
-2.25954e-05
-2.6789e-05
-1.88029e-05
-2.66397e-05
-1.50225e-05
-2.62252e-05
-1.13049e-05
-2.55729e-05
-7.68769e-06
-2.47145e-05
-4.19201e-06
-2.36855e-05
-8.21015e-07
-2.25261e-05
2.43524e-06
-2.1274e-05
5.58309e-06
8.62997e-06
-1.99583e-05
-1.86946e-06
-4.92688e-05
-4.25653e-06
-4.8528e-05
-6.60277e-06
-4.76288e-05
-8.83393e-06
-4.66841e-05
-1.0947e-05
-4.55617e-05
-1.29421e-05
-4.41699e-05
-1.48107e-05
-4.24542e-05
-1.65353e-05
-4.03931e-05
-1.80918e-05
-3.79909e-05
-1.94545e-05
-3.52731e-05
-2.05998e-05
-3.228e-05
-2.15093e-05
-2.90628e-05
-2.21715e-05
-2.5678e-05
-2.25827e-05
-2.21842e-05
-2.27466e-05
-1.8639e-05
-2.26736e-05
-1.50955e-05
-2.23787e-05
-1.15999e-05
-2.188e-05
-8.18643e-06
-2.11992e-05
-4.87295e-06
-2.03642e-05
-1.65607e-06
-1.94124e-05
1.48346e-06
-1.83822e-05
4.55299e-06
7.54867e-06
-1.73007e-05
-1.49614e-06
-4.77727e-05
-3.63414e-06
-4.639e-05
-5.61216e-06
-4.56508e-05
-7.42123e-06
-4.4875e-05
-9.1154e-06
-4.38676e-05
-1.07205e-05
-4.25647e-05
-1.22372e-05
-4.09374e-05
-1.36507e-05
-3.89796e-05
-1.49383e-05
-3.67034e-05
-1.60757e-05
-3.41356e-05
-1.70414e-05
-3.13142e-05
-1.78191e-05
-2.8285e-05
-1.8399e-05
-2.50981e-05
-1.8778e-05
-2.18053e-05
-1.89589e-05
-1.84581e-05
-1.89492e-05
-1.51053e-05
-1.87585e-05
-1.17907e-05
-1.83962e-05
-8.54883e-06
-1.78726e-05
-5.39669e-06
-1.72063e-05
-2.32241e-06
-1.64368e-05
7.14081e-07
-1.56068e-05
3.72322e-06
6.68309e-06
-1.47411e-05
-1.43685e-06
-4.63359e-05
-3.26136e-06
-4.45656e-05
-4.78158e-06
-4.41306e-05
-6.1177e-06
-4.35389e-05
-7.37992e-06
-4.26053e-05
-8.60556e-06
-4.1339e-05
-9.79153e-06
-3.97515e-05
-1.09174e-05
-3.78538e-05
-1.19573e-05
-3.56635e-05
-1.28864e-05
-3.32064e-05
-1.36841e-05
-3.05165e-05
-1.4336e-05
-2.76333e-05
-1.48339e-05
-2.46003e-05
-1.51762e-05
-2.14632e-05
-1.53662e-05
-1.82681e-05
-1.54107e-05
-1.50609e-05
-1.53159e-05
-1.18856e-05
-1.50837e-05
-8.78124e-06
-1.47097e-05
-5.77065e-06
-1.41988e-05
-2.83329e-06
-1.35979e-05
1.13412e-07
-1.29611e-05
3.08661e-06
6.0281e-06
-1.2306e-05
-1.96637e-06
-4.43696e-05
-3.19154e-06
-4.33406e-05
-4.08527e-06
-4.32368e-05
-4.88353e-06
-4.27408e-05
-5.70785e-06
-4.1781e-05
-6.57193e-06
-4.0475e-05
-7.45021e-06
-3.88733e-05
-8.30903e-06
-3.6995e-05
-9.11691e-06
-3.48556e-05
-9.84794e-06
-3.24754e-05
-1.04829e-05
-2.98817e-05
-1.10093e-05
-2.71071e-05
-1.14213e-05
-2.41885e-05
-1.17194e-05
-2.11653e-05
-1.19091e-05
-1.80786e-05
-1.1999e-05
-1.49711e-05
-1.19965e-05
-1.18882e-05
-1.18991e-05
-8.87873e-06
-1.1685e-05
-5.98465e-06
-1.13329e-05
-3.18532e-06
-1.09043e-05
-3.15083e-07
-1.04745e-05
2.657e-06
5.59565e-06
-1.00421e-05
-3.09331e-06
-4.12763e-05
-3.29851e-06
-4.31355e-05
-3.39773e-06
-4.31377e-05
-3.64026e-06
-4.24982e-05
-4.06229e-06
-4.1359e-05
-4.60377e-06
-3.99336e-05
-5.20278e-06
-3.82744e-05
-5.8118e-06
-3.63861e-05
-6.39619e-06
-3.42712e-05
-6.93145e-06
-3.19403e-05
-7.40123e-06
-2.94121e-05
-7.79609e-06
-2.67125e-05
-8.11276e-06
-2.3872e-05
-8.35394e-06
-2.09242e-05
-8.52819e-06
-1.79044e-05
-8.64929e-06
-1.48501e-05
-8.73298e-06
-1.18046e-05
-8.78467e-06
-8.82704e-06
-8.76861e-06
-6.00065e-06
-8.60165e-06
-3.35221e-06
-8.38672e-06
-5.29979e-07
-8.20495e-06
2.47522e-06
5.4149e-06
-8.02425e-06
-4.41576e-06
-3.68607e-05
-3.28243e-06
-4.42689e-05
-2.49527e-06
-4.39249e-05
-2.2986e-06
-4.2695e-05
-2.42422e-06
-4.12335e-05
-2.70353e-06
-3.96544e-05
-3.05177e-06
-3.79263e-05
-3.42067e-06
-3.60172e-05
-3.78074e-06
-3.39112e-05
-4.11369e-06
-3.16075e-05
-4.40841e-06
-2.91176e-05
-4.65917e-06
-2.64619e-05
-4.8649e-06
-2.36663e-05
-5.02963e-06
-2.07595e-05
-5.16375e-06
-1.77703e-05
-5.28637e-06
-1.47275e-05
-5.42784e-06
-1.16631e-05
-5.62721e-06
-8.62767e-06
-5.88842e-06
-5.73944e-06
-5.98902e-06
-3.25162e-06
-6.12495e-06
-3.94083e-07
-6.27477e-06
2.625e-06
5.52036e-06
-6.38027e-06
-5.58681e-06
-2.08537e-06
-1.06348e-06
-8.18168e-07
-8.03427e-07
-8.80652e-07
-9.95505e-07
-1.12189e-06
-1.24667e-06
-1.36274e-06
-1.46611e-06
-1.55493e-06
-1.62925e-06
-1.69166e-06
-1.74895e-06
-1.81622e-06
-1.92487e-06
-2.13819e-06
-2.58937e-06
-3.455e-06
-4.31949e-06
-5.00626e-06
-5.38446e-06
8.37223e-05
0.000142248
-3.064e-05
0.000114362
-0.000124982
9.43416e-05
5.85141e-05
-0.000183496
0.00024094
0.00017644
0.000185625
0.000169677
0.000126623
0.000153343
0.000129338
5.57988e-05
0.000266894
0.000180962
0.000244548
0.000192022
0.000210966
0.000186926
0.000173021
0.000167283
0.000247987
0.000179135
0.00024003
0.000199979
0.000220622
0.000206334
0.000199809
0.000193833
0.000222001
0.000173398
0.000220056
0.000201924
0.000209177
0.000217213
0.000217872
0.000191115
0.000197729
0.000162044
0.000201817
0.000197836
0.00019786
0.00022117
0.000230191
0.000185541
0.000174635
0.000145753
0.000186056
0.000186415
0.000189909
0.000217317
0.000234682
0.000185418
0.000149792
0.000127255
0.000166865
0.000169342
0.000179471
0.000204712
0.000228682
0.000185472
0.000119687
0.000111185
0.000142759
0.000146269
0.000162633
0.000184839
0.000212196
0.000179118
8.20778e-05
9.27786e-05
0.00010775
0.000120597
0.000136653
0.000155935
0.000187161
0.000161688
2.42889e-05
7.44899e-05
5.17556e-05
9.31305e-05
8.63645e-05
0.000121327
0.000150397
0.000123129
-4.52719e-05
6.45027e-05
-2.65561e-05
7.44147e-05
3.39881e-06
9.13716e-05
0.000113619
4.01768e-05
-9.23102e-05
6.33791e-05
-8.63775e-05
6.84822e-05
-7.21692e-05
7.71633e-05
9.06689e-05
-4.92193e-05
-9.98534e-05
6.35252e-05
-9.83094e-05
6.69383e-05
-9.29445e-05
7.17983e-05
7.92112e-05
-8.14868e-05
-8.82308e-05
6.11763e-05
-8.50579e-05
6.37655e-05
-8.01244e-05
6.68647e-05
7.09866e-05
-7.18997e-05
-7.54994e-05
5.69202e-05
-7.05917e-05
5.88579e-05
-6.46619e-05
6.09349e-05
6.33783e-05
-5.70536e-05
-6.63943e-05
5.19114e-05
-6.08946e-05
5.33583e-05
-5.47652e-05
5.48054e-05
5.63671e-05
-4.77539e-05
-6.06578e-05
4.68092e-05
-5.52247e-05
4.79251e-05
-4.9414e-05
4.89946e-05
5.00799e-05
-4.31268e-05
-5.71909e-05
4.19073e-05
-5.20815e-05
4.28158e-05
-4.67526e-05
4.36658e-05
4.44927e-05
-4.11654e-05
-5.49875e-05
3.73184e-05
-5.02766e-05
3.8105e-05
-4.54432e-05
3.88324e-05
3.95223e-05
-4.04728e-05
-5.33181e-05
3.30776e-05
-4.90117e-05
3.37986e-05
-4.46425e-05
3.44632e-05
3.50857e-05
-4.02059e-05
-5.17359e-05
2.91917e-05
-4.78199e-05
2.98825e-05
-4.38775e-05
3.05207e-05
3.11166e-05
-3.99083e-05
-5.00153e-05
2.56575e-05
-4.64721e-05
2.63392e-05
-4.29241e-05
2.69727e-05
2.75649e-05
-3.93724e-05
-4.80706e-05
2.24684e-05
-4.48839e-05
2.31524e-05
-4.17035e-05
2.37922e-05
2.43926e-05
-3.85312e-05
-4.58932e-05
1.96145e-05
-4.30464e-05
2.03056e-05
-4.02103e-05
2.09561e-05
2.15692e-05
-3.73868e-05
-4.35127e-05
1.70818e-05
-4.09873e-05
1.77803e-05
-3.84726e-05
1.84414e-05
1.90672e-05
-3.59706e-05
-4.09738e-05
1.48516e-05
-3.87485e-05
1.5555e-05
-3.65312e-05
1.62242e-05
1.68604e-05
-3.43244e-05
-3.83225e-05
1.29016e-05
-3.63737e-05
1.36062e-05
-3.44294e-05
1.42798e-05
1.49229e-05
-3.2492e-05
-3.56001e-05
1.12075e-05
-3.39036e-05
1.19097e-05
-3.22077e-05
1.25839e-05
1.32301e-05
-3.05148e-05
-3.28415e-05
9.74526e-06
-3.13734e-05
1.04416e-05
-2.99022e-05
1.11127e-05
1.17583e-05
-2.84305e-05
-3.00755e-05
8.49083e-06
-2.88126e-05
9.17862e-06
-2.75437e-05
9.84374e-06
1.04856e-05
-2.62711e-05
-2.7325e-05
7.42119e-06
-2.62452e-05
8.09883e-06
-2.51573e-05
8.75584e-06
9.39162e-06
-2.40634e-05
-2.46074e-05
6.51464e-06
-2.36901e-05
7.18146e-06
-2.27635e-05
7.82928e-06
8.45756e-06
-2.18294e-05
-2.19359e-05
5.75149e-06
-2.11622e-05
6.40776e-06
-2.03792e-05
7.04631e-06
7.66662e-06
-1.95882e-05
-1.93216e-05
5.11487e-06
-1.86755e-05
5.76166e-06
-1.80208e-05
6.39167e-06
7.00438e-06
-1.73585e-05
-1.67773e-05
4.59159e-06
-1.62461e-05
5.23053e-06
-1.57077e-05
5.85327e-06
6.45924e-06
-1.51626e-05
-1.43224e-05
4.17308e-06
-1.38979e-05
4.80596e-06
-1.34674e-05
5.42275e-06
6.02284e-06
-1.3031e-05
-1.19892e-05
3.85633e-06
-1.16677e-05
4.48441e-06
-1.13409e-05
5.09587e-06
5.6901e-06
-1.10081e-05
-9.8305e-06
3.64472e-06
-9.61339e-06
4.26727e-06
-9.38941e-06
4.87188e-06
5.45826e-06
-9.15757e-06
-7.92772e-06
3.54815e-06
-7.81956e-06
4.1591e-06
-7.69853e-06
4.75086e-06
5.32381e-06
-7.56406e-06
-6.4046e-06
3.57246e-06
-6.40404e-06
4.15856e-06
-6.37973e-06
4.72658e-06
5.27632e-06
-6.3322e-06
-5.47962e-06
-5.54308e-06
-5.5793e-06
-5.5913e-06
-0.000113437
7.60006e-05
-9.47135e-05
4.11625e-05
-8.59954e-05
1.53978e-05
-7.69255e-05
-7.2146e-06
-6.74135e-05
-2.05042e-05
-5.83642e-05
-2.68111e-05
-5.00454e-05
-2.96112e-05
-4.24059e-05
-3.03273e-05
-3.54203e-05
-2.94728e-05
-2.91444e-05
-2.74089e-05
-2.36489e-05
-2.46105e-05
-1.89393e-05
-2.15735e-05
-1.49442e-05
-1.86939e-05
-1.15459e-05
-1.62094e-05
-8.61571e-06
-1.42403e-05
-6.04197e-06
-1.28453e-05
-3.74414e-06
-1.2065e-05
-1.72932e-06
-1.19743e-05
-1.24944e-05
-6.12637e-05
0.000193063
-8.41009e-05
6.39997e-05
-8.89121e-05
2.0209e-05
-8.2962e-05
-1.31646e-05
-7.19291e-05
-3.15372e-05
-6.03021e-05
-3.84379e-05
-4.99192e-05
-3.99941e-05
-4.10063e-05
-3.92402e-05
-3.33681e-05
-3.71109e-05
-2.68356e-05
-3.39412e-05
-2.13146e-05
-3.01317e-05
-1.67114e-05
-2.6177e-05
-1.29032e-05
-2.25021e-05
-9.74247e-06
-1.93704e-05
-7.08842e-06
-1.68945e-05
-4.82895e-06
-1.51049e-05
-2.89358e-06
-1.40005e-05
-1.28691e-06
-1.35813e-05
-1.37814e-05
3.81683e-05
0.000322178
-4.99049e-05
0.000152073
-8.50594e-05
5.53634e-05
-8.89643e-05
-9.25954e-06
-7.71573e-05
-4.33441e-05
-6.20736e-05
-5.35217e-05
-4.88586e-05
-5.3209e-05
-3.83043e-05
-4.97944e-05
-2.99377e-05
-4.54776e-05
-2.32429e-05
-4.0636e-05
-1.78672e-05
-3.55075e-05
-1.35684e-05
-3.0476e-05
-1.01412e-05
-2.59294e-05
-7.39866e-06
-2.21129e-05
-5.18219e-06
-1.91109e-05
-3.37855e-06
-1.69086e-05
-1.92095e-06
-1.54583e-05
-8.0044e-07
-1.47022e-05
-1.45821e-05
9.76888e-05
0.000418323
-1.11897e-05
0.000260952
-8.08944e-05
0.000125068
-9.66314e-05
6.47744e-06
-8.33696e-05
-5.66055e-05
-6.32096e-05
-7.36816e-05
-4.62319e-05
-7.01867e-05
-3.37831e-05
-6.22432e-05
-2.47991e-05
-5.44616e-05
-1.81874e-05
-4.72479e-05
-1.324e-05
-4.0455e-05
-9.50826e-06
-3.42076e-05
-6.69151e-06
-2.87462e-05
-4.56067e-06
-2.42439e-05
-2.94187e-06
-2.07299e-05
-1.72332e-06
-1.81274e-05
-8.4081e-07
-1.6341e-05
-2.54688e-07
-1.52885e-05
-1.48369e-05
0.000124191
0.000485246
1.67689e-05
0.000368374
-7.61254e-05
0.000217962
-0.000101567
3.19195e-05
-8.7252e-05
-7.09207e-05
-6.14066e-05
-9.95269e-05
-4.04672e-05
-9.11261e-05
-2.64998e-05
-7.62107e-05
-1.74468e-05
-6.35146e-05
-1.14486e-05
-5.32461e-05
-7.35915e-06
-4.45444e-05
-4.54467e-06
-3.70222e-05
-2.60955e-06
-3.06815e-05
-1.29177e-06
-2.5562e-05
-4.24582e-07
-2.15972e-05
1.01009e-07
-1.86532e-05
3.34386e-07
-1.65746e-05
2.85947e-07
-1.52402e-05
-1.4551e-05
0.000140015
0.000530772
5.67486e-05
0.000451641
-4.87707e-05
0.000323482
-9.1665e-05
7.48136e-05
-8.00813e-05
-8.25048e-05
-5.16305e-05
-0.000127978
-2.89344e-05
-0.000113822
-1.51979e-05
-8.99471e-05
-7.32147e-06
-7.13911e-05
-2.80826e-06
-5.77593e-05
-1.97271e-07
-4.71554e-05
1.27794e-06
-3.84975e-05
2.03977e-06
-3.14435e-05
2.33651e-06
-2.5859e-05
2.31462e-06
-2.15754e-05
2.04625e-06
-1.83848e-05
1.56254e-06
-1.60909e-05
8.62387e-07
-1.45402e-05
-1.36887e-05
0.000156538
0.000559651
9.45524e-05
0.000513627
8.25902e-06
0.000409775
-4.83075e-05
0.00013138
-4.8711e-05
-8.21014e-05
-2.7768e-05
-0.000148921
-9.12155e-06
-0.000132469
1.37967e-06
-0.000100448
6.00215e-06
-7.60137e-05
7.74576e-06
-5.9503e-05
8.1033e-06
-4.75131e-05
7.76695e-06
-3.81614e-05
7.06886e-06
-3.07455e-05
6.17516e-06
-2.49652e-05
5.16037e-06
-2.05605e-05
4.0439e-06
-1.72682e-05
2.81516e-06
-1.48621e-05
1.45491e-06
-1.31801e-05
-1.22339e-05
0.000173378
0.000571745
0.000133869
0.000553135
8.0617e-05
0.000463027
2.90785e-05
0.000182919
1.34248e-05
-6.64477e-05
1.66674e-05
-0.000152163
2.20153e-05
-0.000137817
2.32867e-05
-0.00010172
2.19617e-05
-7.46887e-05
1.96356e-05
-5.71769e-05
1.70729e-05
-4.49506e-05
1.4567e-05
-3.56555e-05
1.22175e-05
-2.83961e-05
1.00354e-05
-2.27829e-05
7.98492e-06
-1.85098e-05
6.00895e-06
-1.52922e-05
4.04456e-06
-1.28978e-05
2.03651e-06
-1.11722e-05
-1.01974e-05
0.000195402
0.000555461
0.000187912
0.000560626
0.000174935
0.000476003
0.000128655
0.000229199
9.41487e-05
-3.19412e-05
7.33129e-05
-0.000131328
5.88541e-05
-0.000123358
4.77109e-05
-9.05766e-05
3.88559e-05
-6.58337e-05
3.17465e-05
-5.00673e-05
2.5954e-05
-3.91581e-05
2.11603e-05
-3.08618e-05
1.71329e-05
-2.43686e-05
1.3679e-05
-1.93288e-05
1.06294e-05
-1.54602e-05
7.83889e-06
-1.25017e-05
5.18627e-06
-1.02453e-05
2.57768e-06
-8.56358e-06
-7.61958e-06
0.000204469
0.00051268
0.000234087
0.000531007
0.000255771
0.00045432
0.000225762
0.000259208
0.000171519
2.23017e-05
0.000128315
-8.81237e-05
9.39962e-05
-8.90394e-05
7.02782e-05
-6.68586e-05
5.41292e-05
-4.96846e-05
4.2547e-05
-3.84851e-05
3.37984e-05
-3.04095e-05
2.69455e-05
-2.40088e-05
2.14279e-05
-1.8851e-05
1.68551e-05
-1.4756e-05
1.2931e-05
-1.15361e-05
9.43111e-06
-9.00177e-06
6.18187e-06
-6.99599e-06
3.05347e-06
-5.43506e-06
-4.56602e-06
0.00018818
0.00044763
0.000240934
0.000478253
0.000277213
0.00041804
0.000275629
0.000260792
0.000227885
7.00452e-05
0.000166128
-2.63667e-05
0.000117977
-4.08888e-05
8.6088e-05
-3.49694e-05
6.51586e-05
-2.87552e-05
5.05443e-05
-2.38709e-05
3.9717e-05
-1.95822e-05
3.13778e-05
-1.56697e-05
2.47621e-05
-1.22352e-05
1.9346e-05
-9.3398e-06
1.47505e-05
-6.94053e-06
1.06955e-05
-4.94674e-06
6.97351e-06
-3.27385e-06
3.42905e-06
-1.89049e-06
-1.13698e-06
0.00012866
0.000359147
0.000204538
0.000402375
0.000258957
0.000363621
0.000270124
0.000249625
0.00022914
0.000111029
0.000169751
3.30228e-05
0.000123161
5.70037e-06
9.17003e-05
-3.50821e-06
7.02273e-05
-7.28223e-06
5.47804e-05
-8.42395e-06
4.31461e-05
-7.94794e-06
3.41143e-05
-6.63793e-06
2.69194e-05
-5.04015e-06
2.10115e-05
-3.43176e-06
1.59961e-05
-1.92505e-06
1.15732e-05
-5.23837e-07
7.52758e-06
7.71862e-07
3.69391e-06
1.94318e-06
2.55684e-06
3.37819e-05
0.000276145
0.000115937
0.00032022
0.00018265
0.000296908
0.000209481
0.000222794
0.00018577
0.00013474
0.000146434
7.23591e-05
0.00011304
3.90943e-05
8.81809e-05
2.13509e-05
6.95702e-05
1.13285e-05
5.52602e-05
5.88605e-06
4.40377e-05
3.27468e-06
3.51008e-05
2.29921e-06
2.78479e-05
2.21289e-06
2.18137e-05
2.6025e-06
1.66349e-05
3.25384e-06
1.20451e-05
4.06595e-06
7.83339e-06
4.98356e-06
3.84338e-06
5.93308e-06
6.40013e-06
-2.64785e-05
0.000221137
4.25381e-05
0.000251204
0.000102349
0.000237097
0.000133746
0.000191397
0.000132952
0.000135534
0.000115914
8.93971e-05
9.66163e-05
5.83917e-05
7.9422e-05
3.85453e-05
6.48766e-05
2.58739e-05
5.27729e-05
1.799e-05
4.27838e-05
1.32639e-05
3.45358e-05
1.05474e-05
2.76525e-05
9.09622e-06
2.17982e-05
8.45682e-06
1.66935e-05
8.35851e-06
1.21171e-05
8.64233e-06
7.89049e-06
9.21015e-06
3.87343e-06
9.95003e-06
1.02735e-05
-3.59912e-05
0.000185229
1.39053e-05
0.000201307
5.86924e-05
0.00019231
8.61647e-05
0.000163925
9.41173e-05
0.000127581
8.94156e-05
9.40988e-05
7.95731e-05
6.82343e-05
6.85507e-05
4.95678e-05
5.79308e-05
3.64939e-05
4.83433e-05
2.75776e-05
3.99726e-05
2.16346e-05
3.2758e-05
1.7762e-05
2.65281e-05
1.53261e-05
2.10845e-05
1.39004e-05
1.62402e-05
1.32028e-05
1.18322e-05
1.30503e-05
7.72165e-06
1.33207e-05
3.79413e-06
1.38775e-05
1.40677e-05
-3.08846e-05
0.00015906
3.56515e-06
0.000166857
3.5399e-05
0.000160476
5.7267e-05
0.000142057
6.72682e-05
0.00011758
6.81565e-05
9.32106e-05
6.39235e-05
7.24674e-05
5.73642e-05
5.61271e-05
5.00597e-05
4.37985e-05
4.2864e-05
3.47733e-05
3.61794e-05
2.83192e-05
3.01335e-05
2.38079e-05
2.47083e-05
2.07512e-05
1.98218e-05
1.87869e-05
1.53706e-05
1.76542e-05
1.12498e-05
1.71712e-05
7.36178e-06
1.72088e-05
3.62172e-06
1.76176e-05
1.76894e-05
-2.71748e-05
0.000138481
-2.45797e-06
0.000142141
2.06683e-05
0.00013735
3.79073e-05
0.000124818
4.77209e-05
0.000107767
5.11382e-05
8.97933e-05
5.02257e-05
7.33798e-05
4.67961e-05
5.95567e-05
4.21171e-05
4.84776e-05
3.69918e-05
3.98985e-05
3.18764e-05
3.34345e-05
2.69927e-05
2.86915e-05
2.24216e-05
2.53224e-05
1.81661e-05
2.30425e-05
1.41897e-05
2.16307e-05
1.04382e-05
2.09228e-05
6.85197e-06
2.07951e-05
3.37554e-06
2.10941e-05
2.1065e-05
-2.62752e-05
0.000121629
-7.55664e-06
0.000123422
1.00313e-05
0.000119762
2.39169e-05
0.000110932
3.29786e-05
9.87051e-05
3.75093e-05
8.52626e-05
3.85665e-05
7.23227e-05
3.72872e-05
6.0836e-05
3.45989e-05
5.11659e-05
3.1165e-05
4.33324e-05
2.74158e-05
3.71838e-05
2.36054e-05
3.2502e-05
1.98683e-05
2.90596e-05
1.62625e-05
2.66484e-05
1.27999e-05
2.50933e-05
9.46638e-06
2.42564e-05
6.23462e-06
2.40269e-05
3.07558e-06
2.42531e-05
2.41406e-05
-2.698e-05
0.000107444
-1.20619e-05
0.000108504
1.93067e-06
0.00010577
1.34418e-05
9.94213e-05
2.16657e-05
9.04812e-05
2.66126e-05
8.03158e-05
2.8819e-05
7.01165e-05
2.89844e-05
6.06707e-05
2.77569e-05
5.23935e-05
2.5652e-05
4.54373e-05
2.30419e-05
3.97938e-05
2.01765e-05
3.53675e-05
1.72114e-05
3.20247e-05
1.42356e-05
2.96242e-05
1.12928e-05
2.8036e-05
8.39809e-06
2.71511e-05
5.54965e-06
2.68753e-05
2.7407e-06
2.70621e-05
2.68813e-05
-2.82724e-05
9.52435e-05
-1.58952e-05
9.61268e-05
-4.33158e-06
9.42061e-05
5.45805e-06
8.96317e-05
1.29011e-05
8.30382e-05
1.79133e-05
7.53039e-05
2.07617e-05
6.72682e-05
2.18727e-05
5.95598e-05
2.16897e-05
5.25766e-05
2.06007e-05
4.65264e-05
1.89128e-05
4.14818e-05
1.68521e-05
3.74281e-05
1.45757e-05
3.4301e-05
1.21861e-05
3.20138e-05
9.74548e-06
3.04766e-05
7.28838e-06
2.96082e-05
4.83202e-06
2.93317e-05
2.38707e-06
2.95071e-05
2.92684e-05
-2.95468e-05
8.45844e-05
-1.89844e-05
8.55644e-05
-9.15162e-06
8.43733e-05
-6.63053e-07
8.11432e-05
6.08427e-06
7.6291e-05
1.098e-05
7.04082e-05
1.41529e-05
6.40954e-05
1.58619e-05
5.78508e-05
1.64084e-05
5.20302e-05
1.60796e-05
4.68552e-05
1.51216e-05
4.24397e-05
1.37299e-05
3.88196e-05
1.20514e-05
3.59794e-05
1.01907e-05
3.38744e-05
8.21887e-06
3.24484e-05
6.18218e-06
3.16449e-05
4.11039e-06
3.14035e-05
2.02749e-06
3.159e-05
3.12959e-05
-3.05054e-05
7.51815e-05
-2.13288e-05
7.63877e-05
-1.28046e-05
7.58492e-05
-5.33964e-06
7.36783e-05
7.86198e-07
7.01652e-05
5.47039e-06
6.57241e-05
8.76738e-06
6.07984e-05
1.0835e-05
5.57833e-05
1.18777e-05
5.09875e-05
1.21068e-05
4.6626e-05
1.1716e-05
4.28303e-05
1.08697e-05
3.96659e-05
9.69904e-06
3.715e-05
8.30433e-06
3.52691e-05
6.75882e-06
3.39939e-05
5.11453e-06
3.32893e-05
3.40856e-06
3.31096e-05
1.67375e-06
3.3325e-05
3.29698e-05
-3.10376e-05
6.68467e-05
-2.29802e-05
6.83303e-05
-1.54996e-05
6.83685e-05
-8.87531e-06
6.7054e-05
-3.30734e-06
6.45972e-05
1.11542e-06
6.13013e-05
4.41032e-06
5.75036e-05
6.67222e-06
5.35215e-05
8.04046e-06
4.96193e-05
8.67011e-06
4.59963e-05
8.71238e-06
4.2788e-05
8.30286e-06
4.00754e-05
7.55598e-06
3.78969e-05
6.56382e-06
3.62613e-05
5.3977e-06
3.51602e-05
4.11143e-06
3.45757e-05
2.74582e-06
3.44753e-05
1.33884e-06
3.47321e-05
3.43087e-05
-3.11325e-05
5.94479e-05
-2.40177e-05
6.12154e-05
-1.74053e-05
6.1756e-05
-1.14946e-05
6.11431e-05
-6.43264e-06
5.95352e-05
-2.29437e-06
5.71631e-05
9.18287e-07
5.4291e-05
3.26185e-06
5.11779e-05
4.83112e-06
4.805e-05
5.74009e-06
4.50873e-05
6.10642e-06
4.24217e-05
6.04095e-06
4.01409e-05
5.64168e-06
3.82962e-05
4.99119e-06
3.69119e-05
4.1565e-06
3.5995e-05
3.19071e-06
3.55416e-05
2.13617e-06
3.553e-05
1.03414e-06
3.58343e-05
3.53428e-05
-3.08234e-05
5.28844e-05
-2.45255e-05
5.49174e-05
-1.8658e-05
5.58884e-05
-1.33687e-05
5.58536e-05
-8.76952e-06
5.49361e-05
-4.9239e-06
5.33175e-05
-1.84371e-06
5.12109e-05
5.03653e-07
4.88306e-05
2.18317e-06
4.63705e-05
3.27845e-06
4.3992e-05
3.88115e-06
4.1819e-05
4.08148e-06
3.99406e-05
3.96255e-06
3.84152e-05
3.59725e-06
3.72773e-05
3.04716e-06
3.65451e-05
2.36308e-06
3.62258e-05
1.58743e-06
3.63057e-05
7.6111e-07
3.66606e-05
3.61039e-05
-3.01602e-05
4.70739e-05
-2.45832e-05
4.93403e-05
-1.93687e-05
5.06738e-05
-1.46306e-05
5.11156e-05
-1.04579e-05
5.07634e-05
-6.90475e-06
4.97643e-05
-3.98798e-06
4.8294e-05
-1.69026e-06
4.65328e-05
3.25662e-08
4.46477e-05
1.24307e-06
4.27816e-05
2.01204e-06
4.10501e-05
2.41292e-06
3.95397e-05
2.51576e-06
3.83124e-05
2.38439e-06
3.74087e-05
2.07448e-06
3.68551e-05
1.63346e-06
3.66668e-05
1.10242e-06
3.68367e-05
5.24102e-07
3.72389e-05
3.66279e-05
-2.91958e-05
4.19452e-05
-2.42625e-05
4.4407e-05
-1.96288e-05
4.60401e-05
-1.53866e-05
4.68734e-05
-1.16089e-05
4.69856e-05
-8.34313e-06
4.64984e-05
-5.60842e-06
4.55593e-05
-3.39708e-06
4.43214e-05
-1.67912e-06
4.29297e-05
-4.08644e-07
4.1511e-05
4.70537e-07
4.01708e-05
1.018e-06
3.89922e-05
1.29215e-06
3.80382e-05
1.34889e-06
3.73519e-05
1.2377e-06
3.69662e-05
1.00297e-06
3.69015e-05
6.83716e-07
3.71559e-05
3.17626e-07
3.76049e-05
3.69455e-05
-2.79814e-05
3.74346e-05
-2.36267e-05
4.00524e-05
-1.9515e-05
4.19283e-05
-1.5723e-05
4.30812e-05
-1.23127e-05
4.35751e-05
-9.32626e-06
4.35119e-05
-6.78392e-06
4.30168e-05
-4.68418e-06
4.22216e-05
-3.00693e-06
4.12523e-05
-1.71784e-06
4.02219e-05
-7.73323e-07
3.92263e-05
-1.25019e-07
3.83439e-05
2.78142e-07
3.76351e-05
4.8239e-07
3.71477e-05
5.32987e-07
3.69156e-05
4.68841e-07
3.69655e-05
3.26996e-07
3.72977e-05
1.43933e-07
3.77879e-05
3.70895e-05
-2.65638e-05
3.34835e-05
-2.27313e-05
3.62198e-05
-1.90917e-05
3.82886e-05
-1.57111e-05
3.97004e-05
-1.26434e-05
4.05072e-05
-9.92675e-06
4.07952e-05
-7.58151e-06
4.06715e-05
-5.6102e-06
4.02502e-05
-3.99968e-06
3.96417e-05
-2.72427e-06
3.89464e-05
-1.74947e-06
3.82515e-05
-1.03549e-06
3.763e-05
-5.41272e-07
3.71409e-05
-2.25196e-07
3.68316e-05
-4.88885e-08
3.67393e-05
2.63536e-08
3.68902e-05
3.21265e-08
3.72918e-05
-5.57013e-09
3.78256e-05
3.7084e-05
-2.49847e-05
3.00377e-05
-2.16242e-05
3.28591e-05
-1.84135e-05
3.50777e-05
-1.54105e-05
3.66974e-05
-1.2663e-05
3.77597e-05
-1.02058e-05
3.83379e-05
-8.05856e-06
3.85243e-05
-6.22658e-06
3.84182e-05
-4.70159e-06
3.81167e-05
-3.46443e-06
3.77093e-05
-2.48785e-06
3.7275e-05
-1.73938e-06
3.68817e-05
-1.18417e-06
3.65858e-05
-7.86626e-07
3.64341e-05
-5.12046e-07
3.64646e-05
-3.28386e-07
3.67065e-05
-2.04257e-07
3.71677e-05
-1.14232e-07
3.77356e-05
3.69698e-05
-2.32805e-05
2.7047e-05
-2.03469e-05
2.99253e-05
-1.75269e-05
3.22578e-05
-1.48718e-05
3.40423e-05
-1.24241e-05
3.5312e-05
-1.02154e-05
3.61291e-05
-8.26459e-06
3.65735e-05
-6.57855e-06
3.67322e-05
-5.15255e-06
3.66908e-05
-3.97237e-06
3.65293e-05
-3.01644e-06
3.63193e-05
-2.25821e-06
3.61235e-05
-1.66828e-06
3.59959e-05
-1.21614e-06
3.59819e-05
-8.71544e-07
3.61199e-05
-6.05304e-07
3.64402e-05
-3.89296e-07
3.69517e-05
-2.00633e-07
3.75471e-05
3.67693e-05
-2.1482e-05
2.44656e-05
-1.89351e-05
2.73784e-05
-1.64722e-05
2.97949e-05
-1.41385e-05
3.17087e-05
-1.19718e-05
3.31454e-05
-1.00005e-05
3.41579e-05
-8.24282e-06
3.48159e-05
-6.70621e-06
3.51957e-05
-5.38858e-06
3.53734e-05
-4.27949e-06
3.54204e-05
-3.36193e-06
3.54019e-05
-2.61411e-06
3.53758e-05
-2.01134e-06
3.53931e-05
-1.52748e-06
3.54979e-05
-1.13611e-06
3.57285e-05
-8.112e-07
3.61153e-05
-5.27385e-07
3.6668e-05
-2.63719e-07
3.72836e-05
3.65057e-05
-1.96161e-05
2.22523e-05
-1.74202e-05
2.51825e-05
-1.52845e-05
2.76594e-05
-1.32485e-05
2.96728e-05
-1.13455e-05
3.12424e-05
-9.6009e-06
3.24134e-05
-8.03161e-06
3.32467e-05
-6.64557e-06
3.38098e-05
-5.44252e-06
3.41705e-05
-4.41496e-06
3.4393e-05
-3.54952e-06
3.45365e-05
-2.82841e-06
3.46547e-05
-2.23092e-06
3.47955e-05
-1.7347e-06
3.50017e-05
-1.31677e-06
3.53106e-05
-9.54031e-07
3.57526e-05
-6.23677e-07
3.63378e-05
-3.06719e-07
3.69667e-05
3.61989e-05
-1.77069e-05
2.0371e-05
-1.58308e-05
2.33064e-05
-1.39961e-05
2.58248e-05
-1.22366e-05
2.79133e-05
-1.05812e-05
2.95871e-05
-9.05247e-06
3.08848e-05
-7.66596e-06
3.18603e-05
-6.42972e-06
3.25737e-05
-5.34482e-06
3.30857e-05
-4.40612e-06
3.34544e-05
-3.60323e-06
3.37337e-05
-2.92171e-06
3.39732e-05
-2.34429e-06
3.42181e-05
-1.85194e-06
3.45093e-05
-1.42469e-06
3.48833e-05
-1.04212e-06
3.53701e-05
-6.8379e-07
3.59794e-05
-3.32657e-07
3.66156e-05
3.58663e-05
-1.57787e-05
1.87912e-05
-1.41956e-05
2.17232e-05
-1.26387e-05
2.42679e-05
-1.11364e-05
2.64109e-05
-9.71336e-06
2.81641e-05
-8.38962e-06
2.95612e-05
-7.17924e-06
3.065e-05
-6.09021e-06
3.14847e-05
-5.12468e-06
3.21203e-05
-4.27938e-06
3.26092e-05
-3.54645e-06
3.30008e-05
-2.91434e-06
3.33411e-05
-2.36873e-06
3.36725e-05
-1.89348e-06
3.40341e-05
-1.47128e-06
3.44611e-05
-1.08409e-06
3.49828e-05
-7.13596e-07
3.56089e-05
-3.44649e-07
3.62467e-05
3.55216e-05
-1.38593e-05
1.74878e-05
-1.25462e-05
2.04101e-05
-1.12465e-05
2.29681e-05
-9.98327e-06
2.51477e-05
-8.77775e-06
2.69586e-05
-7.6474e-06
2.84308e-05
-6.60511e-06
2.96077e-05
-5.65879e-06
3.05385e-05
-4.81143e-06
3.1273e-05
-4.06138e-06
3.18592e-05
-3.40296e-06
3.23425e-05
-2.82707e-06
3.27653e-05
-2.322e-06
3.31675e-05
-1.87414e-06
3.35862e-05
-1.46848e-06
3.40554e-05
-1.08905e-06
3.46034e-05
-7.19366e-07
3.52392e-05
-3.46038e-07
3.58733e-05
3.51755e-05
-1.19845e-05
1.64413e-05
-1.09217e-05
1.93471e-05
-9.85977e-06
2.19062e-05
-8.81787e-06
2.41058e-05
-7.81412e-06
2.59548e-05
-6.86415e-06
2.74808e-05
-5.97995e-06
2.87235e-05
-5.16945e-06
2.9728e-05
-4.43639e-06
3.05401e-05
-3.78054e-06
3.12036e-05
-3.19809e-06
3.17602e-05
-2.68213e-06
3.22495e-05
-2.22321e-06
3.27086e-05
-1.80993e-06
3.31729e-05
-1.42929e-06
3.36747e-05
-1.06701e-06
3.4241e-05
-7.08101e-07
3.48803e-05
-3.40655e-07
3.55058e-05
3.48349e-05
-1.02033e-05
1.56364e-05
-9.37239e-06
1.85162e-05
-8.52877e-06
2.10626e-05
-7.68885e-06
2.32659e-05
-6.86906e-06
2.5135e-05
-6.08392e-06
2.66957e-05
-5.34499e-06
2.79847e-05
-4.66036e-06
2.90436e-05
-4.03454e-06
2.99144e-05
-3.46853e-06
3.06377e-05
-2.96015e-06
3.1252e-05
-2.50439e-06
3.17938e-05
-2.09381e-06
3.22981e-05
-1.71894e-06
3.2798e-05
-1.36851e-06
3.33243e-05
-1.02957e-06
3.39021e-05
-6.881e-07
3.45388e-05
-3.3322e-07
3.5151e-05
3.45017e-05
-8.5808e-06
1.50597e-05
-7.96226e-06
1.78977e-05
-7.31469e-06
2.0415e-05
-6.65417e-06
2.26054e-05
-5.9969e-06
2.44778e-05
-5.3573e-06
2.60562e-05
-4.74703e-06
2.73745e-05
-4.17456e-06
2.84713e-05
-3.64513e-06
2.93852e-05
-3.16085e-06
3.01536e-05
-2.72093e-06
3.08121e-05
-2.322e-06
3.13948e-05
-1.95838e-06
3.19344e-05
-1.62231e-06
3.24619e-05
-1.30397e-06
3.30059e-05
-9.91264e-07
3.35894e-05
-6.70313e-07
3.42179e-05
-3.30322e-07
3.4811e-05
3.41714e-05
-7.19671e-06
1.46924e-05
-6.7656e-06
1.74666e-05
-6.28637e-06
1.99359e-05
-5.77737e-06
2.20965e-05
-5.25621e-06
2.39567e-05
-4.73814e-06
2.55382e-05
-4.23541e-06
2.6872e-05
-3.75705e-06
2.79931e-05
-3.30903e-06
2.89373e-05
-2.8944e-06
2.9739e-05
-2.51356e-06
3.04313e-05
-2.16455e-06
3.10458e-05
-1.84324e-06
3.16131e-05
-1.54346e-06
3.21621e-05
-1.25668e-06
3.27191e-05
-9.71182e-07
3.33039e-05
-6.71144e-07
3.39179e-05
-3.42682e-07
3.44826e-05
3.38288e-05
-6.14003e-06
1.45002e-05
-5.86002e-06
1.71867e-05
-5.51198e-06
1.95879e-05
-5.11888e-06
2.17034e-05
-4.70085e-06
2.35388e-05
-4.27453e-06
2.5112e-05
-3.85297e-06
2.64505e-05
-3.44585e-06
2.7586e-05
-3.05975e-06
2.85512e-05
-2.6985e-06
2.93777e-05
-2.36348e-06
3.00962e-05
-2.05391e-06
3.07362e-05
-1.76711e-06
3.13263e-05
-1.49856e-06
3.18936e-05
-1.24161e-06
3.24622e-05
-9.86253e-07
3.30486e-05
-7.15262e-07
3.3647e-05
-3.99149e-07
3.41666e-05
3.34296e-05
-5.52219e-06
-5.33353e-06
-5.06223e-06
-4.73607e-06
-4.37743e-06
-4.00406e-06
-3.62956e-06
-3.2639e-06
-2.91397e-06
-2.58397e-06
-2.27581e-06
-1.98946e-06
-1.72315e-06
-1.4736e-06
-1.23588e-06
-1.00242e-06
-7.58094e-07
-4.61643e-07
)
;

boundaryField
{
    leftWall
    {
        type            calculated;
        value           uniform 0;
    }
    rightWall
    {
        type            calculated;
        value           uniform 0;
    }
    lowerWall
    {
        type            calculated;
        value           uniform 0;
    }
    atmosphere
    {
        type            calculated;
        value           nonuniform List<scalar> 
46
(
-3.1274e-05
-4.77704e-05
-4.49469e-05
-4.29403e-05
-4.12483e-05
-3.95772e-05
-3.78114e-05
-3.58908e-05
-3.37864e-05
-3.14915e-05
-2.90143e-05
-2.63731e-05
-2.3592e-05
-2.06971e-05
-1.77131e-05
-1.46602e-05
-1.15545e-05
-8.41437e-06
-5.28828e-06
-2.38602e-06
4.70364e-07
3.31174e-06
5.89855e-06
3.66763e-06
4.22204e-06
4.76282e-06
5.28835e-06
1.44312e-05
1.6998e-05
1.93167e-05
2.13773e-05
2.31802e-05
2.47387e-05
2.60761e-05
2.72204e-05
2.82013e-05
2.90477e-05
2.9788e-05
3.04498e-05
3.10599e-05
3.1644e-05
3.22245e-05
3.28152e-05
3.34027e-05
3.38702e-05
3.2968e-05
)
;
    }
    defaultFaces
    {
        type            empty;
        value           nonuniform List<scalar> 0();
    }
}


// ************************************************************************* //
