/*--------------------------------*- C++ -*----------------------------------*\
| =========                 |                                                 |
| \\      /  F ield         | OpenFOAM: The Open Source CFD Toolbox           |
|  \\    /   O peration     | Version:  v2012                                 |
|   \\  /    A nd           | Website:  www.openfoam.com                      |
|    \\/     M anipulation  |                                                 |
\*---------------------------------------------------------------------------*/
FoamFile
{
    version     2.0;
    format      ascii;
    class       volVectorField;
    location    "0.2";
    object      U;
}
// * * * * * * * * * * * * * * * * * * * * * * * * * * * * * * * * * * * * * //

dimensions      [0 1 -1 0 0 0 0];


internalField   nonuniform List<vector> 
2268
(
(-0.024552 0.00611058 0)
(-0.00560768 -0.013698 0)
(0.056848 -0.0226467 0)
(0.126967 -0.0244341 0)
(0.19955 -0.0242666 0)
(0.272781 -0.0239109 0)
(0.346397 -0.0237608 0)
(0.420879 -0.0238164 0)
(0.4967 -0.0239974 0)
(0.574013 -0.0242086 0)
(0.652552 -0.0243264 0)
(0.731529 -0.0241783 0)
(0.809432 -0.0235218 0)
(0.883732 -0.0220182 0)
(0.950474 -0.0191773 0)
(1.0034 -0.0141746 0)
(1.03418 -0.00463959 0)
(1.0225 0.0126561 0)
(0.93863 0.0407395 0)
(0.750109 0.0776982 0)
(0.453053 0.107277 0)
(0.0256111 0.0881521 0)
(-0.194535 -0.089999 0)
(-0.00118146 0.00857213 0)
(0.0341672 -0.0304749 0)
(0.0972037 -0.0478387 0)
(0.166019 -0.0524776 0)
(0.236792 -0.0533658 0)
(0.30857 -0.053719 0)
(0.381288 -0.0543568 0)
(0.455337 -0.0553313 0)
(0.531053 -0.0564779 0)
(0.60847 -0.0575527 0)
(0.687226 -0.0582249 0)
(0.766444 -0.0580387 0)
(0.844549 -0.056365 0)
(0.919007 -0.0523356 0)
(0.986018 -0.0447186 0)
(1.04019 -0.031622 0)
(1.07353 -0.00939561 0)
(1.0817 0.0270605 0)
(1.05792 0.083791 0)
(0.975098 0.161727 0)
(0.796371 0.241097 0)
(0.398865 0.2487 0)
(0.11293 0.00636133 0)
(0.0154838 -0.0051059 0)
(0.0600045 -0.0559422 0)
(0.124843 -0.0775004 0)
(0.192811 -0.083537 0)
(0.261852 -0.0849665 0)
(0.331945 -0.0857996 0)
(0.403266 -0.0870818 0)
(0.476192 -0.0888547 0)
(0.55098 -0.0908532 0)
(0.627595 -0.0926856 0)
(0.705624 -0.0938242 0)
(0.784155 -0.0935479 0)
(0.861612 -0.0908683 0)
(0.935533 -0.0844376 0)
(1.00231 -0.0723985 0)
(1.05693 -0.0521068 0)
(1.09245 -0.0198095 0)
(1.10066 0.030436 0)
(1.07456 0.10689 0)
(1.003 0.215848 0)
(0.878633 0.346095 0)
(0.594502 0.403108 0)
(0.273332 0.165062 0)
(0.0235505 -0.0248176 0)
(0.0767792 -0.0854809 0)
(0.145093 -0.109165 0)
(0.21338 -0.115639 0)
(0.28142 -0.117269 0)
(0.350229 -0.118495 0)
(0.420339 -0.120415 0)
(0.492201 -0.122999 0)
(0.566066 -0.125862 0)
(0.641884 -0.128456 0)
(0.719235 -0.130055 0)
(0.797218 -0.129672 0)
(0.874297 -0.125968 0)
(0.948105 -0.117142 0)
(1.01524 -0.100761 0)
(1.07102 -0.0734822 0)
(1.10913 -0.0306997 0)
(1.12146 0.0341468 0)
(1.09957 0.129564 0)
(1.03243 0.263024 0)
(0.914059 0.432733 0)
(0.683273 0.550709 0)
(0.3579 0.376651 0)
(0.0270433 -0.0487635 0)
(0.0872198 -0.117941 0)
(0.159356 -0.142036 0)
(0.228715 -0.148057 0)
(0.296418 -0.149586 0)
(0.364397 -0.151171 0)
(0.433575 -0.153786 0)
(0.504541 -0.157261 0)
(0.577597 -0.16107 0)
(0.652729 -0.164508 0)
(0.729554 -0.16665 0)
(0.80722 -0.166248 0)
(0.884263 -0.161626 0)
(0.95844 -0.150557 0)
(1.02656 -0.13008 0)
(1.08426 -0.0962061 0)
(1.12576 -0.0435199 0)
(1.14347 0.0352826 0)
(1.12872 0.149293 0)
(1.07009 0.306861 0)
(0.95435 0.51168 0)
(0.744074 0.692041 0)
(0.411956 0.622336 0)
(0.0288767 -0.0750079 0)
(0.0936665 -0.152537 0)
(0.168869 -0.175885 0)
(0.239379 -0.180625 0)
(0.307078 -0.181677 0)
(0.37455 -0.183498 0)
(0.443034 -0.186795 0)
(0.513264 -0.191193 0)
(0.585632 -0.196009 0)
(0.660192 -0.200376 0)
(0.736635 -0.203171 0)
(0.814191 -0.202893 0)
(0.891496 -0.197545 0)
(0.966451 -0.184502 0)
(1.03607 -0.160324 0)
(1.09633 -0.120434 0)
(1.14193 -0.0586788 0)
(1.16593 0.0330368 0)
(1.16 0.164666 0)
(1.11303 0.346349 0)
(1.00552 0.586621 0)
(0.813828 0.831121 0)
(0.463525 0.899175 0)
(0.0302832 -0.102768 0)
(0.0976106 -0.188514 0)
(0.174653 -0.210472 0)
(0.245926 -0.213368 0)
(0.313634 -0.213624 0)
(0.380729 -0.215539 0)
(0.448651 -0.219466 0)
(0.518249 -0.224788 0)
(0.590004 -0.230652 0)
(0.664066 -0.236029 0)
(0.740226 -0.239602 0)
(0.81782 -0.239623 0)
(0.895608 -0.233785 0)
(0.971641 -0.21909 0)
(1.04315 -0.191661 0)
(1.10642 -0.146397 0)
(1.15666 -0.0764953 0)
(1.18767 0.0268896 0)
(1.19195 0.1747 0)
(1.1597 0.379504 0)
(1.06775 0.654943 0)
(0.909196 0.968216 0)
(0.533052 1.20285 0)
(0.031609 -0.131484 0)
(0.09985 -0.225357 0)
(0.177426 -0.245452 0)
(0.248874 -0.246155 0)
(0.31639 -0.245403 0)
(0.383076 -0.247284 0)
(0.450463 -0.25177 0)
(0.519456 -0.257991 0)
(0.590622 -0.264925 0)
(0.664214 -0.271381 0)
(0.74014 -0.275852 0)
(0.817864 -0.27635 0)
(0.89628 -0.270267 0)
(0.97359 -0.254253 0)
(1.04722 -0.224035 0)
(1.11377 -0.17407 0)
(1.16894 -0.0970384 0)
(1.20736 0.0164815 0)
(1.22284 0.178327 0)
(1.20791 0.403359 0)
(1.14025 0.709779 0)
(1.0329 1.09114 0)
(0.615015 1.57415 0)
(-0.0517766 0.0211015 0)
(-0.148194 0.0272578 0)
(-0.238692 0.0188808 0)
(-0.285472 0.00599691 0)
(-0.292447 -0.00142037 0)
(-0.280874 -0.00582759 0)
(-0.258675 -0.00756298 0)
(-0.231728 -0.00809604 0)
(-0.203188 -0.00791303 0)
(-0.17509 -0.00737172 0)
(-0.148877 -0.00671428 0)
(-0.125132 -0.00584731 0)
(-0.104003 -0.00500648 0)
(-0.0856833 -0.00416847 0)
(-0.0699598 -0.00339044 0)
(-0.0563664 -0.00280104 0)
(-0.0438746 -0.00269067 0)
(-0.0313738 -0.00372665 0)
(-0.0128305 -0.00566329 0)
(-0.0999734 0.0640961 0)
(-0.204039 0.0679976 0)
(-0.274323 0.0457972 0)
(-0.303563 0.0162313 0)
(-0.304378 -0.00124798 0)
(-0.291485 -0.0117216 0)
(-0.267771 -0.0168768 0)
(-0.239245 -0.0190253 0)
(-0.209145 -0.019253 0)
(-0.179692 -0.0183591 0)
(-0.152305 -0.0169291 0)
(-0.127605 -0.0151221 0)
(-0.105718 -0.0132549 0)
(-0.0866224 -0.0114442 0)
(-0.0699579 -0.00985442 0)
(-0.055125 -0.00875266 0)
(-0.0411876 -0.0086263 0)
(-0.0277985 -0.0103174 0)
(-0.0107906 -0.0137201 0)
(-0.114004 0.124242 0)
(-0.21769 0.106894 0)
(-0.280174 0.0669622 0)
(-0.310278 0.0224141 0)
(-0.310082 -0.00396376 0)
(-0.295734 -0.0194247 0)
(-0.271108 -0.0275862 0)
(-0.241726 -0.0310997 0)
(-0.21084 -0.0315083 0)
(-0.18072 -0.030042 0)
(-0.152804 -0.0276064 0)
(-0.127735 -0.0246565 0)
(-0.105577 -0.0216469 0)
(-0.0861808 -0.0188129 0)
(-0.0690996 -0.0163949 0)
(-0.0536966 -0.0147417 0)
(-0.0391221 -0.0144192 0)
(-0.025367 -0.016404 0)
(-0.00889924 -0.0210586 0)
(-0.124808 0.193513 0)
(-0.237903 0.145853 0)
(-0.292965 0.0873778 0)
(-0.320709 0.0282233 0)
(-0.316754 -0.00711478 0)
(-0.29998 -0.0279046 0)
(-0.273877 -0.039068 0)
(-0.243401 -0.0439442 0)
(-0.211619 -0.0445178 0)
(-0.180795 -0.0424003 0)
(-0.152355 -0.0388811 0)
(-0.126942 -0.0347028 0)
(-0.104574 -0.0304775 0)
(-0.0849991 -0.0265806 0)
(-0.0677048 -0.0233385 0)
(-0.0520413 -0.021149 0)
(-0.0372261 -0.0206001 0)
(-0.0233777 -0.0227358 0)
(-0.00750493 -0.02795 0)
(-0.144074 0.271002 0)
(-0.271784 0.185055 0)
(-0.314041 0.105631 0)
(-0.335729 0.0319456 0)
(-0.325724 -0.0119762 0)
(-0.305235 -0.0375587 0)
(-0.276911 -0.0513886 0)
(-0.244967 -0.0574325 0)
(-0.212075 -0.0580601 0)
(-0.180399 -0.0551843 0)
(-0.151341 -0.0504538 0)
(-0.12553 -0.0449421 0)
(-0.102944 -0.0394492 0)
(-0.083239 -0.0344718 0)
(-0.0658472 -0.0304011 0)
(-0.0501135 -0.02766 0)
(-0.0353158 -0.0268239 0)
(-0.0216218 -0.0289302 0)
(-0.00656783 -0.0341696 0)
(-0.176347 0.365618 0)
(-0.321914 0.223743 0)
(-0.343921 0.119526 0)
(-0.355564 0.0321963 0)
(-0.337211 -0.0193577 0)
(-0.311622 -0.0487822 0)
(-0.280333 -0.0646928 0)
(-0.246565 -0.0715773 0)
(-0.212393 -0.0720736 0)
(-0.17976 -0.0683182 0)
(-0.150006 -0.0622672 0)
(-0.123743 -0.0553221 0)
(-0.100914 -0.0484895 0)
(-0.081097 -0.042389 0)
(-0.0636715 -0.0374625 0)
(-0.0479822 -0.0341352 0)
(-0.0333666 -0.0329411 0)
(-0.0200165 -0.034872 0)
(-0.00589563 -0.0398909 0)
(-0.228795 0.478171 0)
(-0.389758 0.260307 0)
(-0.38198 0.126515 0)
(-0.379262 0.0276968 0)
(-0.350688 -0.0299194 0)
(-0.31872 -0.0619163 0)
(-0.283797 -0.0791273 0)
(-0.247911 -0.0864423 0)
(-0.212382 -0.0866017 0)
(-0.178793 -0.0818483 0)
(-0.148357 -0.074376 0)
(-0.12165 -0.065898 0)
(-0.098589 -0.0576425 0)
(-0.0786871 -0.0503577 0)
(-0.0612821 -0.0445283 0)
(-0.0457189 -0.0405629 0)
(-0.0313959 -0.0389292 0)
(-0.0185157 -0.0405527 0)
(-0.00532693 -0.0451792 0)
(-0.292124 0.641626 0)
(-0.465843 0.281761 0)
(-0.424952 0.123335 0)
(-0.403967 0.0173752 0)
(-0.364623 -0.0438945 0)
(-0.325492 -0.0770205 0)
(-0.286448 -0.0946457 0)
(-0.248242 -0.101915 0)
(-0.21138 -0.101511 0)
(-0.176961 -0.0956562 0)
(-0.145984 -0.0866957 0)
(-0.118952 -0.0766194 0)
(-0.0957561 -0.0668784 0)
(-0.075865 -0.0583503 0)
(-0.0585866 -0.0515591 0)
(-0.0432669 -0.0468908 0)
(-0.0293607 -0.0447406 0)
(-0.0170582 -0.0459438 0)
(-0.00475475 -0.0500947 0)
(0.0331449 -0.177363 0)
(0.100982 -0.283915 0)
(0.177412 -0.300276 0)
(0.24807 -0.297331 0)
(0.314835 -0.294917 0)
(0.380744 -0.296608 0)
(0.447299 -0.301847 0)
(0.51541 -0.309417 0)
(0.585742 -0.318047 0)
(0.658714 -0.326313 0)
(0.734433 -0.332418 0)
(0.812585 -0.334003 0)
(0.89228 -0.327994 0)
(0.971931 -0.31051 0)
(1.04921 -0.276719 0)
(1.12112 -0.220505 0)
(1.1841 -0.133969 0)
(1.23417 -0.00716878 0)
(1.26738 0.172046 0)
(1.28135 0.419959 0)
(1.26757 0.757229 0)
(1.27368 1.19193 0)
(1.18663 1.8829 0)
(0.0343002 -0.239958 0)
(0.0999371 -0.361839 0)
(0.171934 -0.372579 0)
(0.238903 -0.365205 0)
(0.303058 -0.361092 0)
(0.367001 -0.362794 0)
(0.431924 -0.369169 0)
(0.498629 -0.378705 0)
(0.567841 -0.389929 0)
(0.640171 -0.401182 0)
(0.716 -0.410333 0)
(0.795317 -0.414524 0)
(0.877481 -0.410022 0)
(0.961026 -0.392201 0)
(1.04365 -0.355551 0)
(1.12247 -0.293474 0)
(1.19436 -0.197892 0)
(1.25637 -0.0590855 0)
(1.30605 0.134324 0)
(1.34353 0.396452 0)
(1.3658 0.742542 0)
(1.39857 1.17076 0)
(1.46778 1.78722 0)
(0.0351957 -0.302636 0)
(0.0970342 -0.434151 0)
(0.162463 -0.439138 0)
(0.224 -0.428713 0)
(0.284242 -0.424047 0)
(0.345154 -0.426476 0)
(0.407535 -0.434428 0)
(0.472045 -0.446305 0)
(0.539442 -0.460594 0)
(0.610505 -0.475528 0)
(0.685886 -0.488699 0)
(0.765866 -0.496722 0)
(0.849949 -0.495044 0)
(0.936473 -0.478064 0)
(1.02257 -0.439456 0)
(1.10461 -0.372239 0)
(1.17875 -0.268435 0)
(1.241 -0.11916 0)
(1.28717 0.0847153 0)
(1.31284 0.349391 0)
(1.32397 0.686542 0)
(1.33563 1.09147 0)
(1.42771 1.65048 0)
(0.0357064 -0.364519 0)
(0.0923638 -0.49956 0)
(0.149903 -0.498911 0)
(0.205102 -0.487006 0)
(0.260558 -0.482943 0)
(0.31749 -0.486784 0)
(0.37631 -0.496742 0)
(0.437541 -0.511324 0)
(0.50195 -0.529137 0)
(0.570459 -0.548428 0)
(0.643988 -0.56658 0)
(0.72313 -0.579604 0)
(0.807432 -0.581756 0)
(0.894554 -0.565901 0)
(0.980131 -0.524508 0)
(1.05861 -0.450106 0)
(1.12386 -0.334973 0)
(1.16752 -0.172156 0)
(1.18417 0.0454916 0)
(1.17512 0.334878 0)
(1.16426 0.694025 0)
(1.18095 1.05714 0)
(1.26834 1.62704 0)
(0.0357183 -0.424629 0)
(0.0858177 -0.556729 0)
(0.134727 -0.551205 0)
(0.18338 -0.539521 0)
(0.233662 -0.537082 0)
(0.285976 -0.542856 0)
(0.340385 -0.555096 0)
(0.397259 -0.57258 0)
(0.457321 -0.594174 0)
(0.521571 -0.618271 0)
(0.591179 -0.642156 0)
(0.667143 -0.661126 0)
(0.748998 -0.667562 0)
(0.832963 -0.651797 0)
(0.911882 -0.604565 0)
(0.977334 -0.517803 0)
(1.02064 -0.384423 0)
(1.03616 -0.197332 0)
(1.01724 0.0551857 0)
(0.941757 0.36418 0)
(0.884388 0.70913 0)
(0.968294 0.98849 0)
(1.09552 1.50197 0)
(0.0343581 -0.481876 0)
(0.0768364 -0.604627 0)
(0.117164 -0.596021 0)
(0.159799 -0.586282 0)
(0.205062 -0.586202 0)
(0.252576 -0.594128 0)
(0.302109 -0.60862 0)
(0.353837 -0.628841 0)
(0.408322 -0.654015 0)
(0.466477 -0.682839 0)
(0.529615 -0.712731 0)
(0.599317 -0.738256 0)
(0.675047 -0.748745 0)
(0.750366 -0.730423 0)
(0.814484 -0.671521 0)
(0.858405 -0.564899 0)
(0.879882 -0.406482 0)
(0.869557 -0.18708 0)
(0.775747 0.10832 0)
(0.804199 0.489993 0)
(0.820103 0.76548 0)
(0.781863 0.893997 0)
(0.939049 1.30894 0)
(0.0287397 -0.5335 0)
(0.0645954 -0.642845 0)
(0.0977588 -0.634105 0)
(0.135647 -0.627734 0)
(0.17662 -0.630349 0)
(0.219733 -0.640318 0)
(0.264529 -0.6567 0)
(0.31093 -0.67907 0)
(0.359165 -0.707033 0)
(0.409709 -0.739719 0)
(0.463704 -0.775103 0)
(0.523438 -0.807335 0)
(0.588119 -0.820827 0)
(0.647954 -0.794906 0)
(0.692201 -0.717023 0)
(0.716841 -0.590374 0)
(0.720762 -0.413988 0)
(0.77759 -0.0639937 0)
(0.794057 0.228853 0)
(0.773561 0.493555 0)
(0.759729 0.737496 0)
(0.68368 0.925288 0)
(0.766148 1.0978 0)
(0.015759 -0.574018 0)
(0.0496884 -0.673394 0)
(0.0785639 -0.667547 0)
(0.113192 -0.665084 0)
(0.15095 -0.670404 0)
(0.190586 -0.682201 0)
(0.231463 -0.700049 0)
(0.273214 -0.723848 0)
(0.315574 -0.753448 0)
(0.358127 -0.788239 0)
(0.401312 -0.826873 0)
(0.447634 -0.864227 0)
(0.495567 -0.877767 0)
(0.53642 -0.838188 0)
(0.562194 -0.744621 0)
(0.576217 -0.606812 0)
(0.606663 -0.418344 0)
(0.613891 -0.130077 0)
(0.589607 0.151925 0)
(0.580661 0.438263 0)
(0.603082 0.717264 0)
(0.614438 0.95746 0)
(0.619515 1.05789 0)
(0.00341709 -0.601706 0)
(0.0371814 -0.702524 0)
(0.0635936 -0.700101 0)
(0.0954546 -0.701301 0)
(0.130848 -0.709311 0)
(0.168117 -0.722777 0)
(0.206323 -0.741675 0)
(0.244871 -0.766009 0)
(0.283118 -0.79551 0)
(0.319777 -0.829089 0)
(0.354255 -0.865992 0)
(0.386399 -0.903969 0)
(0.41409 -0.914128 0)
(0.436526 -0.865327 0)
(0.45018 -0.767693 0)
(0.482419 -0.619515 0)
(0.456491 -0.393136 0)
(0.378984 -0.115832 0)
(0.32915 0.164699 0)
(0.31909 0.432164 0)
(0.353187 0.6823 0)
(0.427544 0.895329 0)
(0.471988 1.0175 0)
(0.0312898 -0.626831 0)
(0.0386564 -0.733261 0)
(0.0566422 -0.732261 0)
(0.0845839 -0.737342 0)
(0.11793 -0.747623 0)
(0.153756 -0.761804 0)
(0.190563 -0.780387 0)
(0.227658 -0.803308 0)
(0.264456 -0.83008 0)
(0.300022 -0.858805 0)
(0.334327 -0.888335 0)
(0.359095 -0.925176 0)
(0.367197 -0.936156 0)
(0.372597 -0.884666 0)
(0.382654 -0.774105 0)
(0.335331 -0.572744 0)
(0.229909 -0.314731 0)
(0.134452 -0.0449393 0)
(0.0735361 0.206355 0)
(0.050964 0.430994 0)
(0.0744495 0.627405 0)
(0.157934 0.782838 0)
(0.243043 0.887691 0)
(0.185047 -0.675521 0)
(0.0668301 -0.739029 0)
(0.0599924 -0.748366 0)
(0.0824493 -0.761982 0)
(0.114405 -0.774975 0)
(0.150523 -0.789404 0)
(0.18897 -0.807232 0)
(0.229482 -0.828985 0)
(0.271935 -0.854507 0)
(0.31782 -0.879073 0)
(0.366004 -0.893651 0)
(0.383481 -0.92662 0)
(0.353304 -0.940166 0)
(0.336184 -0.863456 0)
(0.251337 -0.698201 0)
(0.12939 -0.46474 0)
(0.0105889 -0.208155 0)
(-0.0848121 0.0372317 0)
(-0.150631 0.254128 0)
(-0.183894 0.43751 0)
(-0.1779 0.584179 0)
(-0.123557 0.683519 0)
(-0.0511972 0.744953 0)
(0.504047 -0.830874 0)
(0.0989652 -0.664484 0)
(0.0830854 -0.732594 0)
(0.0991987 -0.762508 0)
(0.129943 -0.78033 0)
(0.168491 -0.798593 0)
(0.210604 -0.821292 0)
(0.254249 -0.850076 0)
(0.296168 -0.888539 0)
(0.325873 -0.95315 0)
(0.347666 -0.979257 0)
(0.348666 -0.948413 0)
(0.299174 -0.900699 0)
(0.1987 -0.769719 0)
(0.0688043 -0.574372 0)
(-0.0620724 -0.340697 0)
(-0.174371 -0.101961 0)
(-0.262601 0.117171 0)
(-0.325073 0.30471 0)
(-0.361502 0.456653 0)
(-0.370464 0.568889 0)
(-0.354476 0.633637 0)
(-0.332993 0.665421 0)
(0.00587085 -1.1197 0)
(0.0430648 -0.465401 0)
(0.102877 -0.705623 0)
(0.128529 -0.838033 0)
(0.157227 -0.886984 0)
(0.190153 -0.918215 0)
(0.221912 -0.947757 0)
(0.249096 -0.974129 0)
(0.269156 -0.98794 0)
(0.271902 -0.981225 0)
(0.249976 -0.9485 0)
(0.202764 -0.887075 0)
(0.12143 -0.791686 0)
(0.0116935 -0.642416 0)
(-0.109673 -0.445575 0)
(-0.225251 -0.22446 0)
(-0.320871 -0.00741125 0)
(-0.393908 0.187276 0)
(-0.444538 0.350897 0)
(-0.474429 0.48052 0)
(-0.486553 0.57382 0)
(-0.490282 0.628775 0)
(-0.501438 0.659632 0)
(-0.140153 -0.987449 0)
(-0.00240833 -0.652383 0)
(0.0873165 -0.768796 0)
(0.120566 -0.84633 0)
(0.139665 -0.882706 0)
(0.154873 -0.904928 0)
(0.166017 -0.921971 0)
(0.170212 -0.934072 0)
(0.163592 -0.937362 0)
(0.139876 -0.925983 0)
(0.0952566 -0.886399 0)
(0.0295842 -0.810306 0)
(-0.0574909 -0.693111 0)
(-0.158136 -0.531694 0)
(-0.260967 -0.335842 0)
(-0.354508 -0.128731 0)
(-0.428514 0.0677603 0)
(-0.481621 0.240514 0)
(-0.514757 0.383882 0)
(-0.530466 0.496592 0)
(-0.532915 0.578913 0)
(-0.531268 0.633868 0)
(-0.535377 0.676396 0)
(-0.0606694 -0.902058 0)
(0.000726146 -0.80934 0)
(0.0662044 -0.830926 0)
(0.0841977 -0.860499 0)
(0.0892089 -0.882704 0)
(0.0877885 -0.899855 0)
(0.0807509 -0.912505 0)
(0.0661578 -0.91781 0)
(0.0409006 -0.910434 0)
(0.00138879 -0.883084 0)
(-0.0542541 -0.826092 0)
(-0.125292 -0.733072 0)
(-0.208961 -0.60266 0)
(-0.297263 -0.437013 0)
(-0.380439 -0.24783 0)
(-0.450701 -0.0563672 0)
(-0.502014 0.120534 0)
(-0.5341 0.273451 0)
(-0.548394 0.399037 0)
(-0.547564 0.497438 0)
(-0.535279 0.57058 0)
(-0.518014 0.623528 0)
(-0.500507 0.669757 0)
(-0.0165515 -0.893431 0)
(0.00108368 -0.853259 0)
(0.0259837 -0.854533 0)
(0.0294245 -0.866065 0)
(0.0234412 -0.87915 0)
(0.0102221 -0.890076 0)
(-0.00969575 -0.895758 0)
(-0.0374604 -0.891858 0)
(-0.0749969 -0.872575 0)
(-0.12402 -0.831108 0)
(-0.18468 -0.760588 0)
(-0.254906 -0.657116 0)
(-0.330594 -0.52143 0)
(-0.404829 -0.358775 0)
(-0.469034 -0.181252 0)
(-0.517682 -0.00674748 0)
(-0.548281 0.151637 0)
(-0.561454 0.286817 0)
(-0.559077 0.39689 0)
(-0.543696 0.482843 0)
(-0.518247 0.547259 0)
(-0.487042 0.595256 0)
(-0.452427 0.63746 0)
(-0.0122566 -0.880913 0)
(-0.0151798 -0.861978 0)
(-0.0159134 -0.856228 0)
(-0.0254834 -0.858481 0)
(-0.0417093 -0.863967 0)
(-0.0645562 -0.868099 0)
(-0.0941452 -0.866473 0)
(-0.131198 -0.854073 0)
(-0.176576 -0.825143 0)
(-0.23057 -0.773752 0)
(-0.292036 -0.695023 0)
(-0.357987 -0.587013 0)
(-0.42377 -0.452091 0)
(-0.483242 -0.297297 0)
(-0.530109 -0.134279 0)
(-0.560699 0.0231577 0)
(-0.574372 0.164438 0)
(-0.572498 0.284056 0)
(-0.557263 0.380886 0)
(-0.531061 0.456254 0)
(-0.496293 0.512836 0)
(-0.45603 0.555129 0)
(-0.411784 0.591183 0)
(-0.0175043 -0.859546 0)
(-0.0348 -0.851159 0)
(-0.0518622 -0.842624 0)
(-0.072688 -0.839799 0)
(-0.0982005 -0.83945 0)
(-0.129197 -0.837341 0)
(-0.166211 -0.828937 0)
(-0.209666 -0.809234 0)
(-0.25963 -0.772944 0)
(-0.315365 -0.715195 0)
(-0.374858 -0.632659 0)
(-0.434659 -0.524931 0)
(-0.490178 -0.395441 0)
(-0.536299 -0.251512 0)
(-0.568634 -0.103516 0)
(-0.585106 0.0375592 0)
(-0.586058 0.163336 0)
(-0.573302 0.269443 0)
(-0.549153 0.355109 0)
(-0.515865 0.421671 0)
(-0.475509 0.47163 0)
(-0.430514 0.508775 0)
(-0.382193 0.53927 0)
(-0.0229259 -0.828224 0)
(-0.0512594 -0.826024 0)
(-0.0797306 -0.817297 0)
(-0.109717 -0.811657 0)
(-0.142992 -0.806968 0)
(-0.180539 -0.799665 0)
(-0.222991 -0.785605 0)
(-0.270493 -0.760226 0)
(-0.322543 -0.718959 0)
(-0.377749 -0.65798 0)
(-0.433624 -0.575201 0)
(-0.486656 -0.471244 0)
(-0.53271 -0.349996 0)
(-0.56775 -0.218383 0)
(-0.588833 -0.0852652 0)
(-0.594982 0.040583 0)
(-0.587084 0.152487 0)
(-0.567139 0.246892 0)
(-0.537456 0.323161 0)
(-0.500172 0.382481 0)
(-0.45716 0.427065 0)
(-0.410506 0.460085 0)
(-0.361521 0.486386 0)
(-0.0267357 -0.788408 0)
(-0.0630731 -0.790881 0)
(-0.0994294 -0.783148 0)
(-0.136334 -0.776036 0)
(-0.175514 -0.768253 0)
(-0.217832 -0.756947 0)
(-0.263824 -0.738584 0)
(-0.313376 -0.709261 0)
(-0.36561 -0.665228 0)
(-0.418781 -0.603617 0)
(-0.470258 -0.523265 0)
(-0.516741 -0.425405 0)
(-0.554709 -0.313935 0)
(-0.581087 -0.19504 0)
(-0.593965 -0.0761166 0)
(-0.593055 0.0357964 0)
(-0.579514 0.135342 0)
(-0.555355 0.219567 0)
(-0.522799 0.287875 0)
(-0.483874 0.341243 0)
(-0.440329 0.381571 0)
(-0.39404 0.411518 0)
(-0.346315 0.434981 0)
(-0.0287541 -0.743007 0)
(-0.0702529 -0.749063 0)
(-0.111718 -0.742769 0)
(-0.15334 -0.735022 0)
(-0.196488 -0.725161 0)
(-0.24177 -0.71101 0)
(-0.289539 -0.689701 0)
(-0.33947 -0.65806 0)
(-0.390472 -0.613144 0)
(-0.440675 -0.552895 0)
(-0.487532 -0.476806 0)
(-0.528101 -0.386399 0)
(-0.559483 -0.285313 0)
(-0.579378 -0.17888 0)
(-0.586582 -0.0731938 0)
(-0.581208 0.0260759 0)
(-0.564508 0.114602 0)
(-0.538404 0.189903 0)
(-0.504983 0.251389 0)
(-0.466155 0.299823 0)
(-0.423567 0.336802 0)
(-0.378937 0.364554 0)
(-0.333537 0.386255 0)
(-0.0293262 -0.69474 0)
(-0.0734324 -0.703355 0)
(-0.117708 -0.698522 0)
(-0.16202 -0.690648 0)
(-0.207303 -0.679524 0)
(-0.253871 -0.663559 0)
(-0.301877 -0.640528 0)
(-0.350843 -0.607962 0)
(-0.399594 -0.563642 0)
(-0.446296 -0.506164 0)
(-0.488617 -0.43546 0)
(-0.524025 -0.353123 0)
(-0.550179 -0.262398 0)
(-0.565372 -0.167776 0)
(-0.568866 -0.0742401 0)
(-0.560989 0.0136292 0)
(-0.542974 0.0923235 0)
(-0.516599 0.159742 0)
(-0.483786 0.215306 0)
(-0.446314 0.259585 0)
(-0.405724 0.293898 0)
(-0.363592 0.3201 0)
(-0.321127 0.34079 0)
(-0.028822 -0.645824 0)
(-0.0734245 -0.656065 0)
(-0.118614 -0.652468 0)
(-0.163856 -0.644751 0)
(-0.209666 -0.632993 0)
(-0.256076 -0.616082 0)
(-0.303057 -0.592356 0)
(-0.350035 -0.559971 0)
(-0.395842 -0.517323 0)
(-0.438777 -0.463513 0)
(-0.476789 -0.398751 0)
(-0.507749 -0.324571 0)
(-0.529792 -0.243777 0)
(-0.54165 -0.160096 0)
(-0.542884 -0.0775792 0)
(-0.533925 6.80374e-05 0)
(-0.515917 0.0699949 0)
(-0.490468 0.130423 0)
(-0.459316 0.18079 0)
(-0.424094 0.221507 0)
(-0.386225 0.253643 0)
(-0.347147 0.278726 0)
(-0.307987 0.298877 0)
(-0.0275184 -0.597991 0)
(-0.071033 -0.609025 0)
(-0.115624 -0.606321 0)
(-0.160353 -0.598886 0)
(-0.205369 -0.586961 0)
(-0.250464 -0.569792 0)
(-0.295453 -0.546181 0)
(-0.339716 -0.5148 0)
(-0.38215 -0.47454 0)
(-0.421238 -0.424882 0)
(-0.455226 -0.3662 0)
(-0.482359 -0.299901 0)
(-0.50116 -0.228362 0)
(-0.510686 -0.154638 0)
(-0.510691 -0.0820097 0)
(-0.501631 -0.0134725 0)
(-0.484538 0.04865 0)
(-0.460831 0.102865 0)
(-0.432058 0.148637 0)
(-0.399689 0.186247 0)
(-0.365022 0.216545 0)
(-0.32935 0.240777 0)
(-0.293707 0.260659 0)
(-0.0256788 -0.55251 0)
(-0.0669968 -0.563609 0)
(-0.10984 -0.561424 0)
(-0.152939 -0.554294 0)
(-0.196142 -0.542524 0)
(-0.239053 -0.525611 0)
(-0.281368 -0.502712 0)
(-0.322451 -0.472902 0)
(-0.361294 -0.435453 0)
(-0.396586 -0.390121 0)
(-0.426859 -0.337365 0)
(-0.450685 -0.278442 0)
(-0.466904 -0.215337 0)
(-0.474815 -0.150541 0)
(-0.474291 -0.0866956 0)
(-0.465775 -0.0262226 0)
(-0.450174 0.028982 0)
(-0.428717 0.0776784 0)
(-0.402761 0.119367 0)
(-0.373607 0.154227 0)
(-0.342411 0.18292 0)
(-0.310325 0.206446 0)
(-0.278282 0.226187 0)
(-0.0235584 -0.510194 0)
(-0.0619588 -0.520781 0)
(-0.102239 -0.518767 0)
(-0.142895 -0.511897 0)
(-0.183552 -0.500484 0)
(-0.22368 -0.484182 0)
(-0.262885 -0.462403 0)
(-0.300539 -0.434516 0)
(-0.335743 -0.400073 0)
(-0.367384 -0.359019 0)
(-0.394256 -0.31185 0)
(-0.415214 -0.259666 0)
(-0.42935 -0.204115 0)
(-0.436144 -0.147215 0)
(-0.435544 -0.0910934 0)
(-0.427957 -0.0377033 0)
(-0.414167 0.0114083 0)
(-0.39522 0.0552192 0)
(-0.372285 0.0932738 0)
(-0.346494 0.125671 0)
(-0.31886 0.152917 0)
(-0.290391 0.1758 0)
(-0.261919 0.195422 0)
(-0.0213447 -0.471468 0)
(-0.0564374 -0.481142 0)
(-0.0936373 -0.479016 0)
(-0.131317 -0.47233 0)
(-0.16895 -0.461378 0)
(-0.205924 -0.445907 0)
(-0.241787 -0.425491 0)
(-0.275933 -0.399707 0)
(-0.30757 -0.368298 0)
(-0.335771 -0.331331 0)
(-0.359555 -0.289301 0)
(-0.378013 -0.243164 0)
(-0.390443 -0.194282 0)
(-0.396459 -0.144289 0)
(-0.396053 -0.0948945 0)
(-0.389588 -0.0476739 0)
(-0.377731 -0.00389 0)
(-0.361358 0.0356156 0)
(-0.341462 0.0704377 0)
(-0.319009 0.100614 0)
(-0.294875 0.126524 0)
(-0.269928 0.148775 0)
(-0.244906 0.168243 0)
(-0.0191637 -0.436463 0)
(-0.0508218 -0.444993 0)
(-0.0846852 -0.442554 0)
(-0.119095 -0.435973 0)
(-0.153442 -0.425522 0)
(-0.187077 -0.410989 0)
(-0.219522 -0.392052 0)
(-0.250202 -0.368416 0)
(-0.27843 -0.339947 0)
(-0.303436 -0.306783 0)
(-0.324433 -0.269395 0)
(-0.340705 -0.228609 0)
(-0.351713 -0.18555 0)
(-0.357172 -0.141542 0)
(-0.3571 -0.0979588 0)
(-0.351809 -0.0560735 0)
(-0.34186 -0.0169165 0)
(-0.327982 0.0188131 0)
(-0.311 0.0507655 0)
(-0.29173 0.0789337 0)
(-0.270915 0.103591 0)
(-0.2493 0.1252 0)
(-0.227529 0.144451 0)
(-0.017103 -0.40511 0)
(-0.0453819 -0.412404 0)
(-0.0758593 -0.409539 0)
(-0.106903 -0.403003 0)
(-0.137878 -0.39305 0)
(-0.168137 -0.379488 0)
(-0.197201 -0.362045 0)
(-0.22454 -0.340503 0)
(-0.249563 -0.314799 0)
(-0.271634 -0.2851 0)
(-0.290124 -0.251843 0)
(-0.304475 -0.215737 0)
(-0.314275 -0.177715 0)
(-0.319314 -0.138851 0)
(-0.319621 -0.100254 0)
(-0.315462 -0.0629556 0)
(-0.307301 -0.0277973 0)
(-0.295738 0.00463724 0)
(-0.281448 0.034048 0)
(-0.265113 0.0603974 0)
(-0.247358 0.0838755 0)
(-0.228811 0.10483 0)
(-0.210037 0.123794 0)
(-0.0152005 -0.377211 0)
(-0.040276 -0.383283 0)
(-0.0674682 -0.379952 0)
(-0.0952036 -0.373431 0)
(-0.122857 -0.363961 0)
(-0.149813 -0.351351 0)
(-0.175615 -0.335351 0)
(-0.199791 -0.315782 0)
(-0.221835 -0.292613 0)
(-0.241226 -0.266016 0)
(-0.257464 -0.236387 0)
(-0.270116 -0.204333 0)
(-0.278867 -0.17063 0)
(-0.283561 -0.136158 0)
(-0.284234 -0.101816 0)
(-0.281104 -0.0684397 0)
(-0.274549 -0.0367218 0)
(-0.265061 -0.00715115 0)
(-0.253186 0.0200123 0)
(-0.239486 0.044716 0)
(-0.22448 0.0670854 0)
(-0.208698 0.0873746 0)
(-0.192628 0.105993 0)
(-0.0134472 -0.352521 0)
(-0.035563 -0.357436 0)
(-0.0596688 -0.353652 0)
(-0.0842586 -0.347144 0)
(-0.108739 -0.338142 0)
(-0.132545 -0.326443 0)
(-0.155264 -0.311799 0)
(-0.176484 -0.29404 0)
(-0.195782 -0.273148 0)
(-0.212737 -0.249284 0)
(-0.226951 -0.222802 0)
(-0.238089 -0.194223 0)
(-0.245907 -0.164198 0)
(-0.250293 -0.133451 0)
(-0.251279 -0.102719 0)
(-0.249041 -0.0726836 0)
(-0.243885 -0.0439158 0)
(-0.236204 -0.0168269 0)
(-0.226442 0.00835495 0)
(-0.215052 0.0315724 0)
(-0.202465 0.0529023 0)
(-0.189127 0.0725263 0)
(-0.175458 0.0907527 0)
(-0.0117999 -0.330788 0)
(-0.0312258 -0.334612 0)
(-0.0524992 -0.330416 0)
(-0.0741681 -0.323947 0)
(-0.0956844 -0.31541 0)
(-0.116543 -0.304574 0)
(-0.136388 -0.291179 0)
(-0.154877 -0.275051 0)
(-0.171663 -0.25617 0)
(-0.186409 -0.234681 0)
(-0.198803 -0.210899 0)
(-0.208582 -0.185273 0)
(-0.215558 -0.158356 0)
(-0.219647 -0.130751 0)
(-0.220875 -0.103067 0)
(-0.219382 -0.0758648 0)
(-0.215409 -0.049619 0)
(-0.209268 -0.0246763 0)
(-0.201314 -0.00123682 0)
(-0.191911 0.0206402 0)
(-0.181416 0.041001 0)
(-0.170202 0.059971 0)
(-0.158637 0.0777774 0)
(-0.0102007 -0.311793 0)
(-0.0272052 -0.314537 0)
(-0.0459258 -0.309983 0)
(-0.0649208 -0.303599 0)
(-0.0837027 -0.295538 0)
(-0.101835 -0.285523 0)
(-0.119029 -0.273266 0)
(-0.135012 -0.258585 0)
(-0.149513 -0.241452 0)
(-0.162264 -0.222001 0)
(-0.17302 -0.20051 0)
(-0.181574 -0.177374 0)
(-0.18778 -0.153065 0)
(-0.19157 -0.128095 0)
(-0.192966 -0.102972 0)
(-0.192074 -0.0781647 0)
(-0.189079 -0.0540699 0)
(-0.184225 -0.0309813 0)
(-0.177794 -0.00907258 0)
(-0.170077 0.0115995 0)
(-0.161364 0.0310646 0)
(-0.151977 0.0494058 0)
(-0.142238 0.0667864 0)
(-0.00857259 -0.295421 0)
(-0.0234406 -0.296937 0)
(-0.0398941 -0.29208 0)
(-0.0564495 -0.285853 0)
(-0.0727126 -0.278298 0)
(-0.0883268 -0.269065 0)
(-0.103081 -0.257834 0)
(-0.116775 -0.244416 0)
(-0.129203 -0.228781 0)
(-0.140156 -0.211053 0)
(-0.149439 -0.191486 0)
(-0.156886 -0.170429 0)
(-0.162382 -0.148296 0)
(-0.165871 -0.125523 0)
(-0.167366 -0.102543 0)
(-0.166945 -0.0797535 0)
(-0.164748 -0.0574892 0)
(-0.16096 -0.0360011 0)
(-0.155799 -0.0154378 0)
(-0.149495 0.00415451 0)
(-0.142289 0.0228 0)
(-0.134462 0.0405527 0)
(-0.126305 0.0575238 0)
(-0.00680209 -0.281689 0)
(-0.0199011 -0.281513 0)
(-0.0343761 -0.276441 0)
(-0.0486791 -0.27049 0)
(-0.0625913 -0.263489 0)
(-0.0758584 -0.255 0)
(-0.0883573 -0.244677 0)
(-0.099958 -0.232335 0)
(-0.110508 -0.217957 0)
(-0.119841 -0.201663 0)
(-0.127798 -0.183691 0)
(-0.134244 -0.164357 0)
(-0.139084 -0.144023 0)
(-0.142269 -0.123072 0)
(-0.143805 -0.101876 0)
(-0.143749 -0.0807771 0)
(-0.142201 -0.0600657 0)
(-0.139296 -0.0399573 0)
(-0.135194 -0.0205764 0)
(-0.130075 -0.00195238 0)
(-0.124141 0.0159499 0)
(-0.117647 0.0331688 0)
(-0.110864 0.0497682 0)
(-0.00490531 -0.270496 0)
(-0.0166368 -0.267874 0)
(-0.0294266 -0.262816 0)
(-0.0415669 -0.25735 0)
(-0.0532133 -0.25097 0)
(-0.0642476 -0.243169 0)
(-0.0746394 -0.233615 0)
(-0.0843157 -0.222157 0)
(-0.0931588 -0.2088 0)
(-0.101029 -0.193675 0)
(-0.10779 -0.177006 0)
(-0.113326 -0.159081 0)
(-0.117555 -0.140222 0)
(-0.120435 -0.120767 0)
(-0.121968 -0.101042 0)
(-0.122194 -0.0813502 0)
(-0.121183 -0.0619476 0)
(-0.119025 -0.0430259 0)
(-0.115825 -0.0246878 0)
(-0.111711 -0.00693543 0)
(-0.106858 0.0103001 0)
(-0.101514 0.0270541 0)
(-0.0959412 0.0433394 0)
(-0.00361636 -0.261333 0)
(-0.013949 -0.255629 0)
(-0.0252423 -0.251087 0)
(-0.0351227 -0.246406 0)
(-0.0444683 -0.240687 0)
(-0.0533209 -0.233468 0)
(-0.0617189 -0.224508 0)
(-0.0696146 -0.213722 0)
(-0.0768991 -0.201157 0)
(-0.0834404 -0.186955 0)
(-0.0891117 -0.171328 0)
(-0.0938091 -0.154537 0)
(-0.0974616 -0.136872 0)
(-0.100035 -0.118628 0)
(-0.101529 -0.100098 0)
(-0.101976 -0.0815556 0)
(-0.101424 -0.0632387 0)
(-0.0999256 -0.0453283 0)
(-0.0975281 -0.0279136 0)
(-0.0942933 -0.0109566 0)
(-0.0903807 0.0056862 0)
(-0.086059 0.0220608 0)
(-0.081591 0.0381069 0)
(-0.00489439 -0.253446 0)
(-0.0125585 -0.244716 0)
(-0.0220841 -0.241488 0)
(-0.0293416 -0.237846 0)
(-0.0362362 -0.232693 0)
(-0.0429207 -0.225843 0)
(-0.0494228 -0.217239 0)
(-0.0556641 -0.206896 0)
(-0.0615134 -0.194899 0)
(-0.0668297 -0.181394 0)
(-0.0714884 -0.166578 0)
(-0.0753944 -0.150682 0)
(-0.0784869 -0.13396 0)
(-0.0807403 -0.116673 0)
(-0.0821613 -0.0990843 0)
(-0.0827805 -0.0814483 0)
(-0.0826382 -0.0639987 0)
(-0.0817612 -0.0469266 0)
(-0.0801335 -0.0303304 0)
(-0.077721 -0.0141232 0)
(-0.0746706 0.00199769 0)
(-0.0713151 0.0181029 0)
(-0.0679242 0.0340018 0)
(-0.0110937 -0.246007 0)
(-0.0131627 -0.235646 0)
(-0.0198805 -0.234648 0)
(-0.0240169 -0.232006 0)
(-0.0283231 -0.227063 0)
(-0.0328988 -0.220226 0)
(-0.0376274 -0.211691 0)
(-0.0423358 -0.201555 0)
(-0.0468477 -0.189919 0)
(-0.0510081 -0.176913 0)
(-0.0546952 -0.162706 0)
(-0.0578242 -0.147492 0)
(-0.0603467 -0.131489 0)
(-0.0622488 -0.114926 0)
(-0.0635479 -0.0980383 0)
(-0.0642857 -0.0810663 0)
(-0.0645143 -0.0642508 0)
(-0.0642608 -0.0478239 0)
(-0.0634521 -0.0319477 0)
(-0.0618943 -0.0165021 0)
(-0.0597276 -0.000826536 0)
(-0.057387 0.0151652 0)
(-0.0551508 0.0310268 0)
(-0.023439 -0.236779 0)
(-0.0150531 -0.230322 0)
(-0.0177767 -0.231654 0)
(-0.0186468 -0.229173 0)
(-0.0204668 -0.223751 0)
(-0.0231392 -0.216489 0)
(-0.0262754 -0.207744 0)
(-0.0295705 -0.197618 0)
(-0.0328106 -0.186174 0)
(-0.0358414 -0.173502 0)
(-0.0385554 -0.159726 0)
(-0.0408845 -0.145003 0)
(-0.0427951 -0.129515 0)
(-0.0442856 -0.113458 0)
(-0.0453861 -0.0970392 0)
(-0.0461581 -0.0804794 0)
(-0.0466924 -0.0640274 0)
(-0.0470762 -0.0479842 0)
(-0.0472271 -0.0326745 0)
(-0.0466758 -0.0180662 0)
(-0.0456427 -0.00274024 0)
(-0.0445283 0.013385 0)
(-0.0436429 0.0292957 0)
(-0.0431154 -0.217319 0)
(-0.0151249 -0.235025 0)
(-0.014243 -0.234474 0)
(-0.0125836 -0.229564 0)
(-0.0124736 -0.222652 0)
(-0.0136347 -0.214578 0)
(-0.0153937 -0.205446 0)
(-0.0173653 -0.19521 0)
(-0.0193497 -0.183842 0)
(-0.0212272 -0.171366 0)
(-0.0229223 -0.157863 0)
(-0.0243911 -0.143453 0)
(-0.0256153 -0.128286 0)
(-0.0266019 -0.112528 0)
(-0.0273866 -0.096353 0)
(-0.0280457 -0.0799443 0)
(-0.0287233 -0.0635239 0)
(-0.0296445 -0.0474213 0)
(-0.0308789 -0.0321642 0)
(-0.03161 -0.0181831 0)
(-0.0327718 -0.00304473 0)
(-0.0333423 0.0135093 0)
(-0.034104 0.0292351 0)
(-0.0639838 -0.169925 0)
(-0.00834985 -0.254198 0)
(-0.00715976 -0.241504 0)
(-0.00495255 -0.231389 0)
(-0.00423954 -0.222359 0)
(-0.00445312 -0.213361 0)
(-0.00501035 -0.20384 0)
(-0.00567809 -0.193479 0)
(-0.00636255 -0.182127 0)
(-0.00701503 -0.169748 0)
(-0.00760749 -0.156388 0)
(-0.00812472 -0.142144 0)
(-0.00856168 -0.127147 0)
(-0.00892435 -0.111538 0)
(-0.00923481 -0.095452 0)
(-0.00954521 -0.0790035 0)
(-0.00997783 -0.0622891 0)
(-0.0108069 -0.0454443 0)
(-0.0124259 -0.0288823 0)
(-0.0143242 -0.0141189 0)
(-0.0225396 0.000726587 0)
(-0.0254644 0.0169726 0)
(-0.0281176 0.0313836 0)
(0.912538 1.36086 0)
(0.353678 0.866133 0)
(-0.131666 0.745928 0)
(-1.67257 0.353884 0)
(1.44027 1.97012 0)
(1.15749 1.77444 0)
(0.901395 1.5068 0)
(0.489948 1.13149 0)
(1.47279 2.04505 0)
(1.38305 2.11586 0)
(1.23824 1.99372 0)
(1.07807 1.7824 0)
(1.33854 2.06594 0)
(1.32442 2.25666 0)
(1.25225 2.27347 0)
(1.15729 2.16851 0)
(1.17846 2.03729 0)
(1.19889 2.31178 0)
(1.16273 2.44058 0)
(1.10441 2.39589 0)
(1.03032 1.94087 0)
(1.07929 2.30816 0)
(1.08429 2.5234 0)
(1.04327 2.57885 0)
(0.900851 1.76852 0)
(0.971461 2.22 0)
(1.01793 2.53199 0)
(1.02219 2.68759 0)
(0.754192 1.53244 0)
(0.85827 2.04563 0)
(0.936273 2.44118 0)
(0.990887 2.6786 0)
(0.584141 1.3663 0)
(0.712445 1.80208 0)
(0.826229 2.24585 0)
(0.923702 2.54978 0)
(0.372567 1.17409 0)
(0.506971 1.53053 0)
(0.665682 1.95586 0)
(0.805245 2.31645 0)
(0.0616435 0.950026 0)
(0.186212 1.21823 0)
(0.378473 1.59472 0)
(0.569408 1.94125 0)
(-0.284218 0.770767 0)
(-0.211485 0.929367 0)
(-0.0777648 1.18845 0)
(0.114793 1.49012 0)
(-0.503956 0.715991 0)
(-0.488861 0.788969 0)
(-0.443041 0.920022 0)
(-0.345433 1.12095 0)
(-0.536599 0.726504 0)
(-0.53483 0.76867 0)
(-0.52128 0.834874 0)
(-0.479369 0.941251 0)
(-0.480067 0.716818 0)
(-0.466035 0.749921 0)
(-0.445774 0.791395 0)
(-0.412601 0.849752 0)
(-0.416754 0.676172 0)
(-0.392459 0.701528 0)
(-0.363829 0.729574 0)
(-0.3284 0.763883 0)
(-0.369824 0.621323 0)
(-0.341724 0.640162 0)
(-0.310637 0.659407 0)
(-0.275777 0.680799 0)
(-0.339202 0.562812 0)
(-0.310942 0.577065 0)
(-0.280781 0.590903 0)
(-0.248525 0.605264 0)
(-0.319993 0.505422 0)
(-0.293107 0.516717 0)
(-0.265077 0.527359 0)
(-0.235911 0.537879 0)
(-0.307288 0.45116 0)
(-0.282304 0.460663 0)
(-0.256669 0.469477 0)
(-0.23045 0.477915 0)
(-0.297377 0.40074 0)
(-0.274413 0.409238 0)
(-0.251111 0.417069 0)
(-0.227549 0.424434 0)
(-0.287931 0.354366 0)
(-0.266968 0.362363 0)
(-0.245863 0.369733 0)
(-0.224684 0.376618 0)
(-0.27776 0.31204 0)
(-0.258743 0.319843 0)
(-0.2397 0.327068 0)
(-0.220687 0.333814 0)
(-0.26641 0.273693 0)
(-0.249277 0.281478 0)
(-0.232178 0.288734 0)
(-0.215161 0.295528 0)
(-0.25384 0.239235 0)
(-0.238521 0.247088 0)
(-0.223257 0.254456 0)
(-0.208096 0.261385 0)
(-0.240218 0.208542 0)
(-0.226626 0.216486 0)
(-0.213088 0.223983 0)
(-0.199649 0.231064 0)
(-0.225796 0.181426 0)
(-0.213824 0.189442 0)
(-0.201891 0.197048 0)
(-0.19004 0.204265 0)
(-0.21083 0.15764 0)
(-0.200355 0.165692 0)
(-0.189899 0.173369 0)
(-0.1795 0.180685 0)
(-0.195546 0.136912 0)
(-0.186438 0.144955 0)
(-0.177328 0.152661 0)
(-0.168248 0.160033 0)
(-0.180132 0.118963 0)
(-0.172261 0.126957 0)
(-0.164367 0.134647 0)
(-0.156481 0.142033 0)
(-0.16474 0.10352 0)
(-0.157978 0.11143 0)
(-0.151178 0.119067 0)
(-0.144367 0.126426 0)
(-0.149491 0.0903184 0)
(-0.143717 0.0981186 0)
(-0.137893 0.105672 0)
(-0.132047 0.112972 0)
(-0.134474 0.0791 0)
(-0.129574 0.0867771 0)
(-0.124619 0.0942282 0)
(-0.119633 0.101447 0)
(-0.119756 0.0696256 0)
(-0.115627 0.0771773 0)
(-0.111442 0.0845197 0)
(-0.107225 0.0916474 0)
(-0.105388 0.0616825 0)
(-0.101942 0.0691171 0)
(-0.0984452 0.0763552 0)
(-0.0949172 0.0833916 0)
(-0.0914301 0.0550954 0)
(-0.0885982 0.0624296 0)
(-0.0857237 0.0695762 0)
(-0.0828214 0.0765296 0)
(-0.077975 0.0497375 0)
(-0.0757116 0.0569922 0)
(-0.0734146 0.0640641 0)
(-0.0710937 0.0709465 0)
(-0.0651816 0.0455409 0)
(-0.0634693 0.0527362 0)
(-0.0617288 0.0597471 0)
(-0.0599644 0.0665662 0)
(-0.053318 0.0425043 0)
(-0.0521698 0.0496504 0)
(-0.050987 0.0566004 0)
(-0.0497695 0.0633491 0)
(-0.0428077 0.0406983 0)
(-0.0422608 0.047773 0)
(-0.0416479 0.0546303 0)
(-0.0409674 0.0612714 0)
(-0.0343286 0.0402964 0)
(-0.0343915 0.0471605 0)
(-0.0343262 0.0538181 0)
(-0.0341369 0.060264 0)
(-0.0291832 0.0416488 0)
(-0.029621 0.0480433 0)
(-0.0298809 0.0542673 0)
(-0.0300095 0.0603074 0)
(-0.62582 0.534182 0)
(-0.590932 0.246478 0)
(-0.490404 0.0974643 0)
(-0.439697 -0.00802761 0)
(-0.385733 -0.0707274 0)
(-0.335144 -0.103649 0)
(-0.288831 -0.120527 0)
(-0.246447 -0.126858 0)
(-0.207414 -0.125098 0)
(-0.171901 -0.117296 0)
(-0.140394 -0.105894 0)
(-0.113162 -0.0932355 0)
(-0.0900139 -0.0810985 0)
(-0.0703879 -0.0705545 0)
(-0.0535817 -0.0621876 0)
(-0.038932 -0.0563463 0)
(-0.0259394 -0.0533146 0)
(-0.0147325 -0.05366 0)
(-0.00377215 -0.0567962 0)
(-0.245953 0.498712 0)
(-0.4091 0.212309 0)
(-0.473235 0.0677972 0)
(-0.467384 -0.0507578 0)
(-0.415267 -0.1214 0)
(-0.351271 -0.153632 0)
(-0.292174 -0.16596 0)
(-0.241244 -0.167396 0)
(-0.197519 -0.161147 0)
(-0.159883 -0.149003 0)
(-0.12779 -0.133241 0)
(-0.100856 -0.116392 0)
(-0.0785361 -0.100527 0)
(-0.0600642 -0.0869056 0)
(-0.0446349 -0.0761194 0)
(-0.0315578 -0.0683967 0)
(-0.0203606 -0.0638272 0)
(-0.0111693 -0.062564 0)
(-0.00245523 -0.0641664 0)
(0.548784 1.27211 0)
(-0.221272 0.475306 0)
(-0.40302 0.163685 0)
(-0.484541 -0.056753 0)
(-0.448629 -0.176133 0)
(-0.368982 -0.217483 0)
(-0.292247 -0.2229 0)
(-0.229757 -0.214797 0)
(-0.180264 -0.200344 0)
(-0.140651 -0.181506 0)
(-0.108747 -0.16007 0)
(-0.083134 -0.13834 0)
(-0.0626954 -0.118382 0)
(-0.0463789 -0.10148 0)
(-0.0332421 -0.0881442 0)
(-0.0225536 -0.0784188 0)
(-0.0138286 -0.0721745 0)
(-0.00720483 -0.0692379 0)
(-0.00112343 -0.0692278 0)
(0.879106 1.85047 0)
(0.0964119 1.01444 0)
(-0.336158 0.418171 0)
(-0.506844 -0.0140134 0)
(-0.490997 -0.239845 0)
(-0.387611 -0.303759 0)
(-0.286004 -0.296828 0)
(-0.208973 -0.271418 0)
(-0.153489 -0.243214 0)
(-0.112922 -0.214436 0)
(-0.0826637 -0.185633 0)
(-0.0598489 -0.158224 0)
(-0.0426116 -0.133838 0)
(-0.0295778 -0.11354 0)
(-0.0196724 -0.0976267 0)
(-0.0121402 -0.0858807 0)
(-0.00649456 -0.0779384 0)
(-0.00286757 -0.0734004 0)
(0.000363482 -0.0717362 0)
(0.939103 2.21071 0)
(0.343614 1.51157 0)
(-0.25532 0.78494 0)
(-0.511676 0.0743234 0)
(-0.520492 -0.319466 0)
(-0.393479 -0.421738 0)
(-0.26375 -0.392137 0)
(-0.172687 -0.337647 0)
(-0.11366 -0.288455 0)
(-0.074925 -0.246038 0)
(-0.0488308 -0.208244 0)
(-0.0308899 -0.174574 0)
(-0.0184771 -0.145688 0)
(-0.00996904 -0.122126 0)
(-0.00423494 -0.103804 0)
(-0.000563485 -0.090204 0)
(0.00145841 -0.0806948 0)
(0.00180642 -0.074719 0)
(0.00203468 -0.0716272 0)
(0.944213 2.49684 0)
(0.569722 2.0344 0)
(-0.0701417 1.26264 0)
(-0.416168 0.215086 0)
(-0.476595 -0.403191 0)
(-0.352039 -0.566288 0)
(-0.206581 -0.50487 0)
(-0.111147 -0.408585 0)
(-0.0562782 -0.331652 0)
(-0.0248388 -0.272814 0)
(-0.00677211 -0.225268 0)
(0.00358551 -0.185455 0)
(0.00928114 -0.152523 0)
(0.0119704 -0.12622 0)
(0.0126474 -0.105957 0)
(0.0118576 -0.0908777 0)
(0.00987528 -0.0800968 0)
(0.00672479 -0.0729052 0)
(0.00376338 -0.0688783 0)
(0.956775 2.65674 0)
(0.708898 2.33456 0)
(0.240784 1.76953 0)
(-0.150265 0.442323 0)
(-0.273238 -0.448208 0)
(-0.213128 -0.700338 0)
(-0.0916097 -0.613539 0)
(-0.0143897 -0.471859 0)
(0.021916 -0.364302 0)
(0.0378335 -0.28919 0)
(0.0429213 -0.233111 0)
(0.0426545 -0.188565 0)
(0.0397382 -0.152859 0)
(0.0354428 -0.124858 0)
(0.0303579 -0.103468 0)
(0.024693 -0.0875089 0)
(0.018487 -0.0759079 0)
(0.0117073 -0.0678585 0)
(0.00546461 -0.0632501 0)
(1.00664 2.79035 0)
(0.847333 2.63217 0)
(0.543296 2.15648 0)
(0.308696 0.746318 0)
(0.14244 -0.403061 0)
(0.0577806 -0.763546 0)
(0.0907495 -0.677488 0)
(0.118929 -0.503797 0)
(0.120016 -0.373812 0)
(0.110558 -0.288403 0)
(0.0976941 -0.228013 0)
(0.0841872 -0.181751 0)
(0.0712588 -0.145463 0)
(0.0592444 -0.11735 0)
(0.0480424 -0.0959665 0)
(0.0373694 -0.0799327 0)
(0.0269397 -0.068084 0)
(0.0165789 -0.0596068 0)
(0.00711228 -0.0547083 0)
(1.03978 2.78357 0)
(1.07007 2.77099 0)
(0.910851 2.38865 0)
(0.873282 1.04449 0)
(0.669547 -0.253908 0)
(0.427846 -0.710617 0)
(0.32559 -0.653668 0)
(0.274573 -0.479503 0)
(0.226753 -0.348689 0)
(0.186071 -0.265103 0)
(0.152686 -0.207408 0)
(0.124877 -0.163768 0)
(0.101586 -0.129765 0)
(0.0818418 -0.103487 0)
(0.0646696 -0.0834354 0)
(0.0492083 -0.0682345 0)
(0.0348039 -0.0567676 0)
(0.0210999 -0.0483086 0)
(0.0086292 -0.0434125 0)
(0.99444 2.64919 0)
(1.2195 2.70169 0)
(1.30136 2.28178 0)
(1.33226 1.26619 0)
(1.14879 -0.0214592 0)
(0.798622 -0.541007 0)
(0.560562 -0.526719 0)
(0.421904 -0.389872 0)
(0.324747 -0.2853 0)
(0.254193 -0.218242 0)
(0.201623 -0.171201 0)
(0.160751 -0.134891 0)
(0.128176 -0.106171 0)
(0.101589 -0.0836968 0)
(0.0791691 -0.0662809 0)
(0.0595206 -0.0527886 0)
(0.041657 -0.0423032 0)
(0.025052 -0.0342781 0)
(0.00995309 -0.0296764 0)
(0.845302 2.38519 0)
(1.18199 2.53332 0)
(1.42718 2.16496 0)
(1.50951 1.31078 0)
(1.42184 0.299321 0)
(1.06111 -0.25624 0)
(0.730752 -0.312907 0)
(0.52642 -0.247382 0)
(0.395271 -0.191365 0)
(0.304538 -0.152522 0)
(0.238425 -0.122407 0)
(0.188126 -0.0971876 0)
(0.148749 -0.0761656 0)
(0.117043 -0.0590683 0)
(0.0906138 -0.0453279 0)
(0.0677089 -0.0342449 0)
(0.0471147 -0.0252264 0)
(0.0281905 -0.0179772 0)
(0.0109635 -0.0139085 0)
(0.494371 1.96766 0)
(0.899908 2.17294 0)
(1.31032 1.95054 0)
(1.46173 1.28331 0)
(1.37875 0.439368 0)
(1.07472 0.0289915 0)
(0.766663 -0.0737321 0)
(0.560366 -0.0873178 0)
(0.425509 -0.0850062 0)
(0.330096 -0.0775388 0)
(0.259116 -0.0666043 0)
(0.204654 -0.05418 0)
(0.161852 -0.042076 0)
(0.127273 -0.0312018 0)
(0.0983948 -0.0217178 0)
(0.0733757 -0.0134646 0)
(0.05093 -0.00620847 0)
(0.0303905 6.4301e-05 0)
(0.0116442 0.00349579 0)
(0.00105515 1.49243 0)
(0.414786 1.69583 0)
(0.828001 1.56055 0)
(1.12329 1.10125 0)
(1.07648 0.590483 0)
(0.894332 0.271941 0)
(0.687831 0.123031 0)
(0.531403 0.0513632 0)
(0.41763 0.0139633 0)
(0.331014 -0.00397141 0)
(0.26341 -0.0101483 0)
(0.210013 -0.00987766 0)
(0.167178 -0.00652137 0)
(0.13202 -0.00186473 0)
(0.102314 0.00328815 0)
(0.0763786 0.00860956 0)
(0.0530196 0.0139886 0)
(0.0316112 0.0191796 0)
(0.0119781 0.0218832 0)
(-0.303035 1.15609 0)
(0.0552694 1.34284 0)
(0.406917 1.25436 0)
(0.672382 0.990913 0)
(0.736455 0.662465 0)
(0.675289 0.406308 0)
(0.56971 0.247364 0)
(0.469575 0.152247 0)
(0.384486 0.0945743 0)
(0.313197 0.0606468 0)
(0.254191 0.0418542 0)
(0.205645 0.0322645 0)
(0.165458 0.0281295 0)
(0.131648 0.0272688 0)
(0.102542 0.0284581 0)
(0.0767908 0.0310311 0)
(0.0533939 0.0345995 0)
(0.0318436 0.0387071 0)
(0.0119623 0.0406564 0)
(-0.310933 0.966014 0)
(-0.0565803 1.07728 0)
(0.209776 1.02797 0)
(0.410344 0.857841 0)
(0.499887 0.642997 0)
(0.501109 0.452529 0)
(0.45646 0.314132 0)
(0.397804 0.219135 0)
(0.338591 0.155182 0)
(0.283862 0.113282 0)
(0.235572 0.0865668 0)
(0.193889 0.0699894 0)
(0.158039 0.0601501 0)
(0.126951 0.0548667 0)
(0.0995558 0.0527581 0)
(0.0748972 0.0529676 0)
(0.0522212 0.0549417 0)
(0.0311756 0.0580678 0)
(0.0116306 0.0593033 0)
(-0.250002 0.826573 0)
(-0.0726261 0.880714 0)
(0.113882 0.845657 0)
(0.261479 0.737507 0)
(0.345422 0.595239 0)
(0.370895 0.458054 0)
(0.358378 0.34576 0)
(0.327103 0.260388 0)
(0.288545 0.198001 0)
(0.248916 0.153737 0)
(0.211379 0.123038 0)
(0.177175 0.102209 0)
(0.146468 0.0885209 0)
(0.118918 0.0800386 0)
(0.0939899 0.0754207 0)
(0.0710994 0.0737622 0)
(0.0497461 0.0744376 0)
(0.0297426 0.0767412 0)
(0.0110317 0.0773347 0)
(-0.209207 0.716816 0)
(-0.0788311 0.742013 0)
(0.0546289 0.716093 0)
(0.165214 0.644007 0)
(0.237592 0.546603 0)
(0.271233 0.446027 0)
(0.275782 0.356692 0)
(0.262393 0.283524 0)
(0.239458 0.226407 0)
(0.212444 0.183262 0)
(0.184599 0.151492 0)
(0.157614 0.12867 0)
(0.13221 0.112786 0)
(0.108556 0.102267 0)
(0.0865272 0.0959322 0)
(0.065851 0.0929305 0)
(0.0462554 0.0926369 0)
(0.0277058 0.0943038 0)
(0.0102228 0.0943445 0)
(-0.191031 0.627934 0)
(-0.0899557 0.640086 0)
(0.0104626 0.620149 0)
(0.0964498 0.569975 0)
(0.15819 0.50075 0)
(0.19374 0.425865 0)
(0.207412 0.355337 0)
(0.205607 0.294131 0)
(0.194049 0.243702 0)
(0.177009 0.203653 0)
(0.15736 0.17278 0)
(0.136866 0.149652 0)
(0.116514 0.132903 0)
(0.0967799 0.121343 0)
(0.0778209 0.114008 0)
(0.0596036 0.11016 0)
(0.0420428 0.109221 0)
(0.0252319 0.110441 0)
(0.00926198 0.110022 0)
(-0.185787 0.553661 0)
(-0.10382 0.560144 0)
(-0.0244597 0.544933 0)
(0.0450061 0.509005 0)
(0.098196 0.458719 0)
(0.13308 0.402341 0)
(0.15148 0.346771 0)
(0.157033 0.296245 0)
(0.153508 0.252736 0)
(0.144063 0.216755 0)
(0.131063 0.187986 0)
(0.116147 0.165716 0)
(0.100368 0.149094 0)
(0.0843571 0.137284 0)
(0.0684464 0.129548 0)
(0.0527696 0.125286 0)
(0.0373836 0.123995 0)
(0.0224784 0.124942 0)
(0.00820282 0.124152 0)
(-0.18631 0.490199 0)
(-0.11755 0.49471 0)
(-0.0522003 0.483616 0)
(0.00577747 0.457669 0)
(0.0522326 0.420672 0)
(0.0854313 0.377879 0)
(0.106049 0.334093 0)
(0.116136 0.292729 0)
(0.118134 0.255794 0)
(0.11432 0.22422 0)
(0.106564 0.198209 0)
(0.096289 0.177531 0)
(0.0845058 0.161726 0)
(0.0718941 0.150255 0)
(0.0588794 0.142589 0)
(0.0457018 0.138267 0)
(0.0325184 0.136871 0)
(0.0195828 0.137697 0)
(0.00708762 0.136607 0)
(-0.188364 0.43505 0)
(-0.129304 0.439492 0)
(-0.0738443 0.432098 0)
(-0.0242517 0.413543 0)
(0.0168237 0.386252 0)
(0.0479617 0.35367 0)
(0.0693274 0.319213 0)
(0.0820693 0.285588 0)
(0.0877655 0.254635 0)
(0.0880353 0.227429 0)
(0.0843258 0.204451 0)
(0.0778232 0.185778 0)
(0.0694403 0.171233 0)
(0.0598425 0.16051 0)
(0.0494907 0.153261 0)
(0.0386849 0.149152 0)
(0.0276458 0.147849 0)
(0.0166579 0.148679 0)
(0.0059445 0.147334 0)
(-0.189745 0.386571 0)
(-0.138244 0.39187 0)
(-0.0902372 0.387811 0)
(-0.0470517 0.374984 0)
(-0.0104345 0.355036 0)
(0.0185379 0.330324 0)
(0.0397805 0.303334 0)
(0.0539353 0.276211 0)
(0.0620236 0.250571 0)
(0.0651927 0.227486 0)
(0.0645467 0.207572 0)
(0.0610527 0.191091 0)
(0.0555041 0.17806 0)
(0.0485182 0.168348 0)
(0.0405539 0.161753 0)
(0.0319369 0.158056 0)
(0.0229236 0.156998 0)
(0.0138005 0.157931 0)
(0.00481288 0.156308 0)
(-0.189494 0.343671 0)
(-0.144194 0.350232 0)
(-0.102133 0.349146 0)
(-0.0640916 0.3409 0)
(-0.031262 0.326675 0)
(-0.00445628 0.308162 0)
(0.0161506 0.287216 0)
(0.0308986 0.265554 0)
(0.0404522 0.244564 0)
(0.045625 0.225258 0)
(0.0472542 0.208293 0)
(0.0461181 0.194036 0)
(0.0428905 0.182632 0)
(0.0381254 0.174079 0)
(0.0322575 0.168288 0)
(0.0256159 0.165134 0)
(0.0184717 0.164428 0)
(0.0110989 0.165538 0)
(0.00375163 0.163594 0)
(-0.187347 0.305594 0)
(-0.147329 0.313541 0)
(-0.11022 0.315063 0)
(-0.0764783 0.310556 0)
(-0.0469429 0.300894 0)
(-0.0222435 0.287345 0)
(-0.00257729 0.271342 0)
(0.012223 0.254271 0)
(0.0225853 0.237319 0)
(0.0290892 0.22141 0)
(0.0323697 0.207198 0)
(0.0330481 0.1951 0)
(0.0316897 0.18534 0)
(0.0287805 0.178005 0)
(0.0247206 0.173096 0)
(0.0198278 0.170563 0)
(0.0143744 0.170273 0)
(0.00861841 0.171606 0)
(0.00280128 0.169327 0)
(-0.183367 0.271793 0)
(-0.14796 0.281085 0)
(-0.115102 0.284861 0)
(-0.0850609 0.283432 0)
(-0.0584499 0.277465 0)
(-0.0357682 0.267945 0)
(-0.0172165 0.256015 0)
(-0.00272567 0.242811 0)
(0.0079798 0.229349 0)
(0.0153117 0.216458 0)
(0.0197524 0.204763 0)
(0.0217979 0.194697 0)
(0.0219181 0.186532 0)
(0.0205343 0.180414 0)
(0.0180071 0.17641 0)
(0.0146352 0.174528 0)
(0.0106829 0.174683 0)
(0.00639396 0.176261 0)
(0.0019775 0.173659 0)
(-0.177745 0.241837 0)
(-0.146429 0.252343 0)
(-0.117299 0.258034 0)
(-0.0905093 0.259143 0)
(-0.066532 0.256195 0)
(-0.0457742 0.249978 0)
(-0.0284286 0.241423 0)
(-0.0144857 0.231482 0)
(-0.00377029 0.221026 0)
(0.00401258 0.210792 0)
(0.00922924 0.201364 0)
(0.0122758 0.193172 0)
(0.0135418 0.186512 0)
(0.0133891 0.181568 0)
(0.0121391 0.178452 0)
(0.0100668 0.17722 0)
(0.00742272 0.177821 0)
(0.00443808 0.179641 0)
(0.00127004 0.176752 0)
(-0.170717 0.215357 0)
(-0.143068 0.226903 0)
(-0.117251 0.234192 0)
(-0.0933634 0.23739 0)
(-0.0717836 0.236919 0)
(-0.0528542 0.233424 0)
(-0.0367571 0.227682 0)
(-0.023518 0.220497 0)
(-0.0130291 0.212623 0)
(-0.00507893 0.204714 0)
(0.000612901 0.197307 0)
(0.00436305 0.190815 0)
(0.00649335 0.185545 0)
(0.00731332 0.181702 0)
(0.00710743 0.179432 0)
(0.0061251 0.178822 0)
(0.00459823 0.179851 0)
(0.00274933 0.181902 0)
(0.000678716 0.178769 0)
(-0.162529 0.192028 0)
(-0.138181 0.204423 0)
(-0.115337 0.213018 0)
(-0.0940665 0.217927 0)
(-0.0746857 0.219491 0)
(-0.0574907 0.218249 0)
(-0.0426523 0.214857 0)
(-0.0302173 0.210003 0)
(-0.0201229 0.204342 0)
(-0.0122177 0.198455 0)
(-0.00628635 0.192832 0)
(-0.00207376 0.187866 0)
(0.000684137 0.183856 0)
(0.00225135 0.181026 0)
(0.0028804 0.17954 0)
(0.00279297 0.179511 0)
(0.00220157 0.180936 0)
(0.00132126 0.183203 0)
(0.000187663 0.179865 0)
(-0.153413 0.171551 0)
(-0.132043 0.184605 0)
(-0.111881 0.194248 0)
(-0.0929874 0.200548 0)
(-0.0756342 0.203783 0)
(-0.0600823 0.204407 0)
(-0.0464921 0.202981 0)
(-0.0349223 0.200098 0)
(-0.0253411 0.19633 0)
(-0.0176398 0.192194 0)
(-0.0116526 0.188134 0)
(-0.00717537 0.184519 0)
(-0.00398824 0.181639 0)
(-0.00186644 0.179726 0)
(-0.000588703 0.178953 0)
(4.16165e-05 0.17945 0)
(0.000212629 0.181235 0)
(0.000139234 0.183707 0)
(-0.000211114 0.180179 0)
(-0.14358 0.153653 0)
(-0.124893 0.167193 0)
(-0.10716 0.177658 0)
(-0.0904359 0.185079 0)
(-0.0749591 0.189682 0)
(-0.060963 0.191851 0)
(-0.048597 0.192068 0)
(-0.0379266 0.190848 0)
(-0.0289407 0.188695 0)
(-0.0215623 0.186066 0)
(-0.0156633 0.183366 0)
(-0.0110799 0.180937 0)
(-0.00762866 0.179058 0)
(-0.00511834 0.177961 0)
(-0.00335888 0.177826 0)
(-0.00217163 0.178791 0)
(-0.00138764 0.18089 0)
(-0.000818842 0.18356 0)
(-0.000543489 0.179856 0)
(-0.133214 0.13808 0)
(-0.116942 0.151957 0)
(-0.101413 0.163053 0)
(-0.0866748 0.171368 0)
(-0.0729395 0.177085 0)
(-0.0604157 0.180528 0)
(-0.0492417 0.182116 0)
(-0.0394856 0.182297 0)
(-0.0311507 0.181514 0)
(-0.0241834 0.180177 0)
(-0.0184849 0.178651 0)
(-0.0139231 0.177253 0)
(-0.0103456 0.176251 0)
(-0.00758974 0.17587 0)
(-0.00549127 0.176295 0)
(-0.00389072 0.17767 0)
(-0.00263751 0.180037 0)
(-0.00156202 0.182859 0)
(-0.000789878 0.17907 0)
(-0.122465 0.124601 0)
(-0.108367 0.138692 0)
(-0.094844 0.150259 0)
(-0.0819299 0.15928 0)
(-0.0698147 0.165897 0)
(-0.0586837 0.170387 0)
(-0.0486642 0.173112 0)
(-0.0398239 0.174467 0)
(-0.0321759 0.174842 0)
(-0.0256842 0.174604 0)
(-0.020273 0.174084 0)
(-0.0158357 0.173575 0)
(-0.0122458 0.173332 0)
(-0.00936507 0.173573 0)
(-0.0070516 0.174483 0)
(-0.00516439 0.17621 0)
(-0.00357044 0.178799 0)
(-0.00211206 0.181737 0)
(-0.000960732 0.177925 0)
(-0.111461 0.113005 0)
(-0.0993272 0.127214 0)
(-0.0876327 0.139124 0)
(-0.0763996 0.148694 0)
(-0.0657945 0.156032 0)
(-0.0559811 0.161375 0)
(-0.047075 0.165038 0)
(-0.0391421 0.167369 0)
(-0.0322017 0.168715 0)
(-0.0262315 0.169406 0)
(-0.0211735 0.169741 0)
(-0.0169424 0.169992 0)
(-0.0134331 0.170399 0)
(-0.0105288 0.171173 0)
(-0.00810684 0.172497 0)
(-0.00604332 0.174519 0)
(-0.0042214 0.177287 0)
(-0.00249348 0.180306 0)
(-0.00106992 0.176524 0)
(-0.100314 0.103104 0)
(-0.0899637 0.117361 0)
(-0.079944 0.129513 0)
(-0.0702649 0.139501 0)
(-0.0610698 0.147409 0)
(-0.0525021 0.153439 0)
(-0.0446658 0.157868 0)
(-0.0376237 0.161004 0)
(-0.0313994 0.163157 0)
(-0.0259807 0.164625 0)
(-0.0213245 0.16568 0)
(-0.0173629 0.166573 0)
(-0.0140092 0.167531 0)
(-0.011165 0.168755 0)
(-0.00872466 0.170427 0)
(-0.00657959 0.172691 0)
(-0.0046275 0.175596 0)
(-0.00273046 0.178666 0)
(-0.001128 0.174957 0)
(-0.0891391 0.0947352 0)
(-0.08042 0.108992 0)
(-0.0719411 0.121304 0)
(-0.0637023 0.131602 0)
(-0.0558247 0.139952 0)
(-0.0484327 0.146526 0)
(-0.0416193 0.151571 0)
(-0.0354436 0.155362 0)
(-0.0299323 0.158179 0)
(-0.0250813 0.16029 0)
(-0.0208597 0.161944 0)
(-0.0172144 0.163374 0)
(-0.0140748 0.164792 0)
(-0.0113581 0.166392 0)
(-0.00897386 0.168349 0)
(-0.00682683 0.170806 0)
(-0.00482754 0.173811 0)
(-0.00284782 0.176901 0)
(-0.00114518 0.173301 0)
(-0.0780736 0.0877628 0)
(-0.0708581 0.101986 0)
(-0.0638028 0.114391 0)
(-0.0569002 0.124908 0)
(-0.0502513 0.133587 0)
(-0.0439637 0.140581 0)
(-0.0381207 0.146111 0)
(-0.0327781 0.150426 0)
(-0.0279648 0.15378 0)
(-0.0236838 0.156416 0)
(-0.0199145 0.158562 0)
(-0.0166165 0.160435 0)
(-0.0137331 0.162233 0)
(-0.0111954 0.164141 0)
(-0.00892606 0.166327 0)
(-0.00684141 0.168932 0)
(-0.00486274 0.172 0)
(-0.00287208 0.175086 0)
(-0.0011323 0.171615 0)
(-0.0673002 0.0820784 0)
(-0.0614817 0.0962389 0)
(-0.0557441 0.108679 0)
(-0.0500772 0.119332 0)
(-0.0445663 0.128242 0)
(-0.0393055 0.135546 0)
(-0.034371 0.141446 0)
(-0.0298163 0.14617 0)
(-0.0256725 0.149948 0)
(-0.0219486 0.153005 0)
(-0.0186332 0.155549 0)
(-0.0156968 0.157781 0)
(-0.013095 0.159887 0)
(-0.010771 0.162042 0)
(-0.0086589 0.164409 0)
(-0.00668492 0.167122 0)
(-0.00477874 0.170221 0)
(-0.00283316 0.173277 0)
(-0.00110188 0.169942 0)
(-0.0570755 0.0775993 0)
(-0.0525606 0.0916621 0)
(-0.0480368 0.104077 0)
(-0.0434997 0.114788 0)
(-0.0390259 0.123837 0)
(-0.0347019 0.131353 0)
(-0.0305994 0.137522 0)
(-0.0267715 0.142554 0)
(-0.0232518 0.14666 0)
(-0.0200547 0.150046 0)
(-0.0171768 0.152906 0)
(-0.014598 0.155424 0)
(-0.0122847 0.157775 0)
(-0.0101909 0.160126 0)
(-0.00826062 0.16263 0)
(-0.00642823 0.165413 0)
(-0.00462902 0.168514 0)
(-0.00276723 0.171516 0)
(-0.00106946 0.168303 0)
(-0.047751 0.0742625 0)
(-0.0444434 0.0881728 0)
(-0.041018 0.100493 0)
(-0.0374882 0.111184 0)
(-0.0339319 0.12029 0)
(-0.0304344 0.127931 0)
(-0.0270673 0.134281 0)
(-0.0238848 0.139532 0)
(-0.0209234 0.143882 0)
(-0.0182026 0.147519 0)
(-0.0157256 0.150623 0)
(-0.0134807 0.153364 0)
(-0.0114434 0.155908 0)
(-0.00957752 0.158409 0)
(-0.00783548 0.161013 0)
(-0.00615807 0.163835 0)
(-0.00448234 0.166907 0)
(-0.00272407 0.169829 0)
(-0.00105618 0.166698 0)
(-0.0397724 0.0719988 0)
(-0.0375445 0.0856637 0)
(-0.0350716 0.0978021 0)
(-0.0323975 0.108391 0)
(-0.0296114 0.117475 0)
(-0.0268045 0.125164 0)
(-0.0240513 0.131619 0)
(-0.021409 0.137018 0)
(-0.0189175 0.141541 0)
(-0.0166006 0.145365 0)
(-0.0144672 0.148654 0)
(-0.0125128 0.151569 0)
(-0.0107209 0.154262 0)
(-0.00906381 0.156881 0)
(-0.00750213 0.159557 0)
(-0.00598153 0.162396 0)
(-0.00443533 0.165414 0)
(-0.00278244 0.16822 0)
(-0.00109788 0.165062 0)
(-0.033656 0.0706708 0)
(-0.0323091 0.0839119 0)
(-0.0305863 0.0957253 0)
(-0.0285705 0.106101 0)
(-0.0263699 0.115072 0)
(-0.0240846 0.122734 0)
(-0.0217946 0.129229 0)
(-0.0195605 0.134717 0)
(-0.0174253 0.139365 0)
(-0.0154167 0.14333 0)
(-0.0135481 0.146768 0)
(-0.0118208 0.149826 0)
(-0.0102254 0.152647 0)
(-0.00874235 0.155367 0)
(-0.00734197 0.15811 0)
(-0.00597908 0.160965 0)
(-0.00458879 0.16393 0)
(-0.00310112 0.166621 0)
(-0.00132641 0.163464 0)
(-0.0300175 0.0700904 0)
(-0.0292551 0.0826579 0)
(-0.0279818 0.0939865 0)
(-0.0263471 0.10404 0)
(-0.0244834 0.112824 0)
(-0.0224987 0.120407 0)
(-0.0204767 0.126906 0)
(-0.0184797 0.132459 0)
(-0.0165525 0.137213 0)
(-0.0147242 0.141309 0)
(-0.0130108 0.144887 0)
(-0.0114169 0.148082 0)
(-0.00993741 0.151025 0)
(-0.00855872 0.15384 0)
(-0.00725872 0.156637 0)
(-0.00600283 0.159481 0)
(-0.0047363 0.162308 0)
(-0.00339436 0.164559 0)
(-0.00162651 0.160171 0)
)
;

boundaryField
{
    leftWall
    {
        type            noSlip;
    }
    rightWall
    {
        type            noSlip;
    }
    lowerWall
    {
        type            noSlip;
    }
    atmosphere
    {
        type            pressureInletOutletVelocity;
        value           nonuniform List<vector> 
46
(
(0 -0.169925 0)
(0 -0.254198 0)
(0 -0.241504 0)
(0 -0.231389 0)
(0 -0.222359 0)
(0 -0.213361 0)
(0 -0.20384 0)
(0 -0.193479 0)
(0 -0.182127 0)
(0 -0.169748 0)
(0 -0.156388 0)
(0 -0.142144 0)
(0 -0.127147 0)
(0 -0.111538 0)
(0 -0.095452 0)
(0 -0.0790035 0)
(0 -0.0622891 0)
(0 -0.0454443 0)
(0 -0.0288823 0)
(0 -0.0141189 0)
(-0.0225396 0.000726587 0)
(-0.0254644 0.0169726 0)
(-0.0281176 0.0313836 0)
(-0.0291832 0.0416488 0)
(-0.029621 0.0480433 0)
(-0.0298809 0.0542673 0)
(-0.0300095 0.0603074 0)
(-0.0300175 0.0700904 0)
(-0.0292551 0.0826579 0)
(-0.0279818 0.0939865 0)
(-0.0263471 0.10404 0)
(-0.0244834 0.112824 0)
(-0.0224987 0.120407 0)
(-0.0204767 0.126906 0)
(-0.0184797 0.132459 0)
(-0.0165525 0.137213 0)
(-0.0147242 0.141309 0)
(-0.0130108 0.144887 0)
(-0.0114169 0.148082 0)
(-0.00993741 0.151025 0)
(-0.00855872 0.15384 0)
(-0.00725872 0.156637 0)
(-0.00600283 0.159481 0)
(-0.0047363 0.162308 0)
(-0.00339436 0.164559 0)
(-0.00162651 0.160171 0)
)
;
    }
    defaultFaces
    {
        type            empty;
    }
}


// ************************************************************************* //
