/*--------------------------------*- C++ -*----------------------------------*\
| =========                 |                                                 |
| \\      /  F ield         | OpenFOAM: The Open Source CFD Toolbox           |
|  \\    /   O peration     | Version:  v2012                                 |
|   \\  /    A nd           | Website:  www.openfoam.com                      |
|    \\/     M anipulation  |                                                 |
\*---------------------------------------------------------------------------*/
FoamFile
{
    version     2.0;
    format      ascii;
    class       surfaceScalarField;
    location    "0.65";
    object      phi;
}
// * * * * * * * * * * * * * * * * * * * * * * * * * * * * * * * * * * * * * //

dimensions      [0 3 -1 0 0 0 0];
oriented        oriented;


internalField   nonuniform List<scalar> 
4432
(
-4.95997e-06
4.95997e-06
-7.80309e-06
2.84312e-06
-7.7484e-06
-5.46939e-08
-6.60755e-06
-1.14084e-06
-5.32097e-06
-1.28658e-06
-4.23155e-06
-1.08942e-06
-3.41953e-06
-8.12028e-07
-2.86302e-06
-5.56502e-07
-2.50101e-06
-3.62018e-07
-2.25685e-06
-2.44161e-07
-2.06658e-06
-1.90267e-07
-1.90899e-06
-1.57601e-07
-1.76255e-06
-1.46436e-07
-1.65182e-06
-1.10733e-07
-1.61598e-06
-3.58441e-08
-1.77587e-06
1.5989e-07
-2.3442e-06
5.68328e-07
-3.55687e-06
1.21267e-06
-5.58538e-06
2.0285e-06
-8.45684e-06
2.87146e-06
-1.08915e-05
2.43468e-06
-9.42996e-06
-1.46156e-06
-9.42996e-06
-4.26865e-06
9.22862e-06
-5.36768e-06
3.94215e-06
-5.04611e-06
-3.76258e-07
-4.19928e-06
-1.98767e-06
-3.2979e-06
-2.18797e-06
-2.55391e-06
-1.8334e-06
-2.03116e-06
-1.33479e-06
-1.71525e-06
-8.72418e-07
-1.55695e-06
-5.20314e-07
-1.49646e-06
-3.04663e-07
-1.4808e-06
-2.05918e-07
-1.47912e-06
-1.5929e-07
-1.49076e-06
-1.34787e-07
-1.50988e-06
-9.16267e-08
-1.55701e-06
1.1286e-08
-1.6813e-06
2.84173e-07
-1.97647e-06
8.63498e-07
-2.59959e-06
1.8358e-06
-3.6607e-06
3.08961e-06
-4.99019e-06
4.20095e-06
-5.79038e-06
3.23487e-06
-5.30092e-06
-1.95103e-06
-1.47309e-05
-2.7559e-06
1.19845e-05
-3.17657e-06
4.36281e-06
-2.89662e-06
-6.56208e-07
-2.32789e-06
-2.5564e-06
-1.75783e-06
-2.75804e-06
-1.32869e-06
-2.26254e-06
-1.07726e-06
-1.58622e-06
-9.87774e-07
-9.61907e-07
-1.01958e-06
-4.88502e-07
-1.12117e-06
-2.03087e-07
-1.24693e-06
-8.01503e-08
-1.37402e-06
-3.22089e-08
-1.49816e-06
-1.06427e-08
-1.61221e-06
2.24184e-08
-1.7116e-06
1.10674e-07
-1.80507e-06
3.77643e-07
-1.91818e-06
9.76613e-07
-2.10121e-06
2.01883e-06
-2.34279e-06
3.33119e-06
-2.47342e-06
4.33158e-06
-2.4441e-06
3.20556e-06
-1.98664e-06
-2.4085e-06
-1.67175e-05
-1.19431e-06
1.31788e-05
-1.17756e-06
4.34606e-06
-9.4739e-07
-8.86376e-07
-6.24842e-07
-2.87895e-06
-3.79923e-07
-3.00296e-06
-2.66962e-07
-2.3755e-06
-2.90436e-07
-1.56275e-06
-4.29862e-07
-8.22483e-07
-6.52274e-07
-2.66087e-07
-9.13565e-07
5.81963e-08
-1.17453e-06
1.80825e-07
-1.41783e-06
2.1108e-07
-1.64201e-06
2.1354e-07
-1.83215e-06
2.12557e-07
-1.97121e-06
2.49738e-07
-2.03785e-06
4.44283e-07
-2.01683e-06
9.55585e-07
-1.90185e-06
1.90385e-06
-1.62964e-06
3.05897e-06
-1.0693e-06
3.77124e-06
-5.13067e-07
2.64932e-06
2.44151e-07
-3.16572e-06
-1.64734e-05
3.94917e-07
1.27839e-05
7.21944e-07
4.01903e-06
9.11781e-07
-1.07621e-06
9.66197e-07
-2.93337e-06
8.72667e-07
-2.90943e-06
6.6277e-07
-2.1656e-06
3.63414e-07
-1.26339e-06
-3.53061e-09
-4.55541e-07
-4.12701e-07
1.43087e-07
-8.33633e-07
4.79122e-07
-1.22556e-06
5.72756e-07
-1.57966e-06
5.65175e-07
-1.89325e-06
5.27139e-07
-2.15119e-06
4.70492e-07
-2.32213e-06
4.20679e-07
-2.36425e-06
4.86397e-07
-2.23755e-06
8.28888e-07
-1.91504e-06
1.58134e-06
-1.32029e-06
2.46422e-06
-3.47317e-07
2.79826e-06
7.29101e-07
1.57291e-06
1.32052e-06
-3.75715e-06
-1.51528e-05
1.89588e-06
1.0888e-05
2.55172e-06
3.36318e-06
2.67728e-06
-1.20177e-06
2.42046e-06
-2.67654e-06
1.96368e-06
-2.45265e-06
1.4332e-06
-1.63512e-06
8.68675e-07
-6.98869e-07
2.85488e-07
1.27644e-07
-3.04937e-07
7.33517e-07
-8.75233e-07
1.04941e-06
-1.39159e-06
1.08912e-06
-1.84841e-06
1.02199e-06
-2.24483e-06
9.23563e-07
-2.56321e-06
7.88871e-07
-2.76151e-06
6.18982e-07
-2.7822e-06
5.07087e-07
-2.57148e-06
6.18168e-07
-2.10491e-06
1.11477e-06
-1.31151e-06
1.67082e-06
-1.43753e-07
1.6305e-06
1.21883e-06
2.10326e-07
1.91372e-06
-4.45204e-06
-1.32391e-05
3.02673e-06
7.86131e-06
4.26696e-06
2.12296e-06
4.27425e-06
-1.20906e-06
3.65134e-06
-2.05363e-06
2.82069e-06
-1.62201e-06
1.99643e-06
-8.10865e-07
1.19677e-06
1.00797e-07
4.2385e-07
9.00558e-07
-3.28083e-07
1.48545e-06
-1.03888e-06
1.76021e-06
-1.67008e-06
1.72032e-06
-2.22023e-06
1.57214e-06
-2.69023e-06
1.39356e-06
-3.06131e-06
1.15995e-06
-3.28295e-06
8.40617e-07
-3.28429e-06
5.08435e-07
-3.00557e-06
3.39443e-07
-2.44078e-06
5.49975e-07
-1.53448e-06
7.6452e-07
-2.49319e-07
3.45332e-07
1.23634e-06
-1.27533e-06
2.12978e-06
-5.34548e-06
-1.11093e-05
3.96876e-06
3.89255e-06
5.78288e-06
3.08844e-07
5.55197e-06
-9.78159e-07
4.52399e-06
-1.02565e-06
3.34715e-06
-4.4517e-07
2.29863e-06
2.37661e-07
1.32308e-06
1.07634e-06
4.04586e-07
1.81905e-06
-4.80236e-07
2.37028e-06
-1.3152e-06
2.59517e-06
-2.04694e-06
2.45206e-06
-2.67968e-06
2.20489e-06
-3.21114e-06
1.92502e-06
-3.62506e-06
1.57387e-06
-3.86465e-06
1.08021e-06
-3.84664e-06
4.90427e-07
-3.51044e-06
3.23388e-09
-2.88017e-06
-8.02946e-08
-1.91726e-06
-1.98389e-07
-5.98753e-07
-9.73178e-07
8.83168e-07
-2.75725e-06
1.9023e-06
-6.36461e-06
-9.20704e-06
1.87457e-05
-1.87457e-05
-7.43246e-05
9.30703e-05
-0.000143026
6.87018e-05
-0.000172107
2.90808e-05
-0.000171803
-3.04579e-07
-0.000165828
-5.97451e-06
-0.000160431
-5.39723e-06
-0.00015565
-4.78093e-06
-0.000151335
-4.31524e-06
-0.000147139
-4.19525e-06
-0.000142702
-4.43704e-06
-0.000136384
-6.31851e-06
-0.000125651
-1.07332e-05
-0.00010704
-1.86108e-05
-8.00223e-05
-2.70176e-05
-4.96401e-05
-3.03822e-05
-2.12111e-05
-2.84291e-05
-7.66343e-07
-2.04447e-05
-7.66336e-07
-7.29116e-05
5.41659e-05
-0.000157768
0.000177927
-0.000200457
0.00011139
-0.000185757
1.4381e-05
-0.000167508
-1.85534e-05
-0.000162773
-1.07095e-05
-0.000155683
-1.24872e-05
-0.000148844
-1.16204e-05
-0.00014238
-1.07793e-05
-0.000136275
-1.02995e-05
-0.000130806
-9.90655e-06
-0.000124766
-1.23583e-05
-0.000115853
-1.96459e-05
-0.000100603
-3.38616e-05
-7.83532e-05
-4.9267e-05
-5.33889e-05
-5.53465e-05
-2.99032e-05
-5.19147e-05
-1.02078e-05
-4.01401e-05
-1.09741e-05
-9.58802e-05
0.000150046
-0.000144851
0.000226898
-0.000159692
0.000126231
-0.00016738
2.2069e-05
-0.000155529
-3.04046e-05
-0.000152494
-1.37444e-05
-0.000145818
-1.91635e-05
-0.000141312
-1.61267e-05
-0.000134988
-1.71025e-05
-0.000127478
-1.781e-05
-0.000120343
-1.70416e-05
-0.000113081
-1.96203e-05
-0.000104584
-2.81432e-05
-9.17473e-05
-4.66979e-05
-7.32224e-05
-6.77919e-05
-5.2329e-05
-7.62399e-05
-3.25351e-05
-7.17086e-05
-1.45468e-05
-5.81284e-05
-2.55209e-05
-6.42295e-05
0.000214276
4.47178e-06
0.000158197
6.77171e-05
6.29858e-05
3.1196e-05
5.85903e-05
-1.74252e-05
1.82165e-05
-4.18834e-05
1.0714e-05
-8.05907e-05
1.95441e-05
-0.000120476
2.37581e-05
-0.000129175
-8.40259e-06
-0.000120342
-2.66439e-05
-0.00011073
-2.66534e-05
-0.000101692
-2.86582e-05
-9.28439e-05
-3.69911e-05
-8.1422e-05
-5.81198e-05
-6.57968e-05
-8.34171e-05
-4.82203e-05
-9.38164e-05
-3.14929e-05
-8.84361e-05
-1.52604e-05
-7.43609e-05
-4.07813e-05
8.93647e-06
0.000205339
0.000102086
6.5047e-05
0.000162486
2.58573e-06
0.000164409
5.66678e-05
9.42186e-05
8.84068e-05
2.21728e-05
8.27599e-05
-1.95643e-05
6.12812e-05
-5.47857e-05
5.89792e-05
-8.2355e-05
1.91668e-05
-9.67503e-05
-1.22484e-05
-9.93554e-05
-2.40481e-05
-8.95832e-05
-3.84304e-05
-8.03951e-05
-4.61793e-05
-6.98818e-05
-6.86331e-05
-5.66041e-05
-9.66948e-05
-4.19225e-05
-0.000108498
-2.79723e-05
-0.000102386
-1.42233e-05
-8.811e-05
-5.50045e-05
9.04919e-05
0.000114847
0.000149656
5.88336e-06
0.000172628
-2.03866e-05
0.000188995
4.03009e-05
0.00016238
0.000115022
8.78388e-05
0.000157301
1.72466e-05
0.000131874
-2.9695e-05
0.000105921
-6.08087e-05
5.02804e-05
-7.10692e-05
-1.98811e-06
-6.68425e-05
-2.82747e-05
-6.40972e-05
-4.11758e-05
-6.6628e-05
-4.36485e-05
-5.78326e-05
-7.74285e-05
-4.64695e-05
-0.000108058
-3.44138e-05
-0.000120554
-2.30922e-05
-0.000113708
-1.22527e-05
-9.89495e-05
-6.72573e-05
6.2891e-05
5.19563e-05
9.00058e-05
-2.12315e-05
0.000111132
-4.15128e-05
0.00013894
1.24928e-05
0.000156066
9.78962e-05
0.000123517
0.00018985
5.35205e-05
0.000201869
-1.41946e-05
0.000173636
-5.20361e-05
8.8122e-05
-6.31136e-05
9.08945e-06
-5.68664e-05
-3.4522e-05
-5.02233e-05
-4.78191e-05
-5.16675e-05
-4.22043e-05
-4.62174e-05
-8.28786e-05
-3.61556e-05
-0.00011812
-2.64739e-05
-0.000130235
-1.76914e-05
-0.00012249
-9.63971e-06
-0.000107001
-7.6897e-05
4.52675e-05
6.68879e-06
6.44497e-05
-4.04137e-05
8.02398e-05
-5.73028e-05
0.000103231
-1.04983e-05
0.000129648
7.14792e-05
0.000126254
0.000193244
7.07066e-05
0.000257417
-5.7946e-06
0.000250137
-4.80628e-05
0.00013039
-6.02368e-05
2.12633e-05
-5.40624e-05
-4.06962e-05
-4.46548e-05
-5.72268e-05
-4.01515e-05
-4.67077e-05
-3.5822e-05
-8.72081e-05
-2.61966e-05
-0.000127745
-1.86736e-05
-0.000137758
-1.22843e-05
-0.00012888
-6.72401e-06
-0.000112561
-8.3621e-05
1.22194e-05
-8.32685e-06
1.59043e-05
-3.37602e-06
1.43669e-05
5.59222e-07
1.08262e-05
2.51507e-06
7.60239e-06
2.7786e-06
4.92368e-06
2.91638e-06
2.57184e-06
3.42818e-06
3.61382e-07
4.02951e-06
-1.82465e-06
4.55631e-06
-3.94379e-06
4.71432e-06
-5.83927e-06
4.34753e-06
-7.38042e-06
3.74604e-06
-8.65117e-06
3.19578e-06
-9.63384e-06
2.55654e-06
-1.0174e-05
1.6204e-06
-1.00738e-05
3.90229e-07
-9.1676e-06
-9.03007e-07
-7.68506e-06
-1.56284e-06
-5.5765e-06
-2.30695e-06
-2.77487e-06
-3.77481e-06
1.43081e-07
-5.67519e-06
2.05132e-06
-8.27285e-06
-1.05738e-05
3.41808e-06
1.21435e-05
-2.04703e-05
1.45846e-05
-5.81713e-06
1.21717e-05
2.97213e-06
4.99923e-06
9.68756e-06
1.63631e-06
6.14151e-06
-2.097e-07
4.76239e-06
-1.93302e-06
5.1515e-06
-3.499e-06
5.59549e-06
-4.98377e-06
6.04108e-06
-6.6003e-06
6.33085e-06
-8.27208e-06
6.01931e-06
-9.57591e-06
5.04987e-06
-1.06252e-05
4.2451e-06
-1.15211e-05
3.45244e-06
-1.21007e-05
2.20002e-06
-1.1829e-05
1.18484e-07
-1.05661e-05
-2.16592e-06
-8.98969e-06
-3.13925e-06
-6.89843e-06
-4.39821e-06
-3.9354e-06
-6.73783e-06
-7.72694e-07
-8.8379e-06
2.17615e-06
-1.12217e-05
-1.47622e-05
6.36458e-06
1.19255e-06
-2.16629e-05
4.27558e-06
-8.9001e-06
4.95851e-06
2.28925e-06
4.54336e-06
1.01027e-05
3.03373e-06
7.65116e-06
7.56064e-07
7.04008e-06
-1.41361e-06
7.32119e-06
-3.26657e-06
7.44847e-06
-4.90721e-06
7.68172e-06
-7.37068e-06
8.79434e-06
-1.11429e-05
9.79152e-06
-1.34908e-05
7.3978e-06
-1.38595e-05
4.61376e-06
-1.36387e-05
3.23171e-06
-1.30587e-05
1.62002e-06
-1.18121e-05
-1.1282e-06
-1.02242e-05
-3.75378e-06
-8.74079e-06
-4.62266e-06
-6.53047e-06
-6.60853e-06
-3.07028e-06
-1.0198e-05
3.15698e-07
-1.22239e-05
3.24384e-06
-1.41498e-05
-1.8332e-05
6.81358e-06
-5.62272e-06
-1.60401e-05
-3.61752e-06
-1.09052e-05
1.50401e-06
-2.8322e-06
8.26359e-06
3.34323e-06
1.10815e-05
4.83328e-06
1.20891e-05
6.03249e-06
1.20496e-05
7.36082e-06
1.08566e-05
8.64143e-06
8.06062e-06
1.04778e-05
3.12768e-06
1.37273e-05
-3.24394e-06
1.61632e-05
-8.49665e-06
1.26505e-05
-1.15388e-05
7.65587e-06
-1.19469e-05
3.6398e-06
-1.22082e-05
1.88132e-06
-1.16689e-05
-1.66744e-06
-1.15192e-05
-3.90351e-06
-8.54288e-06
-7.59897e-06
-4.48581e-06
-1.06656e-05
-8.18146e-08
-1.4602e-05
2.90331e-06
-1.5209e-05
4.99585e-06
-1.62424e-05
-2.01227e-05
6.78657e-06
-1.90508e-06
-1.4135e-05
-1.39979e-06
-1.14103e-05
2.12569e-06
-6.35756e-06
7.24127e-06
-1.77226e-06
1.10618e-05
1.0128e-06
1.37836e-05
3.31073e-06
1.56327e-05
5.51184e-06
1.65699e-05
7.70429e-06
1.68025e-05
1.02452e-05
1.71933e-05
1.33365e-05
1.7757e-05
1.55994e-05
1.59583e-05
1.44492e-05
1.24347e-05
1.11795e-05
7.52095e-06
8.5535e-06
1.83839e-06
7.56386e-06
-4.094e-06
4.26496e-06
-6.37482e-06
-1.62269e-06
-5.15899e-06
-8.8148e-06
-1.09505e-06
-1.47295e-05
1.90584e-06
-1.76029e-05
2.66564e-06
-1.59688e-05
5.85411e-06
-1.94309e-05
-2.19816e-05
7.71301e-06
-6.92809e-07
-1.3442e-05
2.84618e-07
-1.23875e-05
2.94315e-06
-9.01595e-06
6.62933e-06
-5.45833e-06
1.01215e-05
-2.47931e-06
1.31985e-05
2.33762e-07
1.58616e-05
2.84885e-06
1.81095e-05
5.4563e-06
2.01674e-05
8.1873e-06
2.2516e-05
1.09879e-05
2.50148e-05
1.31006e-05
2.61693e-05
1.32946e-05
2.55654e-05
1.17832e-05
2.4068e-05
1.00509e-05
2.28975e-05
8.73435e-06
2.13032e-05
5.85926e-06
1.90707e-05
6.09851e-07
1.67824e-05
-6.52654e-06
1.4389e-05
-1.23361e-05
1.17299e-05
-1.49438e-05
1.11055e-05
-1.53444e-05
1.11673e-05
-1.94927e-05
-2.36962e-05
1.2882e-05
1.77783e-07
-1.36197e-05
1.30131e-06
-1.35108e-05
3.41101e-06
-1.11255e-05
6.2169e-06
-8.26411e-06
9.19724e-06
-5.45959e-06
1.2151e-05
-2.71994e-06
1.50159e-05
-1.61387e-08
1.77977e-05
2.67449e-06
2.0622e-05
5.36287e-06
2.36871e-05
7.92277e-06
2.68836e-05
9.90391e-06
2.94864e-05
1.06917e-05
3.09711e-05
1.02985e-05
3.16745e-05
9.34748e-06
3.23026e-05
8.10629e-06
3.24855e-05
5.67631e-06
3.15771e-05
1.5183e-06
2.88976e-05
-3.84698e-06
2.49813e-05
-8.41983e-06
2.10358e-05
-1.09982e-05
1.82275e-05
-1.25361e-05
1.41698e-05
-1.54349e-05
-1.58639e-05
6.33753e-06
6.50766e-07
-1.42703e-05
1.76869e-06
-1.46285e-05
3.48051e-06
-1.28372e-05
5.70824e-06
-1.04918e-05
8.22753e-06
-7.97886e-06
1.09116e-05
-5.40407e-06
1.37035e-05
-2.80808e-06
1.65985e-05
-2.20598e-07
1.96504e-05
2.31079e-06
2.29191e-05
4.65399e-06
2.62944e-05
6.52846e-06
2.9378e-05
7.60803e-06
3.18259e-05
7.8505e-06
3.36956e-05
7.47771e-06
3.52414e-05
6.56041e-06
3.62035e-05
4.71424e-06
3.59849e-05
1.73696e-06
3.40637e-05
-1.92576e-06
3.0815e-05
-5.17106e-06
2.70919e-05
-7.27512e-06
2.31348e-05
-8.57896e-06
1.71926e-05
-9.4927e-06
-7.50757e-06
8.83632e-06
7.48402e-07
-1.50186e-05
1.76671e-06
-1.56467e-05
3.19323e-06
-1.42636e-05
5.02108e-06
-1.23196e-05
7.16284e-06
-1.01206e-05
9.55039e-06
-7.79171e-06
1.21449e-05
-5.40272e-06
1.49347e-05
-3.01051e-06
1.79305e-05
-6.85209e-07
2.11278e-05
1.45653e-06
2.44235e-05
3.2327e-06
2.7578e-05
4.45345e-06
3.03701e-05
5.05827e-06
3.27426e-05
5.10518e-06
3.47038e-05
4.59921e-06
3.60247e-05
3.39333e-06
3.62975e-05
1.46415e-06
3.52304e-05
-8.58645e-07
3.29987e-05
-2.93932e-06
3.00118e-05
-4.28825e-06
2.62589e-05
-4.82594e-06
2.11004e-05
-4.33417e-06
-1.5562e-06
1.51491e-05
6.26794e-07
-1.56453e-05
1.48062e-06
-1.65004e-05
2.66715e-06
-1.54501e-05
4.19023e-06
-1.38427e-05
6.01753e-06
-1.1948e-05
8.11571e-06
-9.89e-06
1.04607e-05
-7.74778e-06
1.30379e-05
-5.58787e-06
1.58363e-05
-3.48373e-06
1.88252e-05
-1.53247e-06
2.19163e-05
1.41458e-07
2.49526e-05
1.41708e-06
2.77761e-05
2.23474e-06
3.02872e-05
2.59402e-06
3.23991e-05
2.48729e-06
3.39192e-05
1.87333e-06
3.45841e-05
7.99244e-07
3.42182e-05
-4.92768e-07
3.28791e-05
-1.60009e-06
3.07456e-05
-2.15476e-06
2.78461e-05
-1.92636e-06
2.41236e-05
-6.11697e-07
2.35597e-06
2.02114e-05
4.01732e-07
-1.60469e-05
1.05924e-06
-1.71579e-05
2.02479e-06
-1.64157e-05
3.29004e-06
-1.5108e-05
4.84171e-06
-1.34998e-05
6.66385e-06
-1.17123e-05
8.74128e-06
-9.82532e-06
1.10592e-05
-7.90586e-06
1.35977e-05
-6.02227e-06
1.63185e-05
-4.25336e-06
1.9148e-05
-2.6881e-06
2.19741e-05
-1.40907e-06
2.46753e-05
-4.66504e-07
2.71456e-05
1.2363e-07
2.92762e-05
3.56788e-07
3.09121e-05
2.37469e-07
3.18762e-05
-1.64789e-07
3.20507e-05
-6.67165e-07
3.14422e-05
-9.91561e-07
3.014e-05
-8.52523e-07
2.82211e-05
-7.39899e-09
2.58172e-05
1.7923e-06
4.79983e-06
2.33733e-05
1.47993e-07
-1.61949e-05
6.12068e-07
-1.76219e-05
1.36676e-06
-1.71704e-05
2.39748e-06
-1.61388e-05
3.69658e-06
-1.4799e-05
5.25543e-06
-1.32712e-05
7.06348e-06
-1.16334e-05
9.10666e-06
-9.94908e-06
1.1363e-05
-8.27867e-06
1.37952e-05
-6.68557e-06
1.63423e-05
-5.23513e-06
1.8919e-05
-3.98584e-06
2.1429e-05
-2.97651e-06
2.37756e-05
-2.22292e-06
2.58559e-05
-1.72337e-06
2.75479e-05
-1.45455e-06
2.87276e-05
-1.34442e-06
2.93107e-05
-1.25016e-06
2.92871e-05
-9.6785e-07
2.87093e-05
-2.7465e-07
2.76641e-05
1.03778e-06
2.63005e-05
3.15592e-06
6.19087e-06
2.49095e-05
-6.81339e-08
-1.61268e-05
2.07751e-07
-1.78978e-05
7.6148e-07
-1.77241e-05
1.57344e-06
-1.69508e-05
2.63653e-06
-1.58621e-05
3.94475e-06
-1.45794e-05
5.48994e-06
-1.31786e-05
7.25933e-06
-1.17185e-05
9.23214e-06
-1.02515e-05
1.1375e-05
-8.82841e-06
1.3638e-05
-7.49807e-06
1.59545e-05
-6.3023e-06
1.82472e-05
-5.2692e-06
2.04338e-05
-4.40951e-06
2.24266e-05
-3.71602e-06
2.41305e-05
-3.1584e-06
2.54556e-05
-2.6694e-06
2.63399e-05
-2.13434e-06
2.67688e-05
-1.39677e-06
2.67751e-05
-2.80951e-07
2.64301e-05
1.3828e-06
2.58546e-05
3.73133e-06
6.82031e-06
2.52252e-05
-2.2681e-07
-1.58999e-05
-1.20991e-07
-1.80035e-05
2.47753e-07
-1.80927e-05
8.57284e-07
-1.75603e-05
1.70037e-06
-1.67052e-05
2.77229e-06
-1.56513e-05
4.06652e-06
-1.44729e-05
5.57204e-06
-1.3224e-05
7.27067e-06
-1.195e-05
9.13413e-06
-1.06918e-05
1.1122e-05
-9.48588e-06
1.31816e-05
-8.36195e-06
1.52515e-05
-7.33905e-06
1.72643e-05
-6.42224e-06
1.91486e-05
-5.60018e-06
2.08309e-05
-4.8406e-06
2.22443e-05
-4.08268e-06
2.33417e-05
-3.23171e-06
2.41075e-05
-2.16254e-06
2.45595e-05
-7.33025e-07
2.47465e-05
1.19572e-06
2.47482e-05
3.72965e-06
6.90534e-06
2.46632e-05
-3.31999e-07
-1.55678e-05
-3.6477e-07
-1.79705e-05
-1.58529e-07
-1.82989e-05
2.6818e-07
-1.79869e-05
9.09404e-07
-1.73464e-05
1.76199e-06
-1.65039e-05
2.82123e-06
-1.55321e-05
4.07825e-06
-1.4481e-05
5.51808e-06
-1.33898e-05
7.11767e-06
-1.22914e-05
8.84482e-06
-1.1213e-05
1.06583e-05
-1.01754e-05
1.25096e-05
-9.19032e-06
1.43453e-05
-8.25778e-06
1.61087e-05
-7.36352e-06
1.77435e-05
-6.47526e-06
1.91988e-05
-5.53794e-06
2.04378e-05
-4.47067e-06
2.14438e-05
-3.16855e-06
2.22223e-05
-1.51156e-06
2.27987e-05
6.19329e-07
2.32135e-05
3.31482e-06
6.60968e-06
2.35091e-05
-3.88784e-07
-1.51789e-05
-5.26971e-07
-1.78321e-05
-4.57076e-07
-1.83687e-05
-1.90955e-07
-1.8253e-05
2.69003e-07
-1.78064e-05
9.21994e-07
-1.7157e-05
1.76539e-06
-1.63755e-05
2.79284e-06
-1.55084e-05
3.99272e-06
-1.45897e-05
5.34705e-06
-1.36457e-05
6.83079e-06
-1.26967e-05
8.4121e-06
-1.17567e-05
1.00535e-05
-1.08317e-05
1.17136e-05
-9.91774e-06
1.33487e-05
-8.9985e-06
1.49156e-05
-8.04216e-06
1.63757e-05
-6.99798e-06
1.76991e-05
-5.79395e-06
1.8868e-05
-4.33747e-06
1.98776e-05
-2.52119e-06
2.07328e-05
-2.35942e-07
2.14419e-05
2.60571e-06
6.04646e-06
2.2005e-05
-4.06926e-07
-1.47718e-05
-6.19379e-07
-1.76194e-05
-6.59069e-07
-1.83289e-05
-5.29362e-07
-1.83828e-05
-2.28041e-07
-1.81077e-05
2.47189e-07
-1.76323e-05
8.96236e-07
-1.70246e-05
1.71534e-06
-1.63276e-05
2.69623e-06
-1.55706e-05
3.82556e-06
-1.47751e-05
5.08451e-06
-1.39557e-05
6.44917e-06
-1.31214e-05
7.89139e-06
-1.22739e-05
9.37996e-06
-1.14063e-05
1.08821e-05
-1.05006e-05
1.23656e-05
-9.52567e-06
1.3801e-05
-8.4333e-06
1.51637e-05
-7.15663e-06
1.64356e-05
-5.60945e-06
1.76041e-05
-3.68982e-06
1.86585e-05
-1.29042e-06
1.95828e-05
1.68133e-06
5.28294e-06
2.03463e-05
-3.97489e-07
-1.43742e-05
-6.57704e-07
-1.73592e-05
-7.81704e-07
-1.8205e-05
-7.64113e-07
-1.84004e-05
-5.97827e-07
-1.82742e-05
-2.77238e-07
-1.79529e-05
2.00225e-07
-1.75021e-05
8.33487e-07
-1.69609e-05
1.61742e-06
-1.63546e-05
2.54279e-06
-1.57004e-05
3.59615e-06
-1.50091e-05
4.76027e-06
-1.42856e-05
6.01487e-06
-1.35285e-05
7.33743e-06
-1.27288e-05
8.7044e-06
-1.18677e-05
1.00925e-05
-1.09138e-05
1.14799e-05
-9.82077e-06
1.2847e-05
-8.52378e-06
1.41764e-05
-6.93884e-06
1.54508e-05
-4.9643e-06
1.66494e-05
-2.489e-06
1.77403e-05
5.90383e-07
4.35074e-06
1.86724e-05
-3.71298e-07
-1.40029e-05
-6.58622e-07
-1.70719e-05
-8.44674e-07
-1.8019e-05
-9.16207e-07
-1.8329e-05
-8.61651e-07
-1.83288e-05
-6.72396e-07
-1.81423e-05
-3.43329e-07
-1.78312e-05
1.26914e-07
-1.74311e-05
7.36139e-07
-1.69639e-05
1.47867e-06
-1.6443e-05
2.34559e-06
-1.5876e-05
3.32533e-06
-1.52654e-05
4.4042e-06
-1.46074e-05
5.56707e-06
-1.38917e-05
6.79818e-06
-1.30988e-05
8.08199e-06
-1.21977e-05
9.40341e-06
-1.11422e-05
1.07478e-05
-9.86815e-06
1.20997e-05
-8.29073e-06
1.34406e-05
-6.30516e-06
1.47445e-05
-3.79299e-06
1.59719e-05
-6.37068e-07
3.26151e-06
1.70611e-05
-3.37791e-07
-1.36651e-05
-6.37606e-07
-1.67722e-05
-8.67278e-07
-1.77895e-05
-1.00731e-06
-1.81891e-05
-1.04262e-06
-1.82936e-05
-9.62207e-07
-1.82227e-05
-7.58929e-07
-1.80345e-05
-4.29332e-07
-1.77608e-05
2.68837e-08
-1.74201e-05
6.0708e-07
-1.70232e-05
1.30616e-06
-1.65752e-05
2.11724e-06
-1.60765e-05
3.03217e-06
-1.55224e-05
4.04206e-06
-1.49016e-05
5.13783e-06
-1.41947e-05
6.31065e-06
-1.33705e-05
7.55176e-06
-1.23833e-05
8.8516e-06
-1.1168e-05
1.01982e-05
-9.63732e-06
1.15744e-05
-7.68132e-06
1.29536e-05
-5.17225e-06
1.42946e-05
-1.97818e-06
2.02225e-06
1.55338e-05
-3.04194e-07
-1.3361e-05
-6.07405e-07
-1.64691e-05
-8.66372e-07
-1.75306e-05
-1.05732e-06
-1.79982e-05
-1.16291e-06
-1.81879e-05
-1.17056e-06
-1.8215e-05
-1.07184e-06
-1.81332e-05
-8.61702e-07
-1.7971e-05
-5.37908e-07
-1.7744e-05
-1.00642e-07
-1.74605e-05
4.48154e-07
-1.71241e-05
1.10544e-06
-1.67339e-05
1.86765e-06
-1.62847e-05
2.73113e-06
-1.57652e-05
3.6926e-06
-1.51562e-05
4.74919e-06
-1.44271e-05
5.89797e-06
-1.3532e-05
7.13486e-06
-1.24048e-05
8.45237e-06
-1.09548e-05
9.83676e-06
-9.06579e-06
1.12642e-05
-6.59976e-06
1.26961e-05
-3.41007e-06
6.45538e-07
1.40728e-05
-2.75094e-07
-1.3086e-05
-5.77175e-07
-1.61672e-05
-8.55079e-07
-1.72528e-05
-1.08268e-06
-1.77706e-05
-1.24172e-06
-1.80289e-05
-1.31903e-06
-1.81376e-05
-1.30561e-06
-1.81466e-05
-1.1955e-06
-1.80812e-05
-9.85138e-07
-1.79544e-05
-6.72881e-07
-1.77728e-05
-2.58204e-07
-1.75388e-05
2.58957e-07
-1.72511e-05
8.78749e-07
-1.69045e-05
1.60189e-06
-1.64883e-05
2.43003e-06
-1.59843e-05
3.36567e-06
-1.53627e-05
4.41135e-06
-1.45777e-05
5.56851e-06
-1.35619e-05
6.83501e-06
-1.22213e-05
8.20208e-06
-1.04328e-05
9.65055e-06
-8.0483e-06
1.11471e-05
-4.90662e-06
-8.47641e-07
1.26403e-05
-2.52476e-07
-1.28335e-05
-5.52303e-07
-1.58674e-05
-8.42301e-07
-1.69628e-05
-1.09557e-06
-1.75173e-05
-1.29416e-06
-1.78303e-05
-1.42535e-06
-1.80064e-05
-1.48036e-06
-1.80917e-05
-1.45296e-06
-1.81087e-05
-1.33895e-06
-1.80684e-05
-1.1355e-06
-1.79762e-05
-8.40307e-07
-1.78339e-05
-4.50975e-07
-1.76404e-05
3.56045e-08
-1.7391e-05
6.23712e-07
-1.70764e-05
1.3191e-06
-1.66797e-05
2.12896e-06
-1.61725e-05
3.06104e-06
-1.55097e-05
4.12228e-06
-1.46231e-05
5.31625e-06
-1.34153e-05
6.64018e-06
-1.17568e-05
8.08112e-06
-9.4892e-06
9.61264e-06
-6.43815e-06
-2.4282e-06
1.11932e-05
-2.36276e-07
-1.25973e-05
-5.34911e-07
-1.55688e-05
-8.32926e-07
-1.66648e-05
-1.10376e-06
-1.72465e-05
-1.3308e-06
-1.76032e-05
-1.50277e-06
-1.78344e-05
-1.61178e-06
-1.79829e-05
-1.65205e-06
-1.80685e-05
-1.61936e-06
-1.8101e-05
-1.51031e-06
-1.80851e-05
-1.32151e-06
-1.80225e-05
-1.04897e-06
-1.79128e-05
-6.87437e-07
-1.77525e-05
-2.29857e-07
-1.7534e-05
3.32958e-07
-1.72425e-05
1.01198e-06
-1.68515e-05
1.81959e-06
-1.63172e-05
2.76865e-06
-1.55721e-05
3.86827e-06
-1.45148e-05
5.12236e-06
-1.30109e-05
6.5253e-06
-1.08921e-05
8.05886e-06
-7.97163e-06
-4.06124e-06
9.69195e-06
-2.25339e-07
-1.2372e-05
-5.2479e-07
-1.52694e-05
-8.28537e-07
-1.63611e-05
-1.11104e-06
-1.6964e-05
-1.35788e-06
-1.73563e-05
-1.55995e-06
-1.76324e-05
-1.71091e-06
-1.78321e-05
-1.80601e-06
-1.79734e-05
-1.84159e-06
-1.80654e-05
-1.81422e-06
-1.81123e-05
-1.72011e-06
-1.81165e-05
-1.55438e-06
-1.80784e-05
-1.31042e-06
-1.79964e-05
-9.79286e-07
-1.78651e-05
-5.49321e-07
-1.76724e-05
-5.99787e-09
-1.73948e-05
6.67411e-07
-1.69906e-05
1.48684e-06
-1.63915e-05
2.46952e-06
-1.54975e-05
3.62607e-06
-1.41674e-05
4.95871e-06
-1.22247e-05
6.45826e-06
-9.47113e-06
-5.70713e-06
8.10427e-06
-2.18473e-07
-1.21535e-05
-5.20433e-07
-1.49675e-05
-8.28321e-07
-1.60532e-05
-1.11799e-06
-1.66744e-05
-1.37789e-06
-1.70964e-05
-1.60147e-06
-1.7409e-05
-1.78442e-06
-1.76493e-05
-1.9235e-06
-1.78344e-05
-2.01602e-06
-1.79728e-05
-2.05909e-06
-1.80692e-05
-2.04902e-06
-1.81265e-05
-1.98077e-06
-1.81466e-05
-1.84712e-06
-1.81301e-05
-1.63816e-06
-1.80741e-05
-1.3407e-06
-1.79699e-05
-9.38052e-07
-1.77973e-05
-4.10477e-07
-1.75181e-05
2.64609e-07
-1.70665e-05
1.10826e-06
-1.63411e-05
2.13889e-06
-1.5198e-05
3.36746e-06
-1.34533e-05
4.79442e-06
-1.0898e-05
-7.32277e-06
6.41012e-06
-2.1493e-07
-1.19386e-05
-5.19706e-07
-1.46627e-05
-8.29877e-07
-1.57431e-05
-1.12297e-06
-1.63813e-05
-1.39049e-06
-1.6829e-05
-1.62865e-06
-1.71709e-05
-1.83536e-06
-1.74426e-05
-2.00919e-06
-1.76606e-05
-2.14876e-06
-1.78332e-05
-2.25205e-06
-1.79658e-05
-2.31605e-06
-1.80624e-05
-2.3361e-06
-1.81266e-05
-2.30517e-06
-1.8161e-05
-2.21324e-06
-1.8166e-05
-2.04661e-06
-1.81364e-05
-1.78738e-06
-1.80565e-05
-1.4133e-06
-1.78921e-05
-8.98459e-07
-1.75814e-05
-2.15465e-07
-1.70242e-05
6.61413e-07
-1.6075e-05
1.75199e-06
-1.45439e-05
3.06604e-06
-1.22121e-05
-8.86287e-06
4.60615e-06
-2.13894e-07
-1.17248e-05
-5.19982e-07
-1.43567e-05
-8.2985e-07
-1.54334e-05
-1.12295e-06
-1.60883e-05
-1.39361e-06
-1.65584e-05
-1.64066e-06
-1.69241e-05
-1.86421e-06
-1.72192e-05
-2.06478e-06
-1.746e-05
-2.24244e-06
-1.76555e-05
-2.39641e-06
-1.78118e-05
-2.52471e-06
-1.79341e-05
-2.62356e-06
-1.80278e-05
-2.6868e-06
-1.80979e-05
-2.70516e-06
-1.81477e-05
-2.66546e-06
-1.81761e-05
-2.54971e-06
-1.81722e-05
-2.33458e-06
-1.81073e-05
-1.99152e-06
-1.79244e-05
-1.48828e-06
-1.75274e-05
-7.91732e-07
-1.67715e-05
1.28469e-07
-1.5464e-05
1.29506e-06
-1.33786e-05
-1.02766e-05
2.70891e-06
-2.13559e-07
-1.15112e-05
-5.18037e-07
-1.40523e-05
-8.24529e-07
-1.5127e-05
-1.11447e-06
-1.57984e-05
-1.38447e-06
-1.62885e-05
-1.63555e-06
-1.66731e-05
-1.86996e-06
-1.69848e-05
-2.09005e-06
-1.724e-05
-2.29743e-06
-1.74481e-05
-2.49278e-06
-1.76164e-05
-2.67539e-06
-1.77515e-05
-2.84278e-06
-1.78605e-05
-2.99019e-06
-1.79505e-05
-3.10984e-06
-1.80281e-05
-3.19003e-06
-1.8096e-05
-3.2139e-06
-1.81484e-05
-3.15843e-06
-1.81627e-05
-2.99394e-06
-1.80889e-05
-2.68465e-06
-1.78367e-05
-2.19097e-06
-1.72652e-05
-1.47383e-06
-1.61812e-05
-5.00497e-07
-1.43519e-05
-1.15306e-05
7.5354e-07
-2.11037e-07
-1.13002e-05
-5.1052e-07
-1.37529e-05
-8.10739e-07
-1.48269e-05
-1.0947e-06
-1.55145e-05
-1.36069e-06
-1.60227e-05
-1.6115e-06
-1.64224e-05
-1.85128e-06
-1.67451e-05
-2.08405e-06
-1.70072e-05
-2.31303e-06
-1.72191e-05
-2.54036e-06
-1.73891e-05
-2.76679e-06
-1.75252e-05
-2.99137e-06
-1.7636e-05
-3.21112e-06
-1.77309e-05
-3.42032e-06
-1.7819e-05
-3.60952e-06
-1.79069e-05
-3.76418e-06
-1.79938e-05
-3.86312e-06
-1.80638e-05
-3.87722e-06
-1.80748e-05
-3.76896e-06
-1.79449e-05
-3.49362e-06
-1.75405e-05
-3.00318e-06
-1.66716e-05
-2.25203e-06
-1.5103e-05
-1.258e-05
-1.20245e-06
-2.03848e-07
-1.10964e-05
-4.95535e-07
-1.34614e-05
-7.87237e-07
-1.45352e-05
-1.06268e-06
-1.52391e-05
-1.32139e-06
-1.57641e-05
-1.56768e-06
-1.61762e-05
-1.8074e-06
-1.65055e-05
-2.04608e-06
-1.67686e-05
-2.28846e-06
-1.69768e-05
-2.53811e-06
-1.71395e-05
-2.79721e-06
-1.72662e-05
-3.06646e-06
-1.73668e-05
-3.34479e-06
-1.74526e-05
-3.62886e-06
-1.7535e-05
-3.91209e-06
-1.76237e-05
-4.18319e-06
-1.77226e-05
-4.42429e-06
-1.78226e-05
-4.60876e-06
-1.78902e-05
-4.69944e-06
-1.78542e-05
-4.64846e-06
-1.75915e-05
-4.39998e-06
-1.692e-05
-3.89598e-06
-1.56069e-05
-1.33922e-05
-3.08366e-06
-1.92601e-07
-1.09039e-05
-4.74928e-07
-1.31792e-05
-7.56262e-07
-1.42539e-05
-1.02036e-06
-1.4975e-05
-1.26796e-06
-1.55166e-05
-1.50496e-06
-1.59392e-05
-1.73877e-06
-1.62718e-05
-1.97631e-06
-1.65311e-05
-2.22368e-06
-1.67295e-05
-2.48566e-06
-1.68776e-05
-2.76573e-06
-1.69861e-05
-3.06609e-06
-1.70665e-05
-3.38753e-06
-1.71312e-05
-3.72913e-06
-1.71934e-05
-4.08745e-06
-1.72653e-05
-4.45512e-06
-1.73549e-05
-4.81876e-06
-1.74588e-05
-5.15607e-06
-1.75528e-05
-5.43275e-06
-1.75775e-05
-5.60056e-06
-1.74237e-05
-5.59828e-06
-1.69222e-05
-5.35666e-06
-1.58484e-05
-1.39423e-05
-4.80652e-06
-1.82935e-07
-1.0721e-05
-4.55756e-07
-1.29064e-05
-7.24305e-07
-1.39853e-05
-9.72929e-07
-1.47264e-05
-1.20416e-06
-1.52854e-05
-1.42595e-06
-1.57176e-05
-1.64718e-06
-1.60507e-05
-1.87608e-06
-1.63023e-05
-2.11977e-06
-1.64859e-05
-2.38393e-06
-1.66135e-05
-2.67299e-06
-1.66971e-05
-2.99028e-06
-1.67491e-05
-3.3382e-06
-1.67832e-05
-3.71799e-06
-1.68136e-05
-4.12925e-06
-1.68541e-05
-4.56876e-06
-1.69153e-05
-5.02834e-06
-1.69991e-05
-5.49152e-06
-1.70896e-05
-5.92939e-06
-1.71396e-05
-6.29679e-06
-1.70562e-05
-6.53083e-06
-1.66881e-05
-6.55378e-06
-1.58253e-05
-1.4215e-05
-6.28088e-06
-1.85274e-07
-1.05358e-05
-4.49627e-07
-1.26419e-05
-7.01359e-07
-1.37335e-05
-9.2801e-07
-1.44999e-05
-1.13546e-06
-1.5078e-05
-1.33444e-06
-1.55188e-05
-1.53545e-06
-1.58498e-05
-1.74779e-06
-1.609e-05
-1.97911e-06
-1.62546e-05
-2.23546e-06
-1.63571e-05
-2.52167e-06
-1.64108e-05
-2.84176e-06
-1.6429e-05
-3.19914e-06
-1.64258e-05
-3.59678e-06
-1.64159e-05
-4.03687e-06
-1.64139e-05
-4.52001e-06
-1.64321e-05
-5.0433e-06
-1.64758e-05
-5.59695e-06
-1.65358e-05
-6.15956e-06
-1.65769e-05
-6.69262e-06
-1.6523e-05
-7.13637e-06
-1.62442e-05
-7.40962e-06
-1.5552e-05
-1.4209e-05
-7.41552e-06
-2.13113e-07
-1.03227e-05
-4.70567e-07
-1.23844e-05
-6.98877e-07
-1.35052e-05
-8.93839e-07
-1.4305e-05
-1.06748e-06
-1.49043e-05
-1.23435e-06
-1.5352e-05
-1.40674e-06
-1.56774e-05
-1.59452e-06
-1.59022e-05
-1.80516e-06
-1.60439e-05
-2.04435e-06
-1.61179e-05
-2.31666e-06
-1.61384e-05
-2.6261e-06
-1.61195e-05
-2.97653e-06
-1.60754e-05
-3.37192e-06
-1.60205e-05
-3.81633e-06
-1.59695e-05
-4.31342e-06
-1.59349e-05
-4.86492e-06
-1.59242e-05
-5.46765e-06
-1.59331e-05
-6.10877e-06
-1.59357e-05
-6.7594e-06
-1.58723e-05
-7.36811e-06
-1.56355e-05
-7.85711e-06
-1.50629e-05
-1.39417e-05
-8.12439e-06
-2.80343e-07
-1.00423e-05
-5.3247e-07
-1.21322e-05
-7.27063e-07
-1.33106e-05
-8.76762e-07
-1.41553e-05
-1.00397e-06
-1.47771e-05
-1.12825e-06
-1.52277e-05
-1.26359e-06
-1.5542e-05
-1.41946e-06
-1.57463e-05
-1.60218e-06
-1.58612e-05
-1.81615e-06
-1.59039e-05
-2.06489e-06
-1.58897e-05
-2.35171e-06
-1.58327e-05
-2.68024e-06
-1.57468e-05
-3.05477e-06
-1.5646e-05
-3.48034e-06
-1.55439e-05
-3.96254e-06
-1.54526e-05
-4.50652e-06
-1.53801e-05
-5.11458e-06
-1.53249e-05
-5.78209e-06
-1.52681e-05
-6.49119e-06
-1.51632e-05
-7.20295e-06
-1.49237e-05
-7.85057e-06
-1.44153e-05
-1.34555e-05
-8.33668e-06
-3.99279e-07
-9.64295e-06
-6.46274e-07
-1.18852e-05
-7.91263e-07
-1.31657e-05
-8.77901e-07
-1.40686e-05
-9.44289e-07
-1.47108e-05
-1.01585e-06
-1.51561e-05
-1.10708e-06
-1.54507e-05
-1.22553e-06
-1.56278e-05
-1.375e-06
-1.57117e-05
-1.5576e-06
-1.57213e-05
-1.77503e-06
-1.56722e-05
-2.02932e-06
-1.55784e-05
-2.32331e-06
-1.54528e-05
-2.66093e-06
-1.53083e-05
-3.04735e-06
-1.51574e-05
-3.48894e-06
-1.50109e-05
-3.99266e-06
-1.48763e-05
-4.56439e-06
-1.47531e-05
-5.20586e-06
-1.46267e-05
-5.90934e-06
-1.44598e-05
-6.65018e-06
-1.4183e-05
-7.37833e-06
-1.36872e-05
-1.28221e-05
-8.01173e-06
-5.87472e-07
-9.05545e-06
-8.17706e-07
-1.16549e-05
-8.87287e-07
-1.30961e-05
-8.89196e-07
-1.40666e-05
-8.81015e-07
-1.4719e-05
-8.92737e-07
-1.51444e-05
-9.36396e-07
-1.54071e-05
-1.01521e-06
-1.5549e-05
-1.12892e-06
-1.5598e-05
-1.27645e-06
-1.55737e-05
-1.45717e-06
-1.54915e-05
-1.67147e-06
-1.5364e-05
-1.92104e-06
-1.52032e-05
-2.209e-06
-1.50203e-05
-2.54001e-06
-1.48262e-05
-2.92016e-06
-1.46306e-05
-3.35667e-06
-1.44398e-05
-3.85675e-06
-1.42531e-05
-4.42563e-06
-1.40579e-05
-5.06282e-06
-1.38227e-05
-5.75621e-06
-1.34896e-05
-6.47433e-06
-1.29691e-05
-1.21386e-05
-7.15786e-06
-8.82266e-07
-8.17316e-06
-1.04526e-06
-1.14919e-05
-9.97283e-07
-1.31441e-05
-8.89952e-07
-1.4174e-05
-7.98328e-07
-1.48106e-05
-7.50188e-07
-1.51925e-05
-7.49183e-07
-1.54081e-05
-7.90986e-07
-1.55072e-05
-8.69963e-07
-1.55189e-05
-9.81449e-07
-1.54622e-05
-1.12245e-06
-1.53504e-05
-1.29178e-06
-1.51947e-05
-1.48997e-06
-1.5005e-05
-1.71917e-06
-1.4791e-05
-1.98311e-06
-1.45622e-05
-2.28691e-06
-1.43268e-05
-2.63675e-06
-1.409e-05
-3.03928e-06
-1.38507e-05
-3.50032e-06
-1.3597e-05
-4.02266e-06
-1.33005e-05
-4.60222e-06
-1.29102e-05
-5.22274e-06
-1.23487e-05
-1.15129e-05
-5.84852e-06
-1.34117e-06
-6.83196e-06
-1.31925e-06
-1.15139e-05
-1.08348e-06
-1.33798e-05
-8.4191e-07
-1.44155e-05
-6.71374e-07
-1.49812e-05
-5.76743e-07
-1.52872e-05
-5.43415e-07
-1.54414e-05
-5.56736e-07
-1.54938e-05
-6.05601e-07
-1.547e-05
-6.82478e-07
-1.53853e-05
-7.82809e-07
-1.52501e-05
-9.04414e-07
-1.50731e-05
-1.04701e-06
-1.48624e-05
-1.21191e-06
-1.46261e-05
-1.40177e-06
-1.43724e-05
-1.62031e-06
-1.41083e-05
-1.87208e-06
-1.38383e-05
-2.1619e-06
-1.3561e-05
-2.49415e-06
-1.32648e-05
-2.87138e-06
-1.29233e-05
-3.2924e-06
-1.24892e-05
-3.74936e-06
-1.18918e-05
-1.10382e-05
-4.22406e-06
-1.93174e-06
-4.90019e-06
-1.58615e-06
-1.18594e-05
-1.0405e-06
-1.39255e-05
-6.74454e-07
-1.47816e-05
-4.69018e-07
-1.51866e-05
-3.64309e-07
-1.53919e-05
-3.224e-07
-1.54832e-05
-3.21041e-07
-1.54951e-05
-3.46869e-07
-1.54441e-05
-3.92003e-07
-1.53401e-05
-4.52059e-07
-1.519e-05
-5.24964e-07
-1.50002e-05
-6.10219e-07
-1.47771e-05
-7.08511e-07
-1.45278e-05
-8.2143e-07
-1.42595e-05
-9.51233e-07
-1.39786e-05
-1.10061e-06
-1.3689e-05
-1.27222e-06
-1.33894e-05
-1.46819e-06
-1.30689e-05
-1.68929e-06
-1.27022e-05
-1.93392e-06
-1.22446e-05
-2.19715e-06
-1.16285e-05
-1.0764e-05
-2.47132e-06
-2.2339e-06
-1.2198e-06
-5.7428e-07
-3.03772e-07
-1.8042e-07
-1.2462e-07
-1.03627e-07
-1.01488e-07
-1.10236e-07
-1.2588e-07
-1.46439e-07
-1.71039e-07
-1.99447e-07
-2.31863e-07
-2.68812e-07
-3.11053e-07
-3.59468e-07
-4.14841e-07
-4.77585e-07
-5.47319e-07
-6.22188e-07
-6.9854e-07
-7.73661e-07
8.6281e-06
-5.21003e-06
1.47722e-05
-6.14413e-06
2.23849e-05
-7.61271e-06
-9.85637e-06
3.22413e-05
1.00842e-05
-8.92962e-06
1.44628e-05
-1.05228e-05
1.933e-05
-1.24799e-05
-1.47961e-05
2.42697e-05
8.81119e-06
-1.09272e-05
1.086e-05
-1.25716e-05
1.27364e-05
-1.43563e-05
-1.6272e-05
1.42123e-05
7.37257e-06
-1.15132e-05
7.62698e-06
-1.2826e-05
7.31073e-06
-1.40401e-05
-1.52611e-05
6.29986e-06
7.42959e-06
-1.12298e-05
5.98346e-06
-1.13798e-05
2.70033e-06
-1.07569e-05
-1.05004e-05
-2.06032e-06
1.1585e-05
-9.93284e-06
7.56859e-06
-7.36341e-06
-6.6694e-07
-2.5214e-06
2.59e-06
-1.37575e-05
1.07534e-06
-4.67058e-06
-5.38641e-06
-9.01709e-07
-1.20293e-05
4.12148e-06
6.45796e-06
-1.58973e-05
5.08587e-06
-9.20152e-07
2.83796e-06
1.34625e-06
3.15553e-06
3.80387e-06
5.09504e-06
4.51836e-06
1.29109e-05
1.31806e-06
1.13731e-05
2.88406e-06
1.07082e-05
4.46875e-06
5.71118e-06
1.0092e-05
1.87535e-05
2.77597e-06
1.75936e-05
4.04396e-06
1.6609e-05
5.45345e-06
6.92797e-06
1.53922e-05
2.24216e-05
3.72774e-06
2.15948e-05
4.8707e-06
2.08033e-05
6.2451e-06
7.86835e-06
1.98629e-05
2.43462e-05
4.29114e-06
2.38378e-05
5.37907e-06
2.33475e-05
6.73549e-06
8.40507e-06
2.28107e-05
2.49617e-05
4.55462e-06
2.47214e-05
5.61944e-06
2.44973e-05
6.95959e-06
8.61709e-06
2.42853e-05
2.46172e-05
4.60061e-06
2.45737e-05
5.66284e-06
2.45393e-05
6.99399e-06
8.62545e-06
2.45309e-05
2.36128e-05
4.49686e-06
2.36998e-05
5.57576e-06
2.37799e-05
6.91382e-06
8.53274e-06
2.38726e-05
2.22129e-05
4.28882e-06
2.23863e-05
5.40235e-06
2.25332e-05
6.76681e-06
8.39716e-06
2.26688e-05
2.06352e-05
3.99987e-06
2.08762e-05
5.16127e-06
2.10745e-05
6.56847e-06
8.23249e-06
2.12392e-05
1.90356e-05
3.63661e-06
1.93449e-05
4.85201e-06
1.96025e-05
6.31077e-06
8.02242e-06
1.98126e-05
1.75007e-05
3.19696e-06
1.78879e-05
4.46484e-06
1.82233e-05
5.97538e-06
7.73799e-06
1.85076e-05
1.60535e-05
2.67731e-06
1.65283e-05
3.98993e-06
1.69585e-05
5.54521e-06
7.35276e-06
1.73436e-05
1.46732e-05
2.07685e-06
1.52407e-05
3.42236e-06
1.57753e-05
5.01055e-06
6.85078e-06
1.62773e-05
1.33174e-05
1.39972e-06
1.39757e-05
2.76391e-06
1.46157e-05
4.37054e-06
6.22805e-06
1.52385e-05
1.19371e-05
6.55894e-07
1.26774e-05
2.02361e-06
1.34149e-05
3.63298e-06
5.49126e-06
1.41517e-05
1.04863e-05
-1.38382e-07
1.12923e-05
1.21761e-06
1.21115e-05
2.81386e-06
4.65652e-06
1.29462e-05
8.92751e-06
-9.61549e-07
9.77705e-06
3.68145e-07
1.06549e-05
1.93601e-06
3.74732e-06
1.15641e-05
7.23742e-06
-1.78881e-06
8.10433e-06
-4.98762e-07
9.01375e-06
1.02655e-06
2.79179e-06
9.96927e-06
5.4118e-06
-2.59441e-06
6.26898e-06
-1.35591e-06
7.18165e-06
1.13868e-07
1.8194e-06
8.15405e-06
3.46852e-06
-3.35392e-06
4.29026e-06
-2.17761e-06
5.17937e-06
-7.75245e-07
8.57859e-07
6.14092e-06
1.44596e-06
-4.04624e-06
2.20997e-06
-2.94161e-06
3.0522e-06
-1.61746e-06
-6.85498e-08
3.97865e-06
-5.95905e-07
-4.65271e-06
9.05863e-08
-3.62807e-06
8.65634e-07
-2.39243e-06
-9.39903e-07
1.73705e-06
-2.58043e-06
-5.15584e-06
-1.98892e-06
-4.21957e-06
-1.29883e-06
-3.08247e-06
-1.73758e-06
-5.01118e-07
-4.42054e-06
-5.54172e-06
-3.93968e-06
-4.70045e-06
-3.35151e-06
-3.67059e-06
-2.44419e-06
-2.64485e-06
-6.02295e-06
-5.79956e-06
-5.66587e-06
-5.05751e-06
-5.19474e-06
-4.14165e-06
-3.04281e-06
-4.59605e-06
-7.29202e-06
-5.92296e-06
-7.06878e-06
-5.28072e-06
-6.72809e-06
-4.48227e-06
-3.51736e-06
-6.25349e-06
-8.13469e-06
-5.91258e-06
-8.04984e-06
-5.36556e-06
-7.84928e-06
-4.68283e-06
-3.85342e-06
-7.5132e-06
-8.46915e-06
-5.78009e-06
-8.5173e-06
-5.31738e-06
-8.45837e-06
-4.74174e-06
-4.0423e-06
-8.26942e-06
-8.2395e-06
-5.55231e-06
-8.39997e-06
-5.15691e-06
-8.46964e-06
-4.67206e-06
-4.08823e-06
-8.42376e-06
-7.43744e-06
-5.27279e-06
-7.67048e-06
-4.92391e-06
-7.83519e-06
-4.50735e-06
-4.0162e-06
-7.90726e-06
-6.12474e-06
-4.9966e-06
-6.37435e-06
-4.67432e-06
-6.57999e-06
-4.30176e-06
-3.87538e-06
-6.72086e-06
-4.44351e-06
-4.77714e-06
-4.65071e-06
-4.46715e-06
-4.83437e-06
-4.11808e-06
-3.72968e-06
-4.98011e-06
-2.59807e-06
-4.65032e-06
-2.7197e-06
-4.34552e-06
-2.8302e-06
-4.00757e-06
-3.63877e-06
-2.92111e-06
-8.06116e-07
-8.36547e-07
-8.62781e-07
-8.81157e-07
7.06108e-05
-3.16807e-05
9.06796e-05
-6.04825e-05
0.000107155
-7.37781e-05
0.000161293
-6.4636e-05
0.000182367
5.04043e-05
0.000164013
0.000211598
7.5717e-05
0.000345713
-3.00844e-05
0.000355938
-9.67621e-05
0.000197068
-0.000116333
4.0834e-05
-0.000101888
-5.51409e-05
-7.58152e-05
-8.32996e-05
-5.50466e-05
-6.7476e-05
-4.19269e-05
-0.000100328
-2.66253e-05
-0.000143047
-1.65169e-05
-0.000147867
-9.72069e-06
-0.000135676
-5.12458e-06
-0.000117158
-8.87456e-05
3.71109e-05
-4.45219e-05
4.0231e-05
-6.36026e-05
3.40843e-05
-6.76314e-05
5.65835e-05
-8.71351e-05
9.86186e-05
8.36921e-06
4.59517e-05
0.000264265
-1.64103e-05
0.000408075
-4.86662e-05
0.000388194
-7.2179e-05
0.000220581
-7.62125e-05
4.48676e-05
-5.77702e-05
-7.35832e-05
-3.71573e-05
-0.000103913
-1.18124e-05
-9.28207e-05
3.51094e-06
-0.000115651
8.38223e-06
-0.000147918
8.74258e-06
-0.000148227
7.49509e-06
-0.000134428
4.9238e-06
-0.000114586
-8.38217e-05
1.58874e-05
-4.6197e-05
7.91178e-06
-5.56269e-05
-8.62972e-06
-5.10899e-05
-5.54281e-05
-4.03366e-05
-4.75078e-05
4.48848e-07
-3.9613e-05
0.00025637
-3.90496e-05
0.000407512
-2.18206e-05
0.000370965
-1.16572e-05
0.000210417
-2.16301e-06
3.53736e-05
9.00918e-06
-8.47551e-05
1.96968e-05
-0.0001146
2.44135e-05
-9.75378e-05
3.43307e-05
-0.000125568
2.97169e-05
-0.000143304
2.36216e-05
-0.000142132
1.67041e-05
-0.000127511
9.84838e-06
-0.000107731
-7.39734e-05
1.68359e-06
-4.15808e-05
-8.27426e-06
-4.56691e-05
-2.89143e-05
-3.04498e-05
-6.0614e-05
-8.63672e-06
-9.54195e-05
3.52542e-05
-3.99352e-05
0.000200886
1.87825e-05
0.000348794
6.5664e-05
0.000324084
8.53244e-05
0.000190757
8.36045e-05
3.70933e-05
7.16026e-05
-7.27533e-05
5.64327e-05
-9.94307e-05
5.57698e-05
-9.68749e-05
4.71301e-05
-0.000116929
3.7408e-05
-0.000133582
2.70926e-05
-0.000131816
1.77529e-05
-0.000118171
1.01804e-05
-0.000100158
-6.37929e-05
-1.01697e-05
-3.34713e-05
-1.69898e-05
-3.8849e-05
-2.69857e-05
-2.04539e-05
-4.44081e-05
8.78569e-06
-4.04909e-05
3.13371e-05
2.25105e-05
0.000137884
0.000109647
0.000261657
0.000166907
0.000266824
0.000178063
0.000179601
0.000150439
6.47168e-05
9.43901e-05
-1.67045e-05
6.35942e-05
-6.86347e-05
5.18361e-05
-8.51167e-05
4.33433e-05
-0.000108436
3.25334e-05
-0.000122772
2.03106e-05
-0.000119594
1.23247e-05
-0.000110185
6.9992e-06
-9.48326e-05
-5.67937e-05
-2.80238e-05
-1.9205e-05
-2.70607e-05
-3.98121e-05
-3.05238e-05
-1.69909e-05
-3.5026e-05
1.32879e-05
-4.91062e-05
4.54174e-05
1.7966e-05
7.08121e-05
0.000119388
0.000160235
0.000178704
0.000207508
0.000171263
0.000187043
0.000113409
0.00012257
7.85216e-05
1.81819e-05
5.22201e-05
-4.2333e-05
4.0322e-05
-7.32186e-05
3.01268e-05
-9.82405e-05
1.79204e-05
-0.000110566
7.07217e-06
-0.000108745
2.55603e-06
-0.000105669
1.52481e-06
-9.38014e-05
-5.52689e-05
-2.62621e-05
-8.84017e-06
-4.52786e-05
-2.07956e-05
-3.89312e-05
-2.33383e-05
-3.68613e-05
1.1218e-05
-3.69838e-05
4.55399e-05
-4.5081e-05
7.89092e-05
1.30436e-05
0.000102111
7.09042e-05
0.000149647
6.5212e-05
0.000192735
4.51691e-05
0.000142614
4.97528e-05
1.35982e-05
3.42155e-05
-2.67957e-05
2.28465e-05
-6.18496e-05
9.59492e-06
-8.49889e-05
-4.28184e-06
-9.66892e-05
-1.08244e-05
-0.000102203
-1.0699e-05
-0.000105794
-4.81136e-06
-9.96891e-05
-6.00803e-05
-1.18097e-05
7.48788e-06
-3.17188e-05
-8.86559e-07
-5.10834e-05
-3.97371e-06
-4.29533e-05
3.08792e-06
-3.7872e-05
4.04587e-05
-3.54164e-05
7.64535e-05
-4.11307e-05
0.000107825
-1.37205e-05
0.000122237
5.17588e-06
0.000173838
4.20907e-05
0.0001057
2.77318e-05
2.7957e-05
1.68496e-05
-1.59134e-05
1.71599e-06
-4.6716e-05
-1.73814e-05
-6.58916e-05
-3.58148e-05
-7.82557e-05
-3.72594e-05
-0.000100758
-2.56362e-05
-0.000117418
-1.04298e-05
-0.000114896
-7.05101e-05
1.15733e-06
1.64225e-05
-1.79324e-05
1.82031e-05
-3.93328e-05
1.74267e-05
-5.38575e-05
1.76126e-05
-4.32289e-05
2.98301e-05
-3.69135e-05
7.01382e-05
-3.36078e-05
0.000104519
-3.86958e-05
0.000127325
7.98899e-07
0.000134343
2.14501e-05
8.50485e-05
1.4735e-05
3.46721e-05
7.95089e-07
-1.97347e-06
-2.02145e-05
-2.57065e-05
-5.21656e-05
-3.39404e-05
-7.73134e-05
-5.3108e-05
-7.61071e-05
-0.000101964
-5.20216e-05
-0.000141503
-1.92731e-05
-0.000147644
-8.97832e-05
9.7954e-06
2.20193e-05
-1.46819e-06
2.94667e-05
-2.0507e-05
3.64653e-05
-4.02184e-05
3.73242e-05
-5.40364e-05
4.36481e-05
-4.11923e-05
5.7294e-05
-3.18536e-05
9.51806e-05
-2.17345e-05
0.000117206
-3.64628e-07
0.000112973
8.74729e-06
7.59366e-05
3.41564e-06
4.00038e-05
-1.14853e-05
1.29275e-05
-4.04407e-05
3.24898e-06
-9.11808e-05
1.67997e-05
-0.000124254
-2.00347e-05
-0.000120968
-0.000105251
-8.37385e-05
-0.000178732
-2.8846e-05
-0.000202536
-0.000118629
1.64396e-05
2.54424e-05
1.05069e-05
3.53996e-05
1.09844e-06
4.58736e-05
-1.67666e-05
5.51891e-05
-3.49783e-05
6.18597e-05
-4.86171e-05
7.09327e-05
-3.31423e-05
7.97058e-05
-1.84978e-05
0.000102561
-4.3089e-06
9.87845e-05
6.11195e-07
7.10165e-05
-2.0401e-06
4.2655e-05
-1.3381e-05
2.42684e-05
-5.41984e-05
4.40663e-05
-0.000122985
8.55861e-05
-0.000180935
3.79152e-05
-0.000170496
-0.000115689
-0.00011099
-0.000238238
-4.32949e-05
-0.000270232
-0.000161924
2.11224e-05
2.71308e-05
1.84784e-05
3.80434e-05
1.43804e-05
4.99717e-05
6.90411e-06
6.26655e-05
-5.84186e-06
7.46055e-05
-2.05052e-05
8.5596e-05
-3.25512e-05
9.17518e-05
-1.76861e-05
8.76963e-05
-5.20734e-06
8.63058e-05
-1.21985e-07
6.59311e-05
1.47466e-06
4.10584e-05
-2.14225e-06
2.78853e-05
-6.81634e-05
0.000110088
-0.000152666
0.000170088
-0.000236918
0.000122168
-0.000189918
-0.00016269
-0.000105816
-0.00032234
-4.69987e-05
-0.000329049
-0.000208923
2.37627e-05
2.76532e-05
2.30442e-05
3.87617e-05
2.20075e-05
5.10085e-05
2.00323e-05
6.46406e-05
1.54904e-05
7.91473e-05
8.84991e-06
9.22364e-05
3.55916e-06
9.70426e-05
-6.57188e-07
9.19127e-05
6.29416e-06
7.93544e-05
9.4013e-06
6.2824e-05
9.60882e-06
4.08509e-05
-5.58812e-05
9.33753e-05
-0.000167361
0.000221567
-0.000233937
0.000236664
-0.000201867
9.00985e-05
-9.81681e-05
-0.000266389
-5.93208e-05
-0.000361188
-3.77726e-05
-0.000350597
-0.000246695
2.4603e-05
2.75811e-05
2.47346e-05
3.86299e-05
2.49288e-05
5.08143e-05
2.51423e-05
6.44271e-05
2.51019e-05
7.91877e-05
2.41141e-05
9.32243e-05
2.09002e-05
0.000100257
1.7443e-05
9.53699e-05
1.57408e-05
8.10566e-05
1.13131e-05
6.72516e-05
-3.44999e-05
8.66639e-05
-0.000121836
0.000180712
-0.000176117
0.000275848
-0.000164084
0.00022463
-8.19863e-05
8.00117e-06
-2.33227e-05
-0.000325052
-2.18703e-05
-0.00036264
-2.25784e-05
-0.000349889
-0.000269274
2.41382e-05
2.73155e-05
2.43846e-05
3.83836e-05
2.45742e-05
5.06248e-05
2.46799e-05
6.43215e-05
2.44824e-05
7.93852e-05
2.30718e-05
9.46349e-05
1.73765e-05
0.000105952
5.94852e-06
0.000106798
-1.11598e-05
9.81649e-05
-4.17424e-05
9.78342e-05
-9.08549e-05
0.000135776
-0.000128542
0.000218399
-0.000115456
0.000262762
-6.01459e-05
0.00016932
-3.82498e-06
-4.83199e-05
-4.0347e-06
-0.000324843
-5.35539e-06
-0.00036132
-1.11757e-05
-0.000344069
-0.00028045
2.29405e-05
2.70439e-05
2.30011e-05
3.83231e-05
2.27229e-05
5.09031e-05
2.19668e-05
6.50778e-05
2.04332e-05
8.09189e-05
1.72874e-05
9.77809e-05
1.02923e-05
0.000112947
-3.48129e-06
0.000120571
-2.75346e-05
0.000122218
-6.20212e-05
0.00013232
-9.52119e-05
0.000168967
-9.72847e-05
0.000220472
-5.65384e-05
0.000222015
-4.87336e-07
0.000113269
2.76386e-05
-7.6446e-05
8.12654e-06
-0.000305331
-3.7474e-06
-0.000349446
-5.6233e-06
-0.000342193
-0.000286073
2.14946e-05
2.67885e-05
2.1376e-05
3.84419e-05
2.07119e-05
5.15673e-05
1.9322e-05
6.64678e-05
1.6928e-05
8.33131e-05
1.29453e-05
0.000101764
5.94702e-06
0.000119945
-7.14012e-06
0.000133658
-2.9138e-05
0.000144216
-5.59412e-05
0.000159124
-7.19644e-05
0.00018499
-5.85863e-05
0.000207094
-1.77231e-05
0.000181152
2.1258e-05
7.42879e-05
3.03035e-05
-8.54915e-05
9.7293e-06
-0.000284757
-8.30783e-07
-0.000338886
-1.77202e-06
-0.000341252
-0.000287845
2.01202e-05
2.64811e-05
1.99731e-05
3.8589e-05
1.92064e-05
5.23341e-05
1.76788e-05
6.79954e-05
1.52308e-05
8.5761e-05
1.15547e-05
0.000105439
5.7645e-06
0.000125735
-4.47082e-06
0.000143893
-2.00512e-05
0.000159796
-3.61781e-05
0.00017525
-4.11727e-05
0.000189985
-2.52357e-05
0.000191157
4.51498e-06
0.000151402
2.41186e-05
5.46842e-05
1.81996e-05
-7.95725e-05
8.5041e-06
-0.000275061
6.47513e-06
-0.000336857
-2.11779e-06
-0.000332659
-0.000289963
1.89685e-05
2.60203e-05
1.89771e-05
3.85806e-05
1.84035e-05
5.29078e-05
1.71748e-05
6.92242e-05
1.52639e-05
8.76718e-05
1.26052e-05
0.000108098
8.76815e-06
0.000129572
2.54859e-06
0.000150113
-5.94019e-06
0.000168285
-1.31452e-05
0.000182456
-1.21538e-05
0.000188994
1.20379e-06
0.0001778
1.96536e-05
0.000132952
2.629e-05
4.8048e-05
1.46666e-05
-6.7949e-05
2.28217e-05
-0.000283217
1.11514e-05
-0.000325186
1.33299e-06
-0.00032284
-0.00028863
1.80566e-05
2.53073e-05
1.83803e-05
3.82568e-05
1.82296e-05
5.30587e-05
1.75988e-05
6.9855e-05
1.65659e-05
8.87047e-05
1.52435e-05
0.00010942
1.35859e-05
0.00013123
1.12249e-05
0.000152474
8.55395e-06
0.000170956
7.56979e-06
0.00018344
1.15918e-05
0.000184972
2.16398e-05
0.000167752
3.18748e-05
0.000122717
3.28704e-05
4.70525e-05
2.34044e-05
-5.84829e-05
2.55056e-05
-0.000285318
1.52085e-05
-0.000314889
6.27331e-06
-0.000313905
-0.000282356
1.73146e-05
2.42701e-05
1.80615e-05
3.75098e-05
1.84743e-05
5.26459e-05
1.85982e-05
6.97311e-05
1.85782e-05
8.87247e-05
1.86345e-05
0.000109364
1.89563e-05
0.000130908
1.96074e-05
0.000151823
2.09094e-05
0.000169653
2.36984e-05
0.000180651
2.90205e-05
0.000179649
3.63949e-05
0.000160377
4.20941e-05
0.000117018
4.17164e-05
4.74302e-05
3.54404e-05
-5.22068e-05
2.36751e-05
-0.000273553
1.62985e-05
-0.000307513
9.2082e-06
-0.000306815
-0.000273148
1.66318e-05
2.28769e-05
1.78498e-05
3.6292e-05
1.88792e-05
5.16164e-05
1.97944e-05
6.88158e-05
2.07684e-05
8.77507e-05
2.20596e-05
0.000108073
2.39431e-05
0.000129024
2.66168e-05
0.000149149
3.02435e-05
0.000166027
3.49223e-05
0.000175972
4.04722e-05
0.000174099
4.58959e-05
0.000154954
4.92989e-05
0.000113615
4.98996e-05
4.68295e-05
4.88714e-05
-5.11784e-05
1.97235e-05
-0.000244405
1.59658e-05
-0.000303755
9.87571e-06
-0.000300725
-0.000263272
1.58906e-05
2.1138e-05
1.75721e-05
3.46104e-05
1.92003e-05
4.99881e-05
2.08575e-05
6.71587e-05
2.2712e-05
8.58962e-05
2.50068e-05
0.000105778
2.80025e-05
0.000126028
3.18748e-05
0.000145277
3.66184e-05
0.000161283
4.19043e-05
0.000170686
4.69595e-05
0.000169044
5.06252e-05
0.000151288
5.20053e-05
0.000112235
5.21656e-05
4.66692e-05
5.42606e-05
-5.32736e-05
3.03264e-05
-0.000220471
1.50519e-05
-0.00028848
9.84047e-06
-0.000295514
-0.000253432
1.4987e-05
1.90972e-05
1.70832e-05
3.25142e-05
1.92446e-05
4.78266e-05
2.15452e-05
6.4858e-05
2.41278e-05
8.33136e-05
2.71891e-05
0.000102717
3.09264e-05
0.000122291
3.54335e-05
0.000140769
4.05605e-05
0.000156156
4.57414e-05
0.000165505
4.99152e-05
0.000164871
5.17326e-05
0.000149471
5.0159e-05
0.000113809
4.53048e-05
5.15235e-05
3.85936e-05
-4.65625e-05
2.38614e-05
-0.000205739
1.69446e-05
-0.000281564
1.00544e-05
-0.000288623
-0.000243378
1.38428e-05
1.68184e-05
1.62799e-05
3.00769e-05
1.8884e-05
4.52225e-05
2.1712e-05
6.20301e-05
2.48714e-05
8.01543e-05
2.85033e-05
9.90849e-05
3.27324e-05
0.000118062
3.75688e-05
0.000135933
4.27657e-05
0.000150959
4.76507e-05
0.00016062
5.1042e-05
0.000161479
5.14142e-05
0.000149099
4.73635e-05
0.00011786
3.83651e-05
6.0522e-05
2.80802e-05
-3.62775e-05
2.96417e-05
-0.0002073
2.17978e-05
-0.00027372
1.1408e-05
-0.000278233
-0.00023197
1.24133e-05
1.43742e-05
1.51082e-05
2.7382e-05
1.80575e-05
4.22733e-05
2.12995e-05
5.87881e-05
2.49072e-05
7.65468e-05
2.89719e-05
9.50202e-05
3.35599e-05
0.000113474
3.86278e-05
0.000130865
4.38967e-05
0.00014569
4.87041e-05
0.000155813
5.19123e-05
0.000158271
5.20226e-05
0.000148989
4.76822e-05
0.0001222
3.9263e-05
6.89412e-05
3.6521e-05
-3.35354e-05
3.73295e-05
-0.000208109
2.67031e-05
-0.000263093
1.37155e-05
-0.000265246
-0.000218254
1.06912e-05
1.18371e-05
1.35615e-05
2.45116e-05
1.67638e-05
3.90711e-05
2.03204e-05
5.52315e-05
2.42769e-05
7.25903e-05
2.86894e-05
9.06079e-05
3.35904e-05
0.000108573
3.89233e-05
0.000125532
4.44448e-05
0.000140169
4.96109e-05
0.000150647
5.35011e-05
0.000154381
5.4897e-05
0.000147593
5.27693e-05
0.000124328
4.78827e-05
7.38276e-05
4.54843e-05
-3.11371e-05
4.04955e-05
-0.00020312
3.0183e-05
-0.000252781
1.55013e-05
-0.000250564
-0.000202753
8.70431e-06
9.2737e-06
1.1676e-05
2.15399e-05
1.50511e-05
3.56961e-05
1.88409e-05
5.14418e-05
2.30729e-05
6.83581e-05
2.77833e-05
8.58975e-05
3.29955e-05
0.000103361
3.8673e-05
0.000119855
4.46555e-05
0.000134186
5.05906e-05
0.000144711
5.59034e-05
0.000149068
5.98848e-05
0.000143611
6.20711e-05
0.000122141
6.26022e-05
7.32962e-05
5.62741e-05
-2.48091e-05
3.85269e-05
-0.000185373
3.09487e-05
-0.000245203
1.57735e-05
-0.000235389
-0.000186979
6.51013e-06
6.7423e-06
9.5211e-06
1.8529e-05
1.30041e-05
3.22132e-05
1.69642e-05
4.74817e-05
2.14185e-05
6.39039e-05
2.63946e-05
8.09214e-05
3.19226e-05
9.7833e-05
3.80023e-05
0.000113775
4.45649e-05
0.000127624
5.14446e-05
0.000137832
5.83905e-05
0.000142123
6.51385e-05
0.000136863
7.1556e-05
0.000115724
7.70812e-05
6.7771e-05
7.5016e-05
-2.27439e-05
4.78696e-05
-0.000158227
2.82169e-05
-0.00022555
1.44438e-05
-0.000221616
-0.000172536
4.18732e-06
4.29204e-06
7.18797e-06
1.55284e-05
1.07302e-05
2.86708e-05
1.48159e-05
4.3396e-05
1.94556e-05
5.92643e-05
2.46721e-05
7.57049e-05
3.05078e-05
9.19973e-05
3.69962e-05
0.000107287
4.41346e-05
0.000120485
5.1867e-05
0.000130099
6.00972e-05
0.000133892
6.86612e-05
0.000128299
7.70176e-05
0.000107367
8.28139e-05
6.19746e-05
7.71951e-05
-1.7125e-05
4.61643e-05
-0.000127196
2.35571e-05
-0.000202943
1.25648e-05
-0.000210623
-0.000159971
1.82999e-06
1.96086e-06
4.77737e-06
1.25811e-05
8.34392e-06
2.51042e-05
1.25272e-05
3.92127e-05
1.73315e-05
5.44602e-05
2.27715e-05
7.02649e-05
2.88913e-05
8.58776e-05
3.5757e-05
0.000100421
4.33909e-05
0.000112852
5.17577e-05
0.000121732
6.07517e-05
0.000124898
7.00261e-05
0.000119025
7.83692e-05
9.90242e-05
8.20936e-05
5.82503e-05
7.32243e-05
-8.25548e-06
4.62168e-05
-0.000100188
2.25371e-05
-0.000179263
9.38997e-06
-0.000197476
-0.000150581
-4.79724e-07
-2.04265e-07
2.38584e-06
9.71568e-06
5.95172e-06
2.15385e-05
1.02159e-05
3.49485e-05
1.51779e-05
4.94983e-05
2.08417e-05
6.46011e-05
2.72265e-05
7.94928e-05
3.44292e-05
9.32181e-05
4.24469e-05
0.000104834
5.12261e-05
0.000112953
6.05967e-05
0.000115528
6.99984e-05
0.000109623
7.78214e-05
9.12013e-05
8.01448e-05
5.5927e-05
7.09019e-05
9.87545e-07
4.62312e-05
-7.55174e-05
2.58466e-05
-0.000158878
5.49216e-06
-0.000177122
-0.000145089
-2.63699e-06
-2.16327e-06
1.06504e-07
6.97221e-06
3.64233e-06
1.80029e-05
7.97019e-06
3.06206e-05
1.30856e-05
4.43827e-05
1.89855e-05
5.87013e-05
2.5652e-05
7.28264e-05
3.31284e-05
8.57416e-05
4.13982e-05
9.6564e-05
5.04e-05
0.000103951
5.9915e-05
0.000106013
6.92659e-05
0.000100272
7.67287e-05
8.37384e-05
7.87717e-05
5.3884e-05
7.06165e-05
9.14283e-06
4.79855e-05
-5.28865e-05
2.55598e-05
-0.000136453
1.11448e-05
-0.000162707
-0.000133944
-4.54708e-06
-3.86961e-06
-1.97577e-06
4.40078e-06
1.48591e-06
1.45413e-05
5.8433e-06
2.62632e-05
1.10881e-05
3.91378e-05
1.7206e-05
5.25835e-05
2.41595e-05
6.5873e-05
3.1871e-05
7.803e-05
4.03535e-05
8.80816e-05
4.94767e-05
9.48281e-05
5.89676e-05
9.65217e-05
6.82007e-05
9.1039e-05
7.5464e-05
7.64751e-05
7.74314e-05
5.19167e-05
6.93984e-05
1.71758e-05
4.63248e-05
-2.98129e-05
2.67092e-05
-0.000116837
1.34166e-05
-0.000149414
-0.000120527
-6.11111e-06
-5.27157e-06
-3.77613e-06
2.06573e-06
-4.55473e-07
1.12207e-05
3.86806e-06
2.19399e-05
9.1839e-06
3.38221e-05
1.54649e-05
4.63024e-05
2.26706e-05
5.86674e-05
3.06675e-05
7.00331e-05
3.93702e-05
7.93788e-05
4.86043e-05
8.55939e-05
5.80548e-05
8.70712e-05
6.71796e-05
8.19144e-05
7.4385e-05
6.92696e-05
7.69657e-05
4.9336e-05
7.11104e-05
2.30312e-05
5.20412e-05
-1.07437e-05
2.26546e-05
-8.74505e-05
1.34785e-05
-0.000140238
-0.000107049
-7.21947e-06
-6.3213e-06
-5.19751e-06
4.38083e-08
-2.11004e-06
8.13319e-06
2.0806e-06
1.77494e-05
7.36951e-06
2.85335e-05
1.37257e-05
3.99462e-05
2.10955e-05
5.12977e-05
2.93725e-05
6.17561e-05
3.83808e-05
7.03705e-05
4.79081e-05
7.60668e-05
5.75534e-05
7.74257e-05
6.68646e-05
7.26031e-05
7.44321e-05
6.17021e-05
7.84261e-05
4.53419e-05
7.65932e-05
2.48643e-05
6.6252e-05
-4.02467e-07
2.882e-05
-5.00184e-05
1.43887e-05
-0.000125807
-9.266e-05
-7.75391e-06
-6.9911e-06
-6.12072e-06
-1.58931e-06
-3.37994e-06
5.39238e-06
5.38289e-07
1.38311e-05
5.64675e-06
2.34253e-05
1.19256e-05
3.36675e-05
1.93217e-05
4.39015e-05
2.77407e-05
5.3337e-05
3.70383e-05
6.10728e-05
4.70128e-05
6.60923e-05
5.71845e-05
6.7254e-05
6.66681e-05
6.31196e-05
7.46516e-05
5.37187e-05
8.04254e-05
3.9568e-05
8.30678e-05
2.22219e-05
8.02755e-05
2.39006e-06
5.79563e-05
-2.76991e-05
1.37243e-05
-8.15748e-05
-7.89356e-05
-7.59983e-06
-7.29855e-06
-6.40778e-06
-2.78132e-06
-4.12901e-06
3.11361e-06
-6.55199e-07
1.03572e-05
4.05614e-06
1.87139e-05
1.00131e-05
2.77107e-05
1.71727e-05
3.67419e-05
2.5439e-05
4.50707e-05
3.4663e-05
5.18488e-05
4.4618e-05
5.61373e-05
5.49155e-05
5.69564e-05
6.45485e-05
5.34866e-05
7.28689e-05
4.53984e-05
7.93808e-05
3.30561e-05
8.31917e-05
1.8411e-05
8.20909e-05
3.49094e-06
6.55798e-05
-1.11881e-05
2.29424e-05
-3.89378e-05
-5.5993e-05
-6.69297e-06
-7.32655e-06
-5.93445e-06
-3.53991e-06
-4.19706e-06
1.37625e-06
-1.33344e-06
7.49379e-06
2.72888e-06
1.46515e-05
8.05066e-06
2.2389e-05
1.46073e-05
3.01852e-05
2.22878e-05
3.73901e-05
3.09008e-05
4.32359e-05
4.01579e-05
4.68803e-05
4.96268e-05
4.74874e-05
5.87168e-05
4.43966e-05
6.67988e-05
3.73163e-05
7.32733e-05
2.65817e-05
7.7733e-05
1.39513e-05
7.77348e-05
3.48906e-06
5.86128e-05
7.93409e-06
3.39346e-05
-1.42599e-05
-2.20584e-05
-5.08915e-06
-7.21763e-06
-4.68123e-06
-3.94791e-06
-3.48561e-06
1.80615e-07
-1.32139e-06
5.32979e-06
1.88515e-06
1.1445e-05
6.28192e-06
1.79921e-05
1.18716e-05
2.45957e-05
1.8524e-05
3.07375e-05
2.5995e-05
3.57648e-05
3.39247e-05
3.89507e-05
4.18294e-05
3.95827e-05
4.91551e-05
3.70709e-05
5.53906e-05
3.10809e-05
6.02299e-05
2.17424e-05
6.40096e-05
1.01714e-05
6.50234e-05
2.47515e-06
5.78217e-05
1.51361e-05
3.52274e-05
8.33439e-06
1.3169e-05
-3.01917e-06
-7.11963e-06
-2.84747e-06
-4.11956e-06
-2.15004e-06
-5.16974e-07
-6.41625e-07
3.82136e-06
1.67778e-06
9.1256e-06
5.06279e-06
1.46069e-05
9.51551e-06
2.01431e-05
1.4886e-05
2.53671e-05
2.08837e-05
2.97669e-05
2.70768e-05
3.27576e-05
3.28901e-05
3.37694e-05
3.76219e-05
3.23392e-05
4.05337e-05
2.8169e-05
4.11742e-05
2.11018e-05
4.06941e-05
1.06515e-05
4.28212e-05
3.47863e-07
7.39609e-05
-1.60035e-05
0.000134195
-5.19003e-05
0.000147364
-8.8843e-07
-8.28503e-07
-6.65742e-07
1.15186e-07
1.85431e-06
4.55354e-06
8.16691e-06
1.25211e-05
1.72963e-05
2.20164e-05
2.60449e-05
2.85789e-05
2.86296e-05
2.50493e-05
1.77662e-05
2.19691e-05
0.000103729
0.000287285
)
;

boundaryField
{
    leftWall
    {
        type            calculated;
        value           uniform 0;
    }
    rightWall
    {
        type            calculated;
        value           uniform 0;
    }
    lowerWall
    {
        type            calculated;
        value           uniform 0;
    }
    atmosphere
    {
        type            calculated;
        value           nonuniform List<scalar> 
46
(
-2.6663e-06
-1.28735e-05
-1.4571e-05
-1.50521e-05
-1.53099e-05
-1.54476e-05
-1.55042e-05
-1.54972e-05
-1.54354e-05
-1.53245e-05
-1.51694e-05
-1.49756e-05
-1.47487e-05
-1.44954e-05
-1.42225e-05
-1.39364e-05
-1.36407e-05
-1.33341e-05
-1.30061e-05
-1.26325e-05
-1.21696e-05
-1.15521e-05
-1.06889e-05
-4.61788e-06
-4.31512e-06
-3.98141e-06
-3.6204e-06
-7.11236e-06
-4.17939e-06
-6.79718e-07
3.0405e-06
7.38667e-06
1.19077e-05
1.65296e-05
2.1013e-05
2.49917e-05
2.80376e-05
2.97411e-05
2.98051e-05
2.81181e-05
2.46822e-05
1.79346e-05
-3.85512e-06
-9.77637e-05
-0.000235456
0.000434649
)
;
    }
    defaultFaces
    {
        type            empty;
        value           nonuniform List<scalar> 0();
    }
}


// ************************************************************************* //
