/*--------------------------------*- C++ -*----------------------------------*\
| =========                 |                                                 |
| \\      /  F ield         | OpenFOAM: The Open Source CFD Toolbox           |
|  \\    /   O peration     | Version:  v2012                                 |
|   \\  /    A nd           | Website:  www.openfoam.com                      |
|    \\/     M anipulation  |                                                 |
\*---------------------------------------------------------------------------*/
FoamFile
{
    version     2.0;
    format      ascii;
    class       volVectorField;
    location    "0.65";
    object      U;
}
// * * * * * * * * * * * * * * * * * * * * * * * * * * * * * * * * * * * * * //

dimensions      [0 1 -1 0 0 0 0];


internalField   nonuniform List<vector> 
2268
(
(-0.0401361 0.0171821 0)
(-0.0809944 0.00964353 0)
(-0.0928969 -0.000998917 0)
(-0.0816071 -0.00561967 0)
(-0.0675752 -0.00598318 0)
(-0.0538379 -0.00506144 0)
(-0.0429828 -0.00388831 0)
(-0.0352466 -0.00281505 0)
(-0.0301079 -0.00198609 0)
(-0.0267755 -0.00146832 0)
(-0.0244543 -0.00120608 0)
(-0.0224911 -0.00101598 0)
(-0.0207569 -0.000930212 0)
(-0.0192718 -0.000720811 0)
(-0.0180953 -0.00029134 0)
(-0.0184571 0.000740022 0)
(-0.0218439 0.00279436 0)
(-0.03099 0.00591759 0)
(-0.0486417 0.00979563 0)
(-0.0750675 0.0139021 0)
(-0.119484 0.0102705 0)
(-0.141321 -0.0108673 0)
(-0.0552205 -0.0396177 0)
(-0.0445363 0.0391682 0)
(-0.0596688 0.0196236 0)
(-0.0606654 -0.000297667 0)
(-0.052784 -0.00864926 0)
(-0.0424156 -0.00986683 0)
(-0.0327815 -0.00841132 0)
(-0.0255322 -0.00624582 0)
(-0.0208235 -0.00421916 0)
(-0.0182524 -0.00266632 0)
(-0.017159 -0.00171358 0)
(-0.0168342 -0.00127421 0)
(-0.0167682 -0.00103927 0)
(-0.0168337 -0.000931183 0)
(-0.0170191 -0.000685699 0)
(-0.0173255 -0.000146068 0)
(-0.0181093 0.00127132 0)
(-0.0200514 0.00421115 0)
(-0.0246908 0.0090049 0)
(-0.0339477 0.0151372 0)
(-0.0477234 0.0210496 0)
(-0.0635925 0.0175258 0)
(-0.0795932 -0.00901899 0)
(-0.0277568 -0.0706414 0)
(-0.0333658 0.0576965 0)
(-0.0347068 0.0226842 0)
(-0.0357282 -0.00285178 0)
(-0.0297669 -0.0124496 0)
(-0.0229557 -0.0136518 0)
(-0.0170884 -0.0113807 0)
(-0.0132077 -0.00818304 0)
(-0.0113374 -0.00520942 0)
(-0.0111342 -0.00294194 0)
(-0.012045 -0.00155628 0)
(-0.0134443 -0.000929766 0)
(-0.0149141 -0.000651806 0)
(-0.0163602 -0.000505777 0)
(-0.0177511 -0.00027881 0)
(-0.0189833 0.00028638 0)
(-0.0200414 0.00181935 0)
(-0.0210386 0.00511605 0)
(-0.0224988 0.010732 0)
(-0.0249238 0.0178883 0)
(-0.0277679 0.0237016 0)
(-0.0262545 0.0181977 0)
(-0.0366682 -0.0116195 0)
(-0.000740009 -0.0884598 0)
(-0.0182064 0.0698988 0)
(-0.0124581 0.0237079 0)
(-0.0127606 -0.00419143 0)
(-0.00866465 -0.0149182 0)
(-0.0053431 -0.0158982 0)
(-0.00326758 -0.0128704 0)
(-0.00279229 -0.0088125 0)
(-0.00378353 -0.00508388 0)
(-0.00595371 -0.00226516 0)
(-0.00885181 -0.000585359 0)
(-0.0119212 0.000109634 0)
(-0.0148189 0.000346363 0)
(-0.0175012 0.000435275 0)
(-0.0199159 0.000544608 0)
(-0.0218669 0.000936267 0)
(-0.0230986 0.0022507 0)
(-0.0233265 0.00534425 0)
(-0.0225239 0.0108443 0)
(-0.0204553 0.0176594 0)
(-0.0164266 0.0223597 0)
(-0.00642083 0.0163118 0)
(-0.00813675 -0.0146301 0)
(0.0176131 -0.0908754 0)
(-0.00209059 0.0728015 0)
(0.0087131 0.0230973 0)
(0.00960321 -0.00531293 0)
(0.0113415 -0.0160074 0)
(0.0109098 -0.0163764 0)
(0.00905872 -0.0126517 0)
(0.0060993 -0.00796606 0)
(0.00226043 -0.00373214 0)
(-0.0022614 -0.000573284 0)
(-0.00712657 0.00124492 0)
(-0.0118308 0.00186312 0)
(-0.0160892 0.0019541 0)
(-0.0199149 0.00188537 0)
(-0.0232535 0.00176225 0)
(-0.0258192 0.00177513 0)
(-0.0271647 0.00254423 0)
(-0.0267256 0.00493508 0)
(-0.0242203 0.00962008 0)
(-0.0191559 0.015218 0)
(-0.0107547 0.0181037 0)
(0.00345071 0.0117722 0)
(0.0088257 -0.0183668 0)
(0.0284104 -0.0855419 0)
(0.0115824 0.0660327 0)
(0.0285181 0.0209484 0)
(0.0314039 -0.00604366 0)
(0.0300008 -0.0153851 0)
(0.0253542 -0.0148048 0)
(0.0195031 -0.010572 0)
(0.0132218 -0.00556277 0)
(0.00667942 -0.00111638 0)
(-6.75705e-05 0.00216457 0)
(-0.00681566 0.00393977 0)
(-0.0130921 0.00431408 0)
(-0.018634 0.00413723 0)
(-0.0235153 0.00379891 0)
(-0.0276883 0.00331691 0)
(-0.030795 0.00277108 0)
(-0.0322264 0.00271028 0)
(-0.0312086 0.0040105 0)
(-0.0274103 0.00744019 0)
(-0.0204061 0.0113678 0)
(-0.00931633 0.0121881 0)
(0.00702155 0.00508528 0)
(0.0169895 -0.0219181 0)
(0.0349659 -0.0778906 0)
(0.0205264 0.0521676 0)
(0.0464145 0.0161151 0)
(0.051742 -0.00604498 0)
(0.0463251 -0.0126206 0)
(0.0370424 -0.0109492 0)
(0.0273829 -0.0065671 0)
(0.0181593 -0.00161326 0)
(0.00924984 0.00274408 0)
(0.000530417 0.00594496 0)
(-0.00794206 0.00750308 0)
(-0.0156817 0.00746661 0)
(-0.0224092 0.00688486 0)
(-0.0282375 0.00615184 0)
(-0.0331419 0.00518271 0)
(-0.0367184 0.00390345 0)
(-0.0382127 0.00276714 0)
(-0.0366814 0.00268369 0)
(-0.0318956 0.00462191 0)
(-0.0236763 0.00671057 0)
(-0.0111269 0.0054715 0)
(0.00607651 -0.00272933 0)
(0.0188236 -0.0262651 0)
(0.0393407 -0.0664826 0)
(0.0274809 0.0315184 0)
(0.0625076 0.00841141 0)
(0.0688591 -0.00590923 0)
(0.0585498 -0.00868274 0)
(0.0446532 -0.00581355 0)
(0.0318897 -0.00132089 0)
(0.0205001 0.00316532 0)
(0.00981459 0.00722962 0)
(-0.000463184 0.0103327 0)
(-0.0104033 0.0117491 0)
(-0.0194595 0.0113174 0)
(-0.0272569 0.0102343 0)
(-0.0338875 0.00897026 0)
(-0.0393872 0.00737214 0)
(-0.0433458 0.00517696 0)
(-0.044864 0.00272953 0)
(-0.0428493 0.000999978 0)
(-0.0372954 0.00136238 0)
(-0.0283737 0.00163261 0)
(-0.0152001 -0.00157043 0)
(0.00192135 -0.0106879 0)
(0.0150286 -0.0307342 0)
(0.0392295 -0.0478159 0)
(0.635221 -0.392848 0)
(-0.475278 0.198363 0)
(-1.36567 0.104042 0)
(-1.92936 -0.000313791 0)
(-1.98902 -0.031247 0)
(-1.91989 -0.0324114 0)
(-1.86145 -0.0256185 0)
(-1.80292 -0.0205745 0)
(-1.75158 -0.0169632 0)
(-1.70317 -0.0162491 0)
(-1.65916 -0.0189391 0)
(-1.60954 -0.0280788 0)
(-1.5188 -0.0465369 0)
(-1.34119 -0.0759728 0)
(-1.0652 -0.105375 0)
(-0.733238 -0.11691 0)
(-0.401412 -0.108985 0)
(-0.110404 -0.0765645 0)
(0.0768976 0.00626733 0)
(-0.511017 0.154589 0)
(-1.43288 0.61334 0)
(-2.31667 0.392723 0)
(-2.2678 0.138252 0)
(-1.90504 -0.00116151 0)
(-1.89762 -0.0324277 0)
(-1.81885 -0.0320196 0)
(-1.73739 -0.0329928 0)
(-1.66152 -0.0346185 0)
(-1.58848 -0.0357885 0)
(-1.52513 -0.0359269 0)
(-1.4679 -0.0463518 0)
(-1.39089 -0.0759959 0)
(-1.25005 -0.13303 0)
(-1.0255 -0.194854 0)
(-0.749123 -0.219411 0)
(-0.46965 -0.204631 0)
(-0.222455 -0.149329 0)
(-0.044742 -0.0175638 0)
(-0.8873 0.595038 0)
(-1.62616 0.983862 0)
(-1.96499 0.527884 0)
(-1.77435 0.0491864 0)
(-1.74238 -0.0785785 0)
(-1.79289 -0.0478395 0)
(-1.69493 -0.0527789 0)
(-1.63964 -0.049398 0)
(-1.57912 -0.0535937 0)
(-1.49847 -0.0554996 0)
(-1.41552 -0.0612761 0)
(-1.33697 -0.0817505 0)
(-1.25412 -0.122047 0)
(-1.13212 -0.199541 0)
(-0.94642 -0.287414 0)
(-0.715502 -0.322686 0)
(-0.478507 -0.302429 0)
(-0.265745 -0.2382 0)
(-0.0958869 -0.0871946 0)
(-0.888953 0.883037 0)
(-1.03689 1.09199 0)
(0.510021 0.614904 0)
(1.24331 0.259483 0)
(0.0860363 -0.176928 0)
(-0.395404 -0.0790831 0)
(-0.597067 -0.0808161 0)
(-1.2534 -0.0579857 0)
(-1.51292 -0.0714952 0)
(-1.43221 -0.0723913 0)
(-1.31529 -0.0732509 0)
(-1.21748 -0.102068 0)
(-1.11973 -0.16073 0)
(-0.999459 -0.260095 0)
(-0.841889 -0.370338 0)
(-0.651239 -0.415892 0)
(-0.449728 -0.391838 0)
(-0.266588 -0.324136 0)
(-0.107737 -0.162419 0)
(-0.505165 1.07024 0)
(0.189589 0.577795 0)
(1.75948 0.218401 0)
(2.38831 0.389805 0)
(1.72165 0.34207 0)
(0.466937 0.212674 0)
(0.00552444 0.189657 0)
(-0.488006 0.204819 0)
(-0.824548 -0.0110394 0)
(-1.00866 -0.160366 0)
(-1.17403 -0.13107 0)
(-1.09685 -0.119797 0)
(-0.977179 -0.18756 0)
(-0.855827 -0.309554 0)
(-0.716032 -0.440908 0)
(-0.564409 -0.494558 0)
(-0.394326 -0.466907 0)
(-0.240761 -0.398989 0)
(-0.104141 -0.235527 0)
(0.26879 0.918448 0)
(1.33079 0.11637 0)
(1.85519 -0.100262 0)
(2.21012 0.173249 0)
(2.23543 0.572921 0)
(1.47345 0.678703 0)
(0.511786 0.478207 0)
(-0.146244 0.397941 0)
(-0.577899 0.165667 0)
(-0.793227 -0.030902 0)
(-0.77123 -0.154708 0)
(-0.713859 -0.234819 0)
(-0.811733 -0.210761 0)
(-0.710313 -0.351718 0)
(-0.579349 -0.499011 0)
(-0.463821 -0.559184 0)
(-0.324387 -0.52785 0)
(-0.20093 -0.458222 0)
(-0.0908825 -0.3005 0)
(0.490256 0.323493 0)
(0.825078 -0.0572228 0)
(1.10144 -0.134301 0)
(1.49211 0.0650409 0)
(1.7836 0.464396 0)
(1.75681 0.835106 0)
(1.08255 0.839783 0)
(0.0757403 0.678064 0)
(-0.459794 0.33501 0)
(-0.709758 0.0213067 0)
(-0.689079 -0.148172 0)
(-0.598556 -0.2245 0)
(-0.603773 -0.213795 0)
(-0.568682 -0.388426 0)
(-0.444141 -0.549308 0)
(-0.357518 -0.611532 0)
(-0.2493 -0.57652 0)
(-0.154579 -0.503748 0)
(-0.0702635 -0.354498 0)
(0.377033 0.0984345 0)
(0.605608 -0.168845 0)
(0.774721 -0.241126 0)
(1.09738 -0.00526453 0)
(1.38558 0.356417 0)
(1.6513 0.852865 0)
(1.29928 1.07196 0)
(0.189677 1.01517 0)
(-0.410722 0.527905 0)
(-0.67068 0.0740567 0)
(-0.665467 -0.178904 0)
(-0.574407 -0.251199 0)
(-0.50138 -0.217711 0)
(-0.433879 -0.413991 0)
(-0.3135 -0.598698 0)
(-0.252898 -0.654146 0)
(-0.175326 -0.614213 0)
(-0.106827 -0.537535 0)
(-0.0461309 -0.39681 0)
(0.0435586 -0.00952541 0)
(0.0838755 -0.0161662 0)
(0.0861399 -0.0122141 0)
(0.0681302 -0.00656346 0)
(0.0485503 -0.00092973 0)
(0.0329771 0.00396159 0)
(0.0198316 0.00818127 0)
(0.00778 0.0124024 0)
(-0.00393145 0.0160938 0)
(-0.0155369 0.0181401 0)
(-0.0264049 0.0178463 0)
(-0.035755 0.0161872 0)
(-0.0433369 0.0140481 0)
(-0.0494793 0.0113152 0)
(-0.0538606 0.00742022 0)
(-0.0553224 0.00253384 0)
(-0.052534 -0.00224218 0)
(-0.0460087 -0.00429071 0)
(-0.0365249 -0.0066022 0)
(-0.0231048 -0.0125356 0)
(-0.00683062 -0.0221956 0)
(0.00554206 -0.0372267 0)
(0.0103217 -0.0457141 0)
(0.0530008 -0.0412004 0)
(0.0802049 -0.00714238 0)
(0.0755829 0.00542493 0)
(0.0445122 0.0123139 0)
(0.0179015 0.016222 0)
(0.00434066 0.0175103 0)
(-0.00558173 0.0199144 0)
(-0.0144155 0.0228061 0)
(-0.0224615 0.0252491 0)
(-0.0307272 0.0254919 0)
(-0.0397451 0.0231736 0)
(-0.0477822 0.020465 0)
(-0.0542872 0.0184771 0)
(-0.0597151 0.0157709 0)
(-0.0638973 0.0106609 0)
(-0.0650351 0.00207091 0)
(-0.0608648 -0.00815661 0)
(-0.0533019 -0.013221 0)
(-0.0436795 -0.0187926 0)
(-0.0298159 -0.0290826 0)
(-0.0126647 -0.0399093 0)
(0.00310267 -0.0535644 0)
(0.0198356 -0.0718415 0)
(-0.0141351 -0.216164 0)
(0.0218906 -0.06338 0)
(0.027446 0.040844 0)
(0.02866 0.111228 0)
(0.0228986 0.0597916 0)
(0.0103326 0.0355663 0)
(-0.0023214 0.0306497 0)
(-0.0134329 0.0295228 0)
(-0.0223333 0.0300359 0)
(-0.0329874 0.0306655 0)
(-0.0506735 0.0295652 0)
(-0.0660848 0.0259408 0)
(-0.0726289 0.0219457 0)
(-0.0737849 0.0175334 0)
(-0.0717974 0.0103387 0)
(-0.0661488 -0.0015665 0)
(-0.0589959 -0.0134096 0)
(-0.0519 -0.0194104 0)
(-0.0420029 -0.0290385 0)
(-0.0261655 -0.0458693 0)
(-0.00738253 -0.0581541 0)
(0.00941249 -0.0704311 0)
(0.0263884 -0.0919325 0)
(-0.0379593 -0.0631308 0)
(-0.0277354 -0.0467913 0)
(-0.00623485 -0.00738013 0)
(0.0272801 0.0296242 0)
(0.0540789 0.039801 0)
(0.0639737 0.0487128 0)
(0.0659312 0.0558801 0)
(0.0623915 0.0594153 0)
(0.0519265 0.0635764 0)
(0.0345829 0.0767004 0)
(0.0054117 0.0838066 0)
(-0.0371619 0.0488231 0)
(-0.0593514 0.0251502 0)
(-0.0655215 0.0174905 0)
(-0.0666261 0.0105422 0)
(-0.0630632 -0.00465367 0)
(-0.0634586 -0.019091 0)
(-0.0546519 -0.0265422 0)
(-0.0341681 -0.039339 0)
(-0.0104899 -0.0584814 0)
(0.00778023 -0.0698072 0)
(0.0214024 -0.0818247 0)
(0.0326921 -0.105446 0)
(-0.0110489 -0.0863107 0)
(-0.0127563 -0.0608064 0)
(0.000111383 -0.0266332 0)
(0.0253406 0.0020324 0)
(0.0504347 0.0148871 0)
(0.0679495 0.0251213 0)
(0.0800085 0.0351209 0)
(0.0873429 0.0453279 0)
(0.0903023 0.0583558 0)
(0.0922098 0.0773908 0)
(0.0950999 0.0960529 0)
(0.0907958 0.092552 0)
(0.0765091 0.0615432 0)
(0.0550616 0.029486 0)
(0.0344984 0.0162614 0)
(-0.010652 -0.00694344 0)
(-0.0341475 -0.0215585 0)
(-0.0385645 -0.0360416 0)
(-0.0166316 -0.0473696 0)
(0.00347159 -0.0668477 0)
(0.0110085 -0.0754916 0)
(0.0247727 -0.0876081 0)
(0.0401162 -0.110902 0)
(-0.00460361 -0.0743383 0)
(-0.00361443 -0.0645544 0)
(0.00729469 -0.0422958 0)
(0.0254068 -0.0205876 0)
(0.0453568 -0.00468261 0)
(0.0631218 0.00922925 0)
(0.0785318 0.022539 0)
(0.0915801 0.0359119 0)
(0.102798 0.0505643 0)
(0.114498 0.0666385 0)
(0.128245 0.078862 0)
(0.138859 0.0777681 0)
(0.140349 0.0653584 0)
(0.133968 0.0533879 0)
(0.127244 0.048791 0)
(0.117839 0.0346524 0)
(0.107842 -0.00288054 0)
(0.0955477 -0.0666588 0)
(0.0847203 -0.116842 0)
(0.0766927 -0.131444 0)
(0.0583014 -0.10122 0)
(0.0510548 -0.102467 0)
(0.0676357 -0.115236 0)
(-0.00064285 -0.0721253 0)
(0.00266724 -0.0698671 0)
(0.0117522 -0.0548742 0)
(0.0253754 -0.0378027 0)
(0.0412838 -0.0220252 0)
(0.0573689 -0.00700552 0)
(0.0730295 0.00766805 0)
(0.088108 0.0222629 0)
(0.102948 0.0370798 0)
(0.118696 0.05148 0)
(0.136027 0.0622694 0)
(0.152308 0.0650872 0)
(0.163387 0.0609054 0)
(0.168731 0.0545828 0)
(0.172216 0.0480095 0)
(0.174656 0.0338402 0)
(0.173248 0.00822201 0)
(0.163577 -0.0247444 0)
(0.145307 -0.0523776 0)
(0.124312 -0.0681477 0)
(0.105324 -0.082531 0)
(0.0883673 -0.119453 0)
(0.0600173 -0.133669 0)
(0.00171516 -0.0752358 0)
(0.00576937 -0.0761111 0)
(0.0134154 -0.0650864 0)
(0.0241629 -0.0511914 0)
(0.0371027 -0.036784 0)
(0.051185 -0.0222908 0)
(0.0659259 -0.00780847 0)
(0.0811586 0.00660161 0)
(0.0970379 0.0207856 0)
(0.114017 0.0340063 0)
(0.132168 0.0443762 0)
(0.149977 0.0496009 0)
(0.16501 0.0496309 0)
(0.176423 0.0463602 0)
(0.185611 0.0403943 0)
(0.192802 0.0286943 0)
(0.195372 0.00973295 0)
(0.189695 -0.013619 0)
(0.175223 -0.0340036 0)
(0.156152 -0.0469129 0)
(0.13606 -0.055947 0)
(0.11044 -0.0660356 0)
(0.0707154 -0.0604327 0)
(0.00222574 -0.0792134 0)
(0.00629564 -0.0819533 0)
(0.0127871 -0.0734799 0)
(0.0215749 -0.0619881 0)
(0.0323248 -0.049275 0)
(0.0445508 -0.03599 0)
(0.0579564 -0.0224622 0)
(0.0724069 -0.00895301 0)
(0.0879233 0.00418895 0)
(0.104601 0.0162865 0)
(0.122241 0.0261538 0)
(0.139857 0.0324959 0)
(0.156008 0.0349954 0)
(0.169897 0.0342495 0)
(0.181653 0.0303791 0)
(0.190845 0.0221469 0)
(0.195559 0.0091348 0)
(0.193519 -0.00660525 0)
(0.184331 -0.0207283 0)
(0.170115 -0.0300894 0)
(0.152409 -0.0349059 0)
(0.128566 -0.034889 0)
(0.0969073 -0.0210731 0)
(0.00173126 -0.0831005 0)
(0.00529265 -0.0870282 0)
(0.010696 -0.0804841 0)
(0.0179732 -0.0709462 0)
(0.027006 -0.0599196 0)
(0.0375792 -0.0480751 0)
(0.0495291 -0.035827 0)
(0.0627546 -0.0235236 0)
(0.0772043 -0.0115669 0)
(0.0928061 -0.000533089 0)
(0.10928 0.00878534 0)
(0.125935 0.0155966 0)
(0.141834 0.0195602 0)
(0.156265 0.0207654 0)
(0.168839 0.0191794 0)
(0.178876 0.0143771 0)
(0.185035 0.00649113 0)
(0.18593 -0.00298466 0)
(0.181209 -0.0113836 0)
(0.171775 -0.0164251 0)
(0.15838 -0.0170399 0)
(0.140275 -0.0116302 0)
(0.118493 0.00416762 0)
(0.000799926 -0.0859086 0)
(0.00354757 -0.0910927 0)
(0.00789504 -0.0862627 0)
(0.0138705 -0.0784261 0)
(0.0214444 -0.0689973 0)
(0.0305188 -0.0586328 0)
(0.0410036 -0.0477657 0)
(0.0528211 -0.036763 0)
(0.0658899 -0.0260126 0)
(0.0800748 -0.0159862 0)
(0.0950912 -0.00724134 0)
(0.110425 -0.000304502 0)
(0.12541 0.00452553 0)
(0.139425 0.00717884 0)
(0.151937 0.00761535 0)
(0.16226 0.0057741 0)
(0.16944 0.00200169 0)
(0.17258 -0.00258563 0)
(0.171362 -0.00622296 0)
(0.16615 -0.00717397 0)
(0.157462 -0.00408456 0)
(0.14548 0.00456942 0)
(0.131777 0.0207415 0)
(-0.000140699 -0.087309 0)
(0.00165916 -0.0940837 0)
(0.00496362 -0.090882 0)
(0.00973938 -0.0845946 0)
(0.0159946 -0.0766637 0)
(0.0236757 -0.0677378 0)
(0.032727 -0.0582435 0)
(0.0430855 -0.0485346 0)
(0.0546622 -0.0389602 0)
(0.067309 -0.0299 0)
(0.0807686 -0.0217599 0)
(0.0946413 -0.0149088 0)
(0.108421 -0.00958566 0)
(0.121584 -0.00588442 0)
(0.133607 -0.00381251 0)
(0.143892 -0.00327713 0)
(0.151742 -0.00388332 0)
(0.156545 -0.00476851 0)
(0.158031 -0.00467196 0)
(0.156347 -0.00224372 0)
(0.151897 0.00374822 0)
(0.145134 0.0144568 0)
(0.137466 0.030732 0)
(-0.000904234 -0.0874154 0)
(-2.19702e-05 -0.0960532 0)
(0.00227559 -0.0943884 0)
(0.00592933 -0.0895428 0)
(0.0109602 -0.0830148 0)
(0.0173311 -0.0754547 0)
(0.0250017 -0.0672769 0)
(0.0339187 -0.0588112 0)
(0.0439973 -0.050362 0)
(0.0550981 -0.042234 0)
(0.0670007 -0.0347285 0)
(0.0793882 -0.0281093 0)
(0.0918652 -0.0225549 0)
(0.103998 -0.018138 0)
(0.115332 -0.0148327 0)
(0.125373 -0.0124859 0)
(0.133607 -0.010718 0)
(0.139595 -0.00884548 0)
(0.14312 -0.00591912 0)
(0.144236 -0.000881476 0)
(0.143241 0.00728004 0)
(0.140572 0.0194033 0)
(0.137332 0.0358889 0)
(-0.00142242 -0.0865325 0)
(-0.00134275 -0.0970407 0)
(3.4082e-05 -0.0968454 0)
(0.00265377 -0.0933506 0)
(0.00654935 -0.0881329 0)
(0.0116931 -0.0818538 0)
(0.0180537 -0.0749173 0)
(0.0255866 -0.0676278 0)
(0.0342169 -0.0602484 0)
(0.0438234 -0.0530231 0)
(0.054223 -0.0461775 0)
(0.065164 -0.0399006 0)
(0.0763344 -0.034317 0)
(0.0873834 -0.0294683 0)
(0.0979359 -0.0253025 0)
(0.107599 -0.0216475 0)
(0.115984 -0.0181578 0)
(0.122771 -0.0142772 0)
(0.127781 -0.00926147 0)
(0.131016 -0.00226902 0)
(0.132675 0.00751757 0)
(0.133073 0.0207279 0)
(0.133031 0.0375877 0)
(-0.00170479 -0.0849547 0)
(-0.00226309 -0.0971889 0)
(-0.0016861 -0.0983596 0)
(9.76815e-06 -0.0961152 0)
(0.00287054 -0.0921092 0)
(0.00688155 -0.0870195 0)
(0.0120204 -0.0812415 0)
(0.0182524 -0.0750565 0)
(0.0255162 -0.0686913 0)
(0.0337117 -0.0623419 0)
(0.0426915 -0.0561773 0)
(0.0522567 -0.0503307 0)
(0.0621628 -0.0448826 0)
(0.0721317 -0.0398453 0)
(0.0818641 -0.0351484 0)
(0.0910527 -0.0306167 0)
(0.0994039 -0.0259393 0)
(0.106675 -0.0206492 0)
(0.112717 -0.0141372 0)
(0.117494 -0.00570959 0)
(0.121108 0.00531422 0)
(0.123732 0.0194453 0)
(0.125972 0.036862 0)
(-0.00179582 -0.0829554 0)
(-0.00281354 -0.0966822 0)
(-0.00289409 -0.0990667 0)
(-0.00199454 -0.0979511 0)
(-5.39284e-05 -0.0950493 0)
(0.00293218 -0.0910519 0)
(0.00695313 -0.0863459 0)
(0.011986 -0.0811916 0)
(0.0179844 -0.0757853 0)
(0.0248702 -0.0702847 0)
(0.032528 -0.0648157 0)
(0.040804 -0.0594694 0)
(0.0495093 -0.0542917 0)
(0.058428 -0.0492707 0)
(0.067328 -0.044323 0)
(0.0759732 -0.0392756 0)
(0.0841411 -0.0338452 0)
(0.0916452 -0.0276246 0)
(0.0983555 -0.0200894 0)
(0.104207 -0.0106365 0)
(0.109221 0.00133744 0)
(0.113441 0.0162987 0)
(0.117311 0.0344453 0)
(-0.00174601 -0.0807693 0)
(-0.00305919 -0.0956975 0)
(-0.0036518 -0.0991126 0)
(-0.00341389 -0.0989857 0)
(-0.00226829 -0.0970714 0)
(-0.000188314 -0.0940646 0)
(0.00283074 -0.0903415 0)
(0.00677891 -0.0861428 0)
(0.0116253 -0.0816389 0)
(0.0173125 -0.0769567 0)
(0.0237542 -0.0721893 0)
(0.0308345 -0.0673958 0)
(0.0384114 -0.0625957 0)
(0.0463222 -0.0577583 0)
(0.0543917 -0.052791 0)
(0.0624431 -0.0475236 0)
(0.0703094 -0.0416917 0)
(0.0778467 -0.0349248 0)
(0.0849416 -0.0267462 0)
(0.0915094 -0.0165985 0)
(0.0975077 -0.00390577 0)
(0.102881 0.0118087 0)
(0.107956 0.0308075 0)
(-0.00160536 -0.0785744 0)
(-0.00307928 -0.0943921 0)
(-0.0040495 -0.0986399 0)
(-0.00434134 -0.0993519 0)
(-0.00386227 -0.0983017 0)
(-0.00256316 -0.0961803 0)
(-0.000423063 -0.0933491 0)
(0.0025621 -0.0900294 0)
(0.00637623 -0.0863691 0)
(0.0109811 -0.0824701 0)
(0.0163158 -0.0784003 0)
(0.0222968 -0.074195 0)
(0.0288215 -0.0698537 0)
(0.0357723 -0.0653322 0)
(0.0430226 -0.0605311 0)
(0.0504445 -0.055282 0)
(0.057917 -0.0493314 0)
(0.0653314 -0.0423278 0)
(0.0725918 -0.033816 0)
(0.0796049 -0.0232516 0)
(0.0862888 -0.0100495 0)
(0.0925216 0.0063148 0)
(0.0985519 0.0262005 0)
(-0.00141912 -0.0764886 0)
(-0.00295408 -0.0928938 0)
(-0.0041871 -0.0977779 0)
(-0.00488751 -0.0991784 0)
(-0.00495031 -0.098868 0)
(-0.00430658 -0.0975252 0)
(-0.00292031 -0.0954939 0)
(-0.000774531 -0.0929753 0)
(0.00212879 -0.0900967 0)
(0.00576849 -0.0869401 0)
(0.0101051 -0.0835535 0)
(0.0150828 -0.0799552 0)
(0.0206322 -0.0761304 0)
(0.0266737 -0.0720254 0)
(0.0331218 -0.0675363 0)
(0.0398908 -0.0624952 0)
(0.0468987 -0.0566538 0)
(0.0540684 -0.0496667 0)
(0.0613244 -0.0410817 0)
(0.0685768 -0.0303455 0)
(0.0757278 -0.0168409 0)
(0.0826218 2.6085e-05 0)
(0.0894716 0.0207307 0)
(-0.00122446 -0.0745744 0)
(-0.00275539 -0.0912969 0)
(-0.00416001 -0.0966366 0)
(-0.0051637 -0.0985836 0)
(-0.00565353 -0.098893 0)
(-0.0055454 -0.0982241 0)
(-0.00479135 -0.0969005 0)
(-0.00336361 -0.0951036 0)
(-0.00125229 -0.092942 0)
(0.00153618 -0.0904804 0)
(0.00498068 -0.0877525 0)
(0.00904822 -0.0847641 0)
(0.0136972 -0.0814915 0)
(0.0188803 -0.0778753 0)
(0.0245471 -0.0738092 0)
(0.030648 -0.0691256 0)
(0.037136 -0.063577 0)
(0.0439644 -0.0568166 0)
(0.0510806 -0.0483828 0)
(0.0584086 -0.0376988 0)
(0.065855 -0.0241024 0)
(0.0732585 -0.00692128 0)
(0.0808404 0.0144415 0)
(-0.00104788 -0.0728485 0)
(-0.00253996 -0.0896638 0)
(-0.00404923 -0.0953039 0)
(-0.00526962 -0.0976708 0)
(-0.00608567 -0.0984891 0)
(-0.00640385 -0.0983942 0)
(-0.00616842 -0.097688 0)
(-0.00534413 -0.0965325 0)
(-0.00391187 -0.0950195 0)
(-0.00186647 -0.0931997 0)
(0.000785837 -0.0910956 0)
(0.00403115 -0.0887053 0)
(0.00785076 -0.0860004 0)
(0.012224 -0.0829193 0)
(0.0171307 -0.0793563 0)
(0.0225532 -0.0751446 0)
(0.0284758 -0.070036 0)
(0.0348815 -0.0636774 0)
(0.0417442 -0.055591 0)
(0.0490087 -0.045168 0)
(0.0565998 -0.0316936 0)
(0.0643721 -0.0144161 0)
(0.0725929 0.0073772 0)
(-0.00090349 -0.0712956 0)
(-0.00234621 -0.0880296 0)
(-0.00391556 -0.0938458 0)
(-0.00528536 -0.0965257 0)
(-0.00634304 -0.097755 0)
(-0.00699189 -0.098142 0)
(-0.00717304 -0.0979664 0)
(-0.00684749 -0.0973721 0)
(-0.00599032 -0.0964363 0)
(-0.00458803 -0.0951986 0)
(-0.00263533 -0.0936739 0)
(-0.00013137 -0.0918558 0)
(0.00292393 -0.0897149 0)
(0.00653203 -0.0871916 0)
(0.0106981 -0.0841833 0)
(0.0154325 -0.0805261 0)
(0.0207484 -0.0759713 0)
(0.026658 -0.0701583 0)
(0.0331633 -0.0625895 0)
(0.0402359 -0.0526207 0)
(0.0478273 -0.0394806 0)
(0.0558211 -0.0223397 0)
(0.0645499 -0.000382038 0)
(-0.000793304 -0.0698828 0)
(-0.00219424 -0.0864075 0)
(-0.00379779 -0.0923076 0)
(-0.00526787 -0.0952163 0)
(-0.00649928 -0.0967738 0)
(-0.00739807 -0.0975601 0)
(-0.00790721 -0.0978337 0)
(-0.00798771 -0.0977219 0)
(-0.00761237 -0.0972898 0)
(-0.00676291 -0.0965689 0)
(-0.00542613 -0.0955698 0)
(-0.00358998 -0.0942851 0)
(-0.00124033 -0.0926875 0)
(0.00164203 -0.0907223 0)
(0.00508364 -0.0882935 0)
(0.0091187 -0.0852431 0)
(0.0137868 -0.0813239 0)
(0.0191286 -0.0761695 0)
(0.0251755 -0.0692618 0)
(0.0319292 -0.0599203 0)
(0.0393742 -0.0473176 0)
(0.0474308 -0.0305493 0)
(0.0564971 -0.00871014 0)
(-0.000710511 -0.0685731 0)
(-0.00208918 -0.0847958 0)
(-0.00371474 -0.0907178 0)
(-0.00525115 -0.0937934 0)
(-0.00660371 -0.0956126 0)
(-0.00768649 -0.0967266 0)
(-0.00844885 -0.0973743 0)
(-0.00885547 -0.0976691 0)
(-0.00888036 -0.0976665 0)
(-0.00850372 -0.0973931 0)
(-0.00770797 -0.0968578 0)
(-0.00647392 -0.0960554 0)
(-0.00477727 -0.0949642 0)
(-0.00258542 -0.0935372 0)
(0.000144441 -0.0916877 0)
(0.00346696 -0.0892671 0)
(0.00744457 -0.0860339 0)
(0.0121457 -0.0816196 0)
(0.0176319 -0.0754868 0)
(0.0239367 -0.0669216 0)
(0.0310814 -0.0550425 0)
(0.0390284 -0.0388746 0)
(0.0482359 -0.0174369 0)
(-0.000645557 -0.0673344 0)
(-0.00202643 -0.0831849 0)
(-0.00366957 -0.0890921 0)
(-0.00524921 -0.0922942 0)
(-0.00668305 -0.094324 0)
(-0.00789716 -0.0957051 0)
(-0.008851 -0.0966592 0)
(-0.00951621 -0.0972884 0)
(-0.00987105 -0.0976421 0)
(-0.00989719 -0.0977441 0)
(-0.00957589 -0.0976048 0)
(-0.00888452 -0.0972235 0)
(-0.00779284 -0.0965866 0)
(-0.0062595 -0.0956583 0)
(-0.00422938 -0.0943651 0)
(-0.00163282 -0.0925707 0)
(0.00161081 -0.0900435 0)
(0.00559754 -0.0864148 0)
(0.0104186 -0.0811395 0)
(0.0161398 -0.0734712 0)
(0.0228231 -0.0624786 0)
(0.0304754 -0.0471213 0)
(0.0396088 -0.0263537 0)
(-0.000593259 -0.066142 0)
(-0.00199711 -0.0815636 0)
(-0.00365498 -0.08744 0)
(-0.00526077 -0.0907455 0)
(-0.0067452 -0.0929489 0)
(-0.00804894 -0.094547 0)
(-0.00914394 -0.095747 0)
(-0.0100113 -0.0966433 0)
(-0.010636 -0.0972818 0)
(-0.0110035 -0.0976865 0)
(-0.011097 -0.0978709 0)
(-0.0108935 -0.0978413 0)
(-0.010361 -0.0975943 0)
(-0.00945391 -0.0971077 0)
(-0.00811053 -0.0963244 0)
(-0.00625091 -0.0951257 0)
(-0.00377769 -0.0932943 0)
(-0.00057644 -0.0904669 0)
(0.00347266 -0.0860969 0)
(0.00847398 -0.0794133 0)
(0.0145291 -0.069441 0)
(0.0216912 -0.0550797 0)
(0.0305234 -0.0352269 0)
(-0.000555602 -0.0649771 0)
(-0.00199096 -0.0799261 0)
(-0.00365727 -0.0857699 0)
(-0.005274 -0.0891687 0)
(-0.00678431 -0.0915195 0)
(-0.00814435 -0.0932935 0)
(-0.00933952 -0.0946863 0)
(-0.0103619 -0.0957876 0)
(-0.0112045 -0.0966427 0)
(-0.0118589 -0.0972777 0)
(-0.012312 -0.0977114 0)
(-0.0125441 -0.0979584 0)
(-0.0125244 -0.0980268 0)
(-0.0122079 -0.0979103 0)
(-0.0115314 -0.0975706 0)
(-0.0104107 -0.0969104 0)
(-0.00873838 -0.0957332 0)
(-0.00638475 -0.0936922 0)
(-0.00320479 -0.0902409 0)
(0.000942943 -0.0845949 0)
(0.00620234 -0.0757438 0)
(0.0126712 -0.0625334 0)
(0.0209706 -0.0438078 0)
(-0.000536427 -0.0638245 0)
(-0.00199563 -0.0782756 0)
(-0.00365875 -0.0840939 0)
(-0.00527085 -0.0875828 0)
(-0.00678614 -0.0900623 0)
(-0.00817526 -0.0919782 0)
(-0.00943674 -0.0935174 0)
(-0.0105738 -0.0947674 0)
(-0.0115886 -0.095775 0)
(-0.0124797 -0.0965705 0)
(-0.0132401 -0.097179 0)
(-0.0138551 -0.0976242 0)
(-0.0142987 -0.0979269 0)
(-0.0145304 -0.0980972 0)
(-0.0144906 -0.0981181 0)
(-0.0140966 -0.097917 0)
(-0.0132386 -0.0973238 0)
(-0.0117775 -0.0960156 0)
(-0.00954851 -0.0934597 0)
(-0.00637685 -0.0888694 0)
(-0.00207402 -0.0812085 0)
(0.00350361 -0.0692738 0)
(0.0110412 -0.0518365 0)
(-0.00053212 -0.062674 0)
(-0.00199488 -0.0766247 0)
(-0.00363974 -0.0824275 0)
(-0.00523146 -0.0860059 0)
(-0.00673358 -0.0885993 0)
(-0.00812892 -0.0906291 0)
(-0.0094278 -0.0922745 0)
(-0.0106441 -0.0936232 0)
(-0.011789 -0.094725 0)
(-0.0128691 -0.0956153 0)
(-0.0138846 -0.0963264 0)
(-0.0148275 -0.0968914 0)
(-0.0156792 -0.0973438 0)
(-0.0164067 -0.0977104 0)
(-0.0169589 -0.0979959 0)
(-0.0172606 -0.0981548 0)
(-0.0172064 -0.0980483 0)
(-0.0166561 -0.0973861 0)
(-0.0154335 -0.0956617 0)
(-0.0133376 -0.0921009 0)
(-0.0101365 -0.0856575 0)
(-0.00561826 -0.0750874 0)
(0.00093568 -0.0590831 0)
(-0.000528168 -0.0615252 0)
(-0.00197019 -0.0749911 0)
(-0.0035827 -0.0807872 0)
(-0.00513966 -0.0844541 0)
(-0.00661262 -0.0871494 0)
(-0.00799399 -0.0892698 0)
(-0.00930418 -0.0909881 0)
(-0.0105667 -0.0923925 0)
(-0.0118016 -0.0935366 0)
(-0.0130236 -0.0944621 0)
(-0.0142405 -0.0952084 0)
(-0.0154524 -0.0958181 0)
(-0.0166492 -0.0963362 0)
(-0.0178084 -0.0968054 0)
(-0.0188905 -0.0972515 0)
(-0.019833 -0.0976568 0)
(-0.0205426 -0.0979176 0)
(-0.0208867 -0.0977836 0)
(-0.0206873 -0.0967878 0)
(-0.0197264 -0.094185 0)
(-0.0177341 -0.0889358 0)
(-0.0144307 -0.0797726 0)
(-0.00905459 -0.0653367 0)
(-0.000507707 -0.0603961 0)
(-0.0019095 -0.0733917 0)
(-0.00348022 -0.0791867 0)
(-0.00498989 -0.0829411 0)
(-0.00641837 -0.0857296 0)
(-0.00776589 -0.087923 0)
(-0.00906164 -0.0896872 0)
(-0.0103379 -0.0911114 0)
(-0.0116227 -0.0922538 0)
(-0.0129386 -0.0931622 0)
(-0.0143012 -0.0938835 0)
(-0.0157184 -0.0944685 0)
(-0.0171895 -0.094973 0)
(-0.0187034 -0.0954532 0)
(-0.0202347 -0.095954 0)
(-0.0217377 -0.0964846 0)
(-0.0231373 -0.0969774 0)
(-0.024318 -0.0972286 0)
(-0.0251113 -0.0968227 0)
(-0.0252933 -0.0950623 0)
(-0.0245666 -0.0909374 0)
(-0.0225925 -0.0831783 0)
(-0.0185511 -0.0703914 0)
(-0.000469838 -0.0593221 0)
(-0.00182066 -0.0718395 0)
(-0.00334471 -0.0776366 0)
(-0.00479396 -0.0814804 0)
(-0.00615979 -0.0843579 0)
(-0.00745043 -0.0866122 0)
(-0.00870344 -0.0884019 0)
(-0.00995897 -0.0898172 0)
(-0.0112525 -0.0909212 0)
(-0.0126133 -0.0917685 0)
(-0.0140635 -0.0924131 0)
(-0.0156184 -0.0929133 0)
(-0.0172859 -0.0933334 0)
(-0.0190663 -0.0937406 0)
(-0.0209489 -0.0941954 0)
(-0.022907 -0.0947306 0)
(-0.0248887 -0.0953137 0)
(-0.0268033 -0.0957897 0)
(-0.0285038 -0.0958049 0)
(-0.0297752 -0.0947286 0)
(-0.0303078 -0.0916069 0)
(-0.0297167 -0.0851966 0)
(-0.027121 -0.0740882 0)
(-0.00044497 -0.058325 0)
(-0.00174018 -0.0703403 0)
(-0.00321366 -0.0761475 0)
(-0.00458353 -0.0800896 0)
(-0.00586072 -0.0830579 0)
(-0.00706424 -0.0853658 0)
(-0.00824086 -0.0871654 0)
(-0.00943805 -0.0885488 0)
(-0.0106974 -0.089585 0)
(-0.0120531 -0.0903357 0)
(-0.013532 -0.0908616 0)
(-0.0151548 -0.0912278 0)
(-0.0169366 -0.0915048 0)
(-0.0188872 -0.0917677 0)
(-0.0210097 -0.0920879 0)
(-0.0232965 -0.0925167 0)
(-0.0257211 -0.0930524 0)
(-0.0282231 -0.0935874 0)
(-0.0306877 -0.0938353 0)
(-0.0329254 -0.093248 0)
(-0.0346342 -0.0909556 0)
(-0.0354035 -0.0857761 0)
(-0.0343035 -0.0763166 0)
(-0.000496435 -0.0573615 0)
(-0.00172944 -0.0688909 0)
(-0.00314563 -0.0747357 0)
(-0.00440582 -0.0787966 0)
(-0.00555552 -0.0818628 0)
(-0.00663121 -0.0842201 0)
(-0.00769081 -0.0860161 0)
(-0.0087885 -0.0873478 0)
(-0.00996974 -0.0882922 0)
(-0.0112709 -0.0889183 0)
(-0.0127207 -0.089294 0)
(-0.0143424 -0.0894894 0)
(-0.0161555 -0.0895794 0)
(-0.0181768 -0.089643 0)
(-0.0204206 -0.0897581 0)
(-0.022896 -0.089988 0)
(-0.0256007 -0.0903546 0)
(-0.0285069 -0.090792 0)
(-0.031539 -0.0910801 0)
(-0.0345482 -0.0907631 0)
(-0.0372636 -0.0890787 0)
(-0.0392781 -0.084944 0)
(-0.039641 -0.0770259 0)
(-0.000708957 -0.0563205 0)
(-0.00186422 -0.0674819 0)
(-0.003209 -0.0734282 0)
(-0.00431311 -0.0776438 0)
(-0.00528015 -0.0808194 0)
(-0.00617558 -0.0832204 0)
(-0.00707117 -0.0849975 0)
(-0.00802627 -0.0862579 0)
(-0.0090867 -0.0870892 0)
(-0.0102869 -0.0875695 0)
(-0.0116538 -0.0877729 0)
(-0.0132094 -0.0877736 0)
(-0.0149745 -0.0876486 0)
(-0.0169694 -0.0874775 0)
(-0.0192159 -0.0873396 0)
(-0.0217355 -0.0873038 0)
(-0.0245462 -0.0874067 0)
(-0.0276498 -0.0876146 0)
(-0.0310119 -0.087766 0)
(-0.034534 -0.0874972 0)
(-0.0379984 -0.0861678 0)
(-0.0410359 -0.082827 0)
(-0.0427202 -0.0762506 0)
(-0.00116548 -0.0550625 0)
(-0.00222696 -0.0661076 0)
(-0.00346744 -0.0722694 0)
(-0.00434801 -0.0766929 0)
(-0.00505958 -0.0799892 0)
(-0.00571261 -0.0824208 0)
(-0.00639459 -0.084156 0)
(-0.00716619 -0.0853213 0)
(-0.00806797 -0.086019 0)
(-0.00912731 -0.0863369 0)
(-0.0103644 -0.086355 0)
(-0.0117968 -0.0861499 0)
(-0.0134426 -0.0857981 0)
(-0.0153222 -0.085377 0)
(-0.0174605 -0.0849631 0)
(-0.0198865 -0.0846248 0)
(-0.0226316 -0.0844048 0)
(-0.0257206 -0.0842901 0)
(-0.0291552 -0.0841646 0)
(-0.0328883 -0.0837455 0)
(-0.036769 -0.082514 0)
(-0.0404988 -0.079671 0)
(-0.04323 -0.0741442 0)
(-0.00194163 -0.0533287 0)
(-0.00289617 -0.0647667 0)
(-0.00396092 -0.0713296 0)
(-0.00452346 -0.0760293 0)
(-0.00489191 -0.0794474 0)
(-0.00523797 -0.0818795 0)
(-0.00566237 -0.0835362 0)
(-0.00621872 -0.0845748 0)
(-0.00693428 -0.0851166 0)
(-0.00782303 -0.0852597 0)
(-0.00889401 -0.085088 0)
(-0.0101565 -0.084678 0)
(-0.0116231 -0.0841032 0)
(-0.0133114 -0.0834361 0)
(-0.0152453 -0.0827475 0)
(-0.0174561 -0.0821007 0)
(-0.0199812 -0.0815377 0)
(-0.0228587 -0.0810551 0)
(-0.0261154 -0.0805663 0)
(-0.029747 -0.0798505 0)
(-0.0336691 -0.0784938 0)
(-0.0376728 -0.0758462 0)
(-0.0410401 -0.071012 0)
(-0.00318369 -0.0505859 0)
(-0.00394029 -0.0634471 0)
(-0.0046813 -0.0707086 0)
(-0.00479807 -0.0757654 0)
(-0.00473103 -0.0792804 0)
(-0.00471854 -0.0816533 0)
(-0.00486072 -0.0831744 0)
(-0.00518906 -0.0840454 0)
(-0.00570716 -0.0844081 0)
(-0.00640946 -0.0843682 0)
(-0.0072904 -0.0840103 0)
(-0.00834892 -0.0834075 0)
(-0.00959031 -0.0826274 0)
(-0.0110271 -0.0817354 0)
(-0.0126799 -0.0807946 0)
(-0.0145776 -0.0798608 0)
(-0.016757 -0.0789712 0)
(-0.0192594 -0.0781239 0)
(-0.0221227 -0.0772476 0)
(-0.0253687 -0.0761615 0)
(-0.028965 -0.0745294 0)
(-0.0327897 -0.071825 0)
(-0.0362834 -0.0673215 0)
(-0.00518911 -0.0463529 0)
(-0.00545919 -0.0621532 0)
(-0.00554493 -0.0705406 0)
(-0.00505317 -0.0760278 0)
(-0.00447469 -0.0795617 0)
(-0.00408912 -0.0817735 0)
(-0.00396211 -0.0830814 0)
(-0.0040797 -0.0837384 0)
(-0.0044109 -0.0839021 0)
(-0.00492693 -0.0836791 0)
(-0.00560702 -0.0831483 0)
(-0.00644001 -0.0823753 0)
(-0.00742423 -0.0814192 0)
(-0.00856687 -0.0803367 0)
(-0.00988357 -0.0791826 0)
(-0.0113981 -0.0780048 0)
(-0.0131416 -0.076834 0)
(-0.0151503 -0.0756661 0)
(-0.0174606 -0.0744358 0)
(-0.0201019 -0.0729846 0)
(-0.0230701 -0.0710243 0)
(-0.0263065 -0.0681141 0)
(-0.0294065 -0.0636568 0)
(-0.00827215 -0.041378 0)
(-0.00767542 -0.061237 0)
(-0.00631532 -0.0711065 0)
(-0.00506112 -0.0769042 0)
(-0.00395854 -0.0802524 0)
(-0.00325957 -0.0821551 0)
(-0.00293585 -0.0831688 0)
(-0.00289926 -0.0835791 0)
(-0.00307801 -0.0835419 0)
(-0.00342286 -0.0831525 0)
(-0.00390239 -0.0824775 0)
(-0.00449927 -0.0815703 0)
(-0.00520736 -0.0804798 0)
(-0.00602967 -0.0792539 0)
(-0.00697687 -0.0779393 0)
(-0.00806621 -0.0765771 0)
(-0.00932055 -0.0751924 0)
(-0.0107664 -0.0737782 0)
(-0.0124303 -0.0722719 0)
(-0.0143348 -0.0705263 0)
(-0.0164816 -0.0682793 0)
(-0.0188426 -0.0651381 0)
(-0.0211382 -0.0605864 0)
(-0.0125592 -0.0363068 0)
(-0.0104349 -0.0623461 0)
(-0.00627212 -0.0731811 0)
(-0.00436399 -0.0784189 0)
(-0.00294675 -0.081122 0)
(-0.00214509 -0.082538 0)
(-0.00177968 -0.0832092 0)
(-0.00168472 -0.083381 0)
(-0.00176311 -0.083176 0)
(-0.00196068 -0.0826641 0)
(-0.00224667 -0.0818932 0)
(-0.00260488 -0.0809033 0)
(-0.00302904 -0.0797335 0)
(-0.00351998 -0.0784241 0)
(-0.00408391 -0.0770155 0)
(-0.00473134 -0.0755436 0)
(-0.00547602 -0.0740303 0)
(-0.00633329 -0.072467 0)
(-0.00731729 -0.0707932 0)
(-0.0084381 -0.0688693 0)
(-0.00969163 -0.0664479 0)
(-0.0110578 -0.0631607 0)
(-0.0123611 -0.058525 0)
(-0.0178768 -0.0145932 0)
(-0.00843711 -0.0687313 0)
(-0.00367156 -0.0782603 0)
(-0.00217611 -0.0812204 0)
(-0.00121625 -0.0827005 0)
(-0.000765075 -0.0834611 0)
(-0.000582061 -0.0837676 0)
(-0.000533083 -0.0837257 0)
(-0.000557329 -0.0833863 0)
(-0.000626066 -0.0827813 0)
(-0.000724822 -0.0819379 0)
(-0.000846622 -0.0808846 0)
(-0.00098884 -0.079653 0)
(-0.00115156 -0.0782784 0)
(-0.00133682 -0.0767978 0)
(-0.00154814 -0.075245 0)
(-0.00179015 -0.0736408 0)
(-0.00206769 -0.0719779 0)
(-0.00238444 -0.0701998 0)
(-0.00274148 -0.0681747 0)
(-0.00313296 -0.065667 0)
(-0.0035449 -0.0623217 0)
(-0.00391467 -0.0576474 0)
(0.029597 -0.0284331 0)
(0.0629509 -0.0366205 0)
(0.0976107 -0.0533812 0)
(0.145797 -0.0856895 0)
(0.0434359 -0.0903512 0)
(0.0652801 -0.107441 0)
(0.0903312 -0.129474 0)
(0.117727 -0.156077 0)
(0.0419071 -0.116445 0)
(0.0529522 -0.135494 0)
(0.0637708 -0.157306 0)
(0.0735099 -0.181519 0)
(0.0386508 -0.130765 0)
(0.0410327 -0.147953 0)
(0.0410304 -0.16503 0)
(0.0377896 -0.182144 0)
(0.0427153 -0.133279 0)
(0.0380787 -0.146871 0)
(0.0249945 -0.159084 0)
(0.00195089 -0.170071 0)
(0.0680392 -0.129709 0)
(0.0539051 -0.136746 0)
(0.0269547 -0.135321 0)
(-0.0426072 -0.13135 0)
(0.0207748 -0.0829474 0)
(-0.0113521 -0.011677 0)
(-0.0466145 0.0956935 0)
(-0.0740039 0.170659 0)
(0.0363099 -0.0291961 0)
(0.0200525 0.000684354 0)
(0.0157729 0.035146 0)
(0.0199256 0.0581792 0)
(0.0744801 0.0051197 0)
(0.0643643 0.0255617 0)
(0.0592276 0.0453275 0)
(0.0560512 0.0574242 0)
(0.104108 0.0248696 0)
(0.0972212 0.0404619 0)
(0.0919954 0.0570372 0)
(0.0861514 0.0726671 0)
(0.122626 0.0382895 0)
(0.117983 0.0518027 0)
(0.113984 0.0676166 0)
(0.10922 0.0856301 0)
(0.132014 0.0467137 0)
(0.129217 0.0593355 0)
(0.126714 0.0749096 0)
(0.12378 0.0939143 0)
(0.134559 0.0511942 0)
(0.133258 0.063427 0)
(0.132076 0.078813 0)
(0.130727 0.0978865 0)
(0.132146 0.0527485 0)
(0.131946 0.0648403 0)
(0.131743 0.0800579 0)
(0.131485 0.0988224 0)
(0.126362 0.0522643 0)
(0.126914 0.0644302 0)
(0.127344 0.0796125 0)
(0.127706 0.0981078 0)
(0.118576 0.0504005 0)
(0.119639 0.0628653 0)
(0.120471 0.0782339 0)
(0.121162 0.0967103 0)
(0.109902 0.0475342 0)
(0.111361 0.0604915 0)
(0.112504 0.0762734 0)
(0.113428 0.0950218 0)
(0.101126 0.043809 0)
(0.102968 0.0573756 0)
(0.104445 0.0737267 0)
(0.105646 0.0929735 0)
(0.0926805 0.0392303 0)
(0.094943 0.0534263 0)
(0.0968356 0.0703946 0)
(0.0984318 0.0902403 0)
(0.0846794 0.0337574 0)
(0.0874032 0.0485188 0)
(0.0897915 0.0660524 0)
(0.0919031 0.0864677 0)
(0.0770226 0.0273631 0)
(0.0802232 0.0425709 0)
(0.0831496 0.060552 0)
(0.0858552 0.0814174 0)
(0.0695047 0.0200606 0)
(0.0731606 0.0355645 0)
(0.0766197 0.0538398 0)
(0.0799389 0.0749903 0)
(0.0618879 0.0119197 0)
(0.0659406 0.0275528 0)
(0.0698816 0.0459508 0)
(0.0737753 0.0672039 0)
(0.0539451 0.00308491 0)
(0.0583029 0.0186732 0)
(0.0626338 0.0370138 0)
(0.067012 0.0581829 0)
(0.0454873 -0.006222 0)
(0.050033 0.00914903 0)
(0.0546304 0.0272527 0)
(0.0593644 0.0481538 0)
(0.036396 -0.0157246 0)
(0.040993 -0.000732744 0)
(0.0457167 0.0169639 0)
(0.0506553 0.0374213 0)
(0.026648 -0.0251235 0)
(0.0311553 -0.0106562 0)
(0.0358617 0.00647722 0)
(0.0408496 0.0263279 0)
(0.0163324 -0.0341227 0)
(0.0206197 -0.0203096 0)
(0.0251684 -0.00388196 0)
(0.030064 0.0152114 0)
(0.00565004 -0.0424634 0)
(0.0096006 -0.0294185 0)
(0.0138688 -0.0138254 0)
(0.0185486 0.00437126 0)
(-0.00509058 -0.0499264 0)
(-0.00157845 -0.0377482 0)
(0.00230919 -0.0231078 0)
(0.00666531 -0.0059417 0)
(-0.0154749 -0.0563001 0)
(-0.0124975 -0.0450872 0)
(-0.00909286 -0.0315172 0)
(-0.0051592 -0.0155168 0)
(-0.0250433 -0.061407 0)
(-0.0226805 -0.0512463 0)
(-0.019845 -0.0388554 0)
(-0.0164265 -0.0241497 0)
(-0.0333016 -0.0651044 0)
(-0.0316192 -0.0560605 0)
(-0.0294307 -0.0449394 0)
(-0.0266132 -0.0316433 0)
(-0.039746 -0.0672895 0)
(-0.03879 -0.0593941 0)
(-0.0373129 -0.0496052 0)
(-0.0351767 -0.0378113 0)
(-0.0438939 -0.06792 0)
(-0.0436759 -0.0611542 0)
(-0.0429491 -0.052713 0)
(-0.0415601 -0.042473 0)
(-0.0453345 -0.0670532 0)
(-0.045809 -0.0613309 0)
(-0.0458218 -0.054183 0)
(-0.0452068 -0.0454813 0)
(-0.0438095 -0.0648984 0)
(-0.0448476 -0.0600571 0)
(-0.045508 -0.0540605 0)
(-0.0456196 -0.0467875 0)
(-0.0393228 -0.0618593 0)
(-0.0406982 -0.057673 0)
(-0.0418064 -0.0525982 0)
(-0.0424844 -0.0465368 0)
(-0.0322434 -0.0585274 0)
(-0.0336545 -0.0547482 0)
(-0.0349113 -0.0503121 0)
(-0.0358754 -0.0451589 0)
(-0.0233354 -0.05557 0)
(-0.0244781 -0.051993 0)
(-0.0255535 -0.0479261 0)
(-0.0264622 -0.0433499 0)
(-0.0136493 -0.0535125 0)
(-0.0143121 -0.0500197 0)
(-0.0149531 -0.0461309 0)
(-0.0155112 -0.0418641 0)
(-0.00425209 -0.0526884 0)
(-0.00442042 -0.0492235 0)
(-0.00457889 -0.0454011 0)
(-0.0047061 -0.0412608 0)
(0.301143 -0.107438 0)
(0.398698 -0.277557 0)
(0.482375 -0.326352 0)
(0.74988 -0.0711053 0)
(1.08393 0.390926 0)
(1.19814 1.11905 0)
(0.68663 1.45973 0)
(-0.0735865 1.49164 0)
(-0.425104 0.802309 0)
(-0.606913 0.150297 0)
(-0.587905 -0.24249 0)
(-0.507183 -0.346668 0)
(-0.41981 -0.283693 0)
(-0.217605 -0.451115 0)
(-0.125417 -0.666775 0)
(-0.105542 -0.701875 0)
(-0.0709913 -0.650987 0)
(-0.0392931 -0.56546 0)
(-0.00996655 -0.428656 0)
(0.178387 -0.198267 0)
(0.191034 -0.309315 0)
(0.178533 -0.38615 0)
(0.161191 -0.456668 0)
(0.567387 0.352658 0)
(0.591901 1.13343 0)
(0.0228635 1.91303 0)
(-0.263835 1.85387 0)
(-0.376787 1.01132 0)
(-0.410634 0.199441 0)
(-0.341261 -0.343055 0)
(-0.254269 -0.484708 0)
(-0.200586 -0.406831 0)
(0.0151778 -0.533024 0)
(0.0767703 -0.719031 0)
(0.0529728 -0.726984 0)
(0.0417943 -0.662589 0)
(0.0329586 -0.568109 0)
(0.0297651 -0.424779 0)
(0.0899304 -0.223874 0)
(0.0633684 -0.292692 0)
(0.0114843 -0.298235 0)
(-0.046926 -0.399942 0)
(-0.570236 -0.100503 0)
(0.0128954 1.39297 0)
(-0.306582 2.08906 0)
(-0.185233 1.89806 0)
(-0.101849 1.05058 0)
(-0.0248925 0.175573 0)
(0.042099 -0.420489 0)
(0.0649392 -0.562388 0)
(0.0893854 -0.465631 0)
(0.174613 -0.611459 0)
(0.198592 -0.71228 0)
(0.149058 -0.709622 0)
(0.104804 -0.639568 0)
(0.0706789 -0.542013 0)
(0.0492539 -0.383227 0)
(0.027022 -0.210861 0)
(-0.0180989 -0.242384 0)
(-0.0625457 -0.184971 0)
(-0.126157 -0.0830359 0)
(-0.697941 0.0526109 0)
(-0.273451 1.22905 0)
(-0.107177 1.94341 0)
(0.215817 1.7529 0)
(0.431131 1.01482 0)
(0.523539 0.173465 0)
(0.471112 -0.403345 0)
(0.337325 -0.528497 0)
(0.28074 -0.501412 0)
(0.261136 -0.582786 0)
(0.239542 -0.671959 0)
(0.176135 -0.665216 0)
(0.114732 -0.596787 0)
(0.0729333 -0.504284 0)
(0.0525329 -0.333234 0)
(-0.037366 -0.18768 0)
(-0.0757537 -0.195867 0)
(-0.113518 -0.11701 0)
(-0.13993 0.0205699 0)
(-0.202079 0.111763 0)
(-0.246175 0.882217 0)
(0.33646 1.53857 0)
(0.773419 1.49703 0)
(0.996735 0.963787 0)
(0.968297 0.271369 0)
(0.735259 -0.241306 0)
(0.35724 -0.405728 0)
(0.25423 -0.443205 0)
(0.256702 -0.54616 0)
(0.214917 -0.622521 0)
(0.139502 -0.609289 0)
(0.0800062 -0.548994 0)
(0.0476528 -0.470406 0)
(0.0425599 -0.290492 0)
(-0.127972 -0.171639 0)
(-0.144025 -0.174172 0)
(-0.154473 -0.0769991 0)
(-0.161779 0.060971 0)
(-0.175028 0.200033 0)
(-0.220177 0.314786 0)
(0.31418 1.04308 0)
(0.858689 1.14715 0)
(1.04938 0.858907 0)
(0.826755 0.436486 0)
(0.597132 0.187318 0)
(0.229138 -0.263969 0)
(0.228491 -0.379224 0)
(0.199021 -0.500998 0)
(0.131946 -0.567873 0)
(0.0604428 -0.553595 0)
(0.0192722 -0.514737 0)
(0.0018041 -0.445394 0)
(0.0229237 -0.266517 0)
(-0.102034 -0.0721541 0)
(-0.228803 -0.180709 0)
(-0.220209 -0.0707201 0)
(-0.193477 0.0714402 0)
(-0.183509 0.225196 0)
(-0.178382 0.365391 0)
(-0.198126 0.469683 0)
(0.234536 0.840585 0)
(0.470853 0.959686 0)
(0.384989 0.951731 0)
(0.202221 -0.042689 0)
(0.176286 -0.159892 0)
(0.163244 -0.32562 0)
(0.0937864 -0.447259 0)
(0.0117456 -0.503556 0)
(-0.0528749 -0.506833 0)
(-0.0663001 -0.508937 0)
(-0.0537457 -0.446766 0)
(0.00559953 -0.276771 0)
(0.00588381 0.0424084 0)
(-0.0978635 -0.0522248 0)
(-0.28712 -0.0885515 0)
(-0.2441 0.0592756 0)
(-0.205289 0.220727 0)
(-0.183986 0.379026 0)
(-0.168436 0.510393 0)
(-0.194116 0.577639 0)
(0.0120723 1.02764 0)
(0.165323 0.465003 0)
(0.11928 0.096046 0)
(0.125734 -0.100933 0)
(0.061888 -0.265096 0)
(-0.0370626 -0.370404 0)
(-0.149401 -0.425717 0)
(-0.222921 -0.477371 0)
(-0.181232 -0.525929 0)
(-0.107906 -0.510048 0)
(0.00251323 -0.300059 0)
(0.0416949 0.0580147 0)
(-0.0257133 0.0479438 0)
(-0.149495 0.0128114 0)
(-0.311225 0.0311443 0)
(-0.249503 0.203477 0)
(-0.203471 0.367582 0)
(-0.178813 0.516258 0)
(-0.157479 0.611686 0)
(-0.154097 0.634233 0)
(0.0898065 0.394931 0)
(0.100272 0.162991 0)
(0.0568261 -0.042713 0)
(-0.0417692 -0.177319 0)
(-0.174392 -0.247132 0)
(-0.379228 -0.301933 0)
(-0.450194 -0.472417 0)
(-0.375565 -0.610614 0)
(-0.190072 -0.617883 0)
(-0.0106021 -0.330598 0)
(0.0729789 0.0946285 0)
(0.0285892 0.120792 0)
(-0.0341878 0.131692 0)
(-0.160175 0.0846182 0)
(-0.320983 0.179581 0)
(-0.243468 0.34991 0)
(-0.187503 0.499122 0)
(-0.14234 0.594368 0)
(-0.0602996 0.569357 0)
(0.0405337 0.391881 0)
(0.0490076 0.188088 0)
(-0.0110083 0.0276197 0)
(-0.106636 -0.0528845 0)
(-0.327564 -0.0398025 0)
(-0.653552 -0.179328 0)
(-0.695356 -0.51241 0)
(-0.576895 -0.744965 0)
(-0.299856 -0.820033 0)
(-0.0572577 -0.529866 0)
(0.100303 0.117452 0)
(0.0753445 0.162188 0)
(0.0364728 0.207376 0)
(-0.0204316 0.22731 0)
(-0.120863 0.19242 0)
(-0.306807 0.319003 0)
(-0.210483 0.471391 0)
(-0.130839 0.551846 0)
(-0.0490703 0.517962 0)
(0.00227154 0.366047 0)
(0.00341491 0.20832 0)
(-0.0260069 0.103556 0)
(-0.119087 0.0794052 0)
(-0.471936 0.137074 0)
(-0.903296 -0.136211 0)
(-1.00976 -0.593624 0)
(-0.755873 -0.977101 0)
(-0.407983 -1.13467 0)
(-0.119801 -0.685969 0)
(0.119411 0.12919 0)
(0.107916 0.181246 0)
(0.090392 0.238374 0)
(0.0606195 0.295747 0)
(0.0142812 0.330301 0)
(-0.0409103 0.309806 0)
(-0.235268 0.423171 0)
(-0.127624 0.511242 0)
(-0.0400898 0.47117 0)
(-0.00279805 0.343476 0)
(0.0044523 0.223488 0)
(0.00912981 0.139234 0)
(-0.068517 0.215766 0)
(-0.598053 0.498318 0)
(-1.27531 0.365441 0)
(-1.26112 -0.647587 0)
(-0.655523 -1.43662 0)
(-0.384091 -1.50423 0)
(-0.154137 -0.867334 0)
(0.129681 0.133916 0)
(0.126267 0.187802 0)
(0.121868 0.247561 0)
(0.113674 0.314491 0)
(0.0969805 0.383432 0)
(0.085267 0.427478 0)
(0.05044 0.385707 0)
(-0.0502757 0.408886 0)
(0.0248327 0.434396 0)
(0.0580062 0.320415 0)
(0.0559394 0.205035 0)
(0.0237226 0.147048 0)
(-0.586898 0.849044 0)
(-1.26654 1.12125 0)
(-1.54626 0.631155 0)
(-0.580942 -1.02444 0)
(-0.258284 -1.68742 0)
(-0.246277 -1.70769 0)
(-0.156277 -1.13805 0)
(0.132411 0.13452 0)
(0.132522 0.188317 0)
(0.133585 0.247591 0)
(0.134759 0.314327 0)
(0.134787 0.388066 0)
(0.135411 0.458666 0)
(0.130409 0.473702 0)
(0.0999083 0.396037 0)
(0.0662024 0.311201 0)
(0.0780897 0.276451 0)
(0.0703116 0.208329 0)
(-0.422543 0.713941 0)
(-0.844163 1.36941 0)
(-1.10016 1.30891 0)
(-0.802761 0.374671 0)
(-0.106614 -1.4742 0)
(-0.0569662 -1.73956 0)
(-0.127861 -1.7001 0)
(-0.0946377 -1.28305 0)
(0.129559 0.133381 0)
(0.130403 0.186934 0)
(0.131597 0.245948 0)
(0.132614 0.311742 0)
(0.132854 0.384034 0)
(0.130504 0.457096 0)
(0.11693 0.505235 0)
(0.0697292 0.488103 0)
(-0.0119715 0.420761 0)
(-0.120984 0.378063 0)
(-0.32454 0.573693 0)
(-0.619739 1.04808 0)
(-0.717863 1.37292 0)
(-0.57105 0.993794 0)
(-0.114253 -0.126738 0)
(-0.0047305 -1.59928 0)
(0.0171151 -1.73464 0)
(-0.0530772 -1.68336 0)
(-0.0496097 -1.34302 0)
(0.123366 0.131965 0)
(0.123764 0.186051 0)
(0.123251 0.246091 0)
(0.120689 0.313396 0)
(0.115207 0.387839 0)
(0.104779 0.465538 0)
(0.0811863 0.531525 0)
(0.0264181 0.554404 0)
(-0.0665487 0.530378 0)
(-0.228069 0.561002 0)
(-0.43742 0.767987 0)
(-0.564387 1.09753 0)
(-0.463044 1.18943 0)
(-0.168884 0.676345 0)
(0.146088 -0.304546 0)
(0.105344 -1.53261 0)
(-0.0142131 -1.73819 0)
(-0.00437843 -1.66073 0)
(-0.0366866 -1.38008 0)
(0.115865 0.130734 0)
(0.11575 0.186297 0)
(0.113775 0.248601 0)
(0.108487 0.319121 0)
(0.0988062 0.398468 0)
(0.0831603 0.484269 0)
(0.0564396 0.565911 0)
(0.00540008 0.619111 0)
(-0.0830842 0.650937 0)
(-0.227032 0.717759 0)
(-0.369491 0.87173 0)
(-0.394547 1.04354 0)
(-0.233316 0.971733 0)
(0.0262536 0.43942 0)
(0.185199 -0.394564 0)
(0.119963 -1.39411 0)
(-0.0152238 -1.68897 0)
(0.0185502 -1.6492 0)
(-0.0306544 -1.39666 0)
(0.10847 0.129501 0)
(0.108388 0.187159 0)
(0.106052 0.252408 0)
(0.10006 0.326712 0)
(0.0896425 0.411023 0)
(0.0739453 0.504153 0)
(0.0506173 0.598495 0)
(0.0102257 0.677477 0)
(-0.0578313 0.74655 0)
(-0.154977 0.822849 0)
(-0.231208 0.918005 0)
(-0.209173 0.964493 0)
(-0.0654774 0.793924 0)
(0.0993598 0.295617 0)
(0.144152 -0.406701 0)
(0.066859 -1.31107 0)
(0.0360314 -1.65754 0)
(0.0241919 -1.65367 0)
(-0.0389816 -1.3891 0)
(0.101892 0.127778 0)
(0.102587 0.18772 0)
(0.101141 0.255977 0)
(0.0963779 0.333807 0)
(0.0879971 0.422071 0)
(0.0759776 0.520035 0)
(0.0596883 0.622528 0)
(0.0342413 0.718707 0)
(-0.00598328 0.804316 0)
(-0.0563521 0.877147 0)
(-0.0844585 0.924927 0)
(-0.0469196 0.891969 0)
(0.0559792 0.678298 0)
(0.139166 0.237025 0)
(0.129723 -0.366169 0)
(0.0993381 -1.37351 0)
(0.0808579 -1.58118 0)
(0.051193 -1.60058 0)
(-0.0374263 -1.40841 0)
(0.0962523 0.125021 0)
(0.0984135 0.18707 0)
(0.0988958 0.257952 0)
(0.0967851 0.338572 0)
(0.0922041 0.429449 0)
(0.0857931 0.529823 0)
(0.078151 0.635756 0)
(0.0679152 0.738747 0)
(0.0534439 0.829267 0)
(0.0390928 0.894079 0)
(0.0417731 0.91045 0)
(0.0812955 0.835451 0)
(0.147108 0.613021 0)
(0.183045 0.225459 0)
(0.172818 -0.308998 0)
(0.121609 -1.39897 0)
(0.105205 -1.53374 0)
(0.0661778 -1.54104 0)
(0.00748421 -1.40183 0)
(0.0912841 0.120807 0)
(0.0953988 0.184538 0)
(0.0984857 0.257406 0)
(0.0998494 0.339889 0)
(0.0999107 0.432036 0)
(0.099716 0.532783 0)
(0.100608 0.638553 0)
(0.103205 0.741702 0)
(0.10784 0.830553 0)
(0.116943 0.887224 0)
(0.136976 0.886176 0)
(0.173454 0.79407 0)
(0.214425 0.578083 0)
(0.228945 0.228229 0)
(0.250181 -0.266849 0)
(0.126154 -1.38029 0)
(0.11239 -1.50053 0)
(0.0665216 -1.50292 0)
(0.0412839 -1.35329 0)
(0.0865377 0.114901 0)
(0.0928207 0.179767 0)
(0.0987981 0.253899 0)
(0.103907 0.337327 0)
(0.108719 0.429607 0)
(0.114425 0.529252 0)
(0.122621 0.632649 0)
(0.134665 0.732559 0)
(0.151394 0.816937 0)
(0.173388 0.867263 0)
(0.201022 0.858791 0)
(0.232571 0.763748 0)
(0.258572 0.558027 0)
(0.265592 0.229207 0)
(0.315208 -0.250321 0)
(0.138358 -1.29316 0)
(0.110141 -1.46807 0)
(0.0610493 -1.47261 0)
(0.0559956 -1.30959 0)
(0.0815121 0.107265 0)
(0.089918 0.172686 0)
(0.0987341 0.247383 0)
(0.107437 0.330978 0)
(0.116613 0.422565 0)
(0.127386 0.520251 0)
(0.141242 0.620304 0)
(0.159521 0.715847 0)
(0.182807 0.795475 0)
(0.210257 0.841909 0)
(0.239027 0.832445 0)
(0.264098 0.741925 0)
(0.278305 0.546726 0)
(0.276977 0.226484 0)
(0.316274 -0.252661 0)
(0.22454 -1.08466 0)
(0.102622 -1.46263 0)
(0.0600306 -1.44799 0)
(0.0559016 -1.25518 0)
(0.0757388 0.0980308 0)
(0.0860268 0.163444 0)
(0.0973886 0.238088 0)
(0.109269 0.321241 0)
(0.122171 0.411615 0)
(0.137018 0.506999 0)
(0.154988 0.603602 0)
(0.177068 0.695004 0)
(0.203324 0.770898 0)
(0.231935 0.815948 0)
(0.258443 0.8098 0)
(0.276058 0.728623 0)
(0.277277 0.546626 0)
(0.255167 0.236089 0)
(0.24265 -0.24072 0)
(0.170837 -0.977371 0)
(0.093556 -1.39627 0)
(0.0716081 -1.42491 0)
(0.0474605 -1.20253 0)
(0.0688469 0.0874636 0)
(0.0806608 0.152344 0)
(0.0941369 0.226404 0)
(0.108654 0.308653 0)
(0.124582 0.397514 0)
(0.14259 0.490567 0)
(0.163501 0.584062 0)
(0.187884 0.672112 0)
(0.215347 0.745664 0)
(0.243542 0.791475 0)
(0.267407 0.791635 0)
(0.279283 0.723649 0)
(0.270075 0.56029 0)
(0.228743 0.269372 0)
(0.193029 -0.196164 0)
(0.148354 -1.01743 0)
(0.13387 -1.33261 0)
(0.0936375 -1.38058 0)
(0.0426194 -1.155 0)
(0.060615 0.0759034 0)
(0.0735532 0.139779 0)
(0.0886616 0.212801 0)
(0.105253 0.293782 0)
(0.123556 0.380946 0)
(0.144006 0.471754 0)
(0.167118 0.562569 0)
(0.193143 0.648062 0)
(0.221449 0.720393 0)
(0.249649 0.768315 0)
(0.272914 0.776331 0)
(0.283797 0.723656 0)
(0.272761 0.582417 0)
(0.228565 0.313894 0)
(0.223294 -0.162019 0)
(0.189753 -1.04086 0)
(0.172441 -1.28678 0)
(0.1146 -1.31957 0)
(0.0458827 -1.09496 0)
(0.0510022 0.0637159 0)
(0.0646649 0.126164 0)
(0.0809362 0.197754 0)
(0.0990799 0.277156 0)
(0.119211 0.362465 0)
(0.141588 0.451081 0)
(0.16652 0.539502 0)
(0.194099 0.622898 0)
(0.22372 0.694474 0)
(0.253404 0.744674 0)
(0.279272 0.760135 0)
(0.295289 0.721799 0)
(0.293293 0.600911 0)
(0.264819 0.347167 0)
(0.275519 -0.181432 0)
(0.214714 -0.971772 0)
(0.198884 -1.24401 0)
(0.125905 -1.25255 0)
(0.0529682 -1.02175 0)
(0.0401454 0.0512506 0)
(0.0541658 0.111892 0)
(0.0711831 0.181693 0)
(0.0904348 0.259228 0)
(0.111959 0.342498 0)
(0.135905 0.428869 0)
(0.162485 0.514937 0)
(0.191783 0.596251 0)
(0.223422 0.666786 0)
(0.25611 0.718199 0)
(0.287378 0.738636 0)
(0.313516 0.71022 0)
(0.329534 0.603308 0)
(0.333499 0.361914 0)
(0.350359 -0.141646 0)
(0.223012 -1.0046 0)
(0.205745 -1.19261 0)
(0.123523 -1.18073 0)
(0.0588043 -0.945718 0)
(0.0283318 0.0388157 0)
(0.0423926 0.0973007 0)
(0.0598141 0.164979 0)
(0.0798216 0.240353 0)
(0.102408 0.321359 0)
(0.127669 0.405317 0)
(0.155797 0.488854 0)
(0.186962 0.567742 0)
(0.221081 0.636422 0)
(0.257549 0.68724 0)
(0.295196 0.709067 0)
(0.33246 0.684351 0)
(0.367297 0.582527 0)
(0.40096 0.348586 0)
(0.432957 -0.106192 0)
(0.342088 -0.824181 0)
(0.188567 -1.16044 0)
(0.106815 -1.10704 0)
(0.0599369 -0.873272 0)
(0.015959 0.0266674 0)
(0.0297937 0.0826584 0)
(0.0473582 0.147882 0)
(0.0678666 0.22079 0)
(0.091288 0.299265 0)
(0.117683 0.380565 0)
(0.147258 0.461262 0)
(0.180285 0.537224 0)
(0.216939 0.603109 0)
(0.257038 0.651592 0)
(0.300133 0.671757 0)
(0.3455 0.646065 0)
(0.391402 0.544263 0)
(0.433668 0.317178 0)
(0.456663 -0.0923675 0)
(0.380456 -0.672508 0)
(0.135483 -1.06007 0)
(0.0884465 -1.0378 0)
(0.0520822 -0.809389 0)
(0.00349189 0.0150147 0)
(0.0168753 0.0681788 0)
(0.0343854 0.130596 0)
(0.0552267 0.200703 0)
(0.0793519 0.276344 0)
(0.106787 0.354711 0)
(0.137697 0.432244 0)
(0.172463 0.504793 0)
(0.211414 0.567155 0)
(0.254482 0.61222 0)
(0.301339 0.629262 0)
(0.351021 0.601368 0)
(0.400012 0.501298 0)
(0.438104 0.290595 0)
(0.444587 -0.0624196 0)
(0.339934 -0.549005 0)
(0.164476 -0.917631 0)
(0.072679 -0.985996 0)
(0.0273129 -0.740429 0)
(-0.00857088 0.0040548 0)
(0.00415733 0.0540277 0)
(0.0214375 0.113252 0)
(0.0424971 0.180181 0)
(0.0672698 0.252641 0)
(0.0957415 0.327782 0)
(0.12794 0.401896 0)
(0.164362 0.470528 0)
(0.20523 0.528933 0)
(0.250436 0.570205 0)
(0.299533 0.584072 0)
(0.351048 0.555176 0)
(0.399713 0.461218 0)
(0.432307 0.275873 0)
(0.429936 -0.0178597 0)
(0.3223 -0.432558 0)
(0.191055 -0.817719 0)
(0.0689412 -0.934495 0)
(0.00349341 -0.691374 0)
(-0.0197156 -0.0060078 0)
(-0.00786377 0.0403628 0)
(0.00899497 0.0959685 0)
(0.0301489 0.159289 0)
(0.0555149 0.228154 0)
(0.0850297 0.299703 0)
(0.118705 0.370236 0)
(0.156683 0.434879 0)
(0.19891 0.489314 0)
(0.245429 0.526848 0)
(0.295588 0.537902 0)
(0.347639 0.509399 0)
(0.395578 0.42425 0)
(0.425197 0.266251 0)
(0.418033 0.0261214 0)
(0.345023 -0.305249 0)
(0.172985 -0.710906 0)
(0.0971971 -0.834533 0)
(0.0256666 -0.704006 0)
(-0.029406 -0.0149614 0)
(-0.0187008 0.0273952 0)
(-0.00252211 0.0789157 0)
(0.0185141 0.138141 0)
(0.0443155 0.202943 0)
(0.0747784 0.270475 0)
(0.109944 0.337153 0)
(0.149301 0.398092 0)
(0.192798 0.448653 0)
(0.240289 0.482843 0)
(0.290704 0.491785 0)
(0.342436 0.464406 0)
(0.389618 0.388892 0)
(0.417523 0.25707 0)
(0.40743 0.0648277 0)
(0.365482 -0.197497 0)
(0.150254 -0.626673 0)
(0.096025 -0.745152 0)
(0.0607285 -0.635055 0)
(-0.0370776 -0.0225665 0)
(-0.0278423 0.0154018 0)
(-0.0127065 0.062359 0)
(0.00785435 0.116972 0)
(0.0337647 0.177208 0)
(0.0648931 0.240274 0)
(0.101174 0.302665 0)
(0.142078 0.359911 0)
(0.187078 0.407021 0)
(0.235412 0.438377 0)
(0.286075 0.445932 0)
(0.337498 0.419997 0)
(0.383973 0.35375 0)
(0.412387 0.246085 0)
(0.40721 0.0994285 0)
(0.392791 -0.0960108 0)
(0.144473 -0.523924 0)
(0.0904785 -0.677919 0)
(0.0623168 -0.55009 0)
(-0.0421342 -0.0285692 0)
(-0.0347123 0.00472663 0)
(-0.0210874 0.0466809 0)
(-0.00152773 0.0961665 0)
(0.0239538 0.151322 0)
(0.0552291 0.209452 0)
(0.0921441 0.267143 0)
(0.134304 0.320218 0)
(0.180923 0.363982 0)
(0.230915 0.392944 0)
(0.283071 0.399692 0)
(0.335433 0.374722 0)
(0.382625 0.317478 0)
(0.415169 0.231183 0)
(0.422679 0.120744 0)
(0.423212 -0.0181376 0)
(0.235324 -0.328484 0)
(0.0997332 -0.638142 0)
(0.0543734 -0.47484 0)
(-0.0439743 -0.0327613 0)
(-0.0386447 -0.00423476 0)
(-0.027053 0.0323871 0)
(-0.00919108 0.0762934 0)
(0.0150589 0.125869 0)
(0.045638 0.178558 0)
(0.0823994 0.231077 0)
(0.125016 0.27947 0)
(0.172814 0.31926 0)
(0.224667 0.345393 0)
(0.279883 0.351461 0)
(0.334139 0.329801 0)
(0.381746 0.281357 0)
(0.419593 0.208352 0)
(0.441812 0.118142 0)
(0.454263 0.0139545 0)
(0.42461 -0.160145 0)
(0.138231 -0.558942 0)
(0.050073 -0.409668 0)
(-0.0420945 -0.0350877 0)
(-0.0389257 -0.0111367 0)
(-0.0298273 0.0200593 0)
(-0.0144525 0.0581218 0)
(0.00750211 0.101741 0)
(0.0361279 0.148526 0)
(0.0713772 0.195382 0)
(0.112938 0.238576 0)
(0.160177 0.273843 0)
(0.211972 0.296486 0)
(0.267053 0.301465 0)
(0.321864 0.283681 0)
(0.37117 0.241606 0)
(0.411494 0.17793 0)
(0.438557 0.10163 0)
(0.452592 0.0175952 0)
(0.448359 -0.0896951 0)
(0.212779 -0.297171 0)
(0.0616869 -0.343019 0)
(-0.0363368 -0.0357864 0)
(-0.0350257 -0.0158531 0)
(-0.0286034 0.0102071 0)
(-0.0163945 0.0425295 0)
(0.00212274 0.0801529 0)
(0.0272563 0.120802 0)
(0.0591761 0.161692 0)
(0.0975631 0.199405 0)
(0.141639 0.229987 0)
(0.190077 0.249118 0)
(0.241003 0.252527 0)
(0.291586 0.236571 0)
(0.338525 0.199944 0)
(0.378525 0.144406 0)
(0.406936 0.0788152 0)
(0.424994 0.0172606 0)
(0.410751 -0.0165873 0)
(0.247964 -0.125033 0)
(0.0834713 -0.229229 0)
(-0.0272055 -0.035417 0)
(-0.0270512 -0.0185687 0)
(-0.0230288 0.00310606 0)
(-0.0142907 0.0302405 0)
(3.60584e-06 0.0623231 0)
(0.0202998 0.0969579 0)
(0.0471357 0.131896 0)
(0.0802032 0.164235 0)
(0.11852 0.190478 0)
(0.160435 0.206781 0)
(0.203646 0.209389 0)
(0.245288 0.195223 0)
(0.28226 0.162916 0)
(0.312344 0.113664 0)
(0.334305 0.0549913 0)
(0.360407 0.0101807 0)
(0.324655 0.064842 0)
(0.290747 0.011397 0)
(0.10879 0.0424972 0)
(-0.015999 -0.0348559 0)
(-0.0161812 -0.0199306 0)
(-0.0140109 -0.00144928 0)
(-0.0088166 0.0215684 0)
(0.0014384 0.0485455 0)
(0.0166268 0.0772346 0)
(0.0377 0.106284 0)
(0.0643156 0.133539 0)
(0.095305 0.156153 0)
(0.128706 0.170898 0)
(0.161767 0.174635 0)
(0.191037 0.16482 0)
(0.212418 0.140032 0)
(0.222044 0.100449 0)
(0.219216 0.0505988 0)
(0.215021 0.0269191 0)
(0.256123 0.166613 0)
(0.808982 0.20283 0)
(0.269404 0.13587 0)
(-0.0047836 -0.0344157 0)
(-0.00474307 -0.0201982 0)
(-0.00378721 -0.0033546 0)
(-0.0031833 0.014937 0)
(0.00412391 0.0368564 0)
(0.0158966 0.0593999 0)
(0.032903 0.0823799 0)
(0.0545707 0.104563 0)
(0.0795938 0.12407 0)
(0.105826 0.138706 0)
(0.130247 0.146358 0)
(0.148944 0.145468 0)
(0.156956 0.135315 0)
(0.149629 0.115098 0)
(0.134765 0.0750934 0)
(0.092743 -0.0246223 0)
(0.154853 -0.428615 0)
(1.38859 -1.02037 0)
(0.949165 1.82379 0)
)
;

boundaryField
{
    leftWall
    {
        type            noSlip;
    }
    rightWall
    {
        type            noSlip;
    }
    lowerWall
    {
        type            noSlip;
    }
    atmosphere
    {
        type            pressureInletOutletVelocity;
        value           nonuniform List<vector> 
46
(
(0 -0.0145932 0)
(0 -0.0687313 0)
(0 -0.0782603 0)
(0 -0.0812204 0)
(0 -0.0827005 0)
(0 -0.0834611 0)
(0 -0.0837676 0)
(0 -0.0837257 0)
(0 -0.0833863 0)
(0 -0.0827813 0)
(0 -0.0819379 0)
(0 -0.0808846 0)
(0 -0.079653 0)
(0 -0.0782784 0)
(0 -0.0767978 0)
(0 -0.075245 0)
(0 -0.0736408 0)
(0 -0.0719779 0)
(0 -0.0701998 0)
(0 -0.0681747 0)
(0 -0.065667 0)
(0 -0.0623217 0)
(0 -0.0576474 0)
(0 -0.0526884 0)
(0 -0.0492235 0)
(0 -0.0454011 0)
(0 -0.0412608 0)
(0 -0.0344157 0)
(0 -0.0201982 0)
(0 -0.0033546 0)
(-0.0031833 0.014937 0)
(0.00412391 0.0368564 0)
(0.0158966 0.0593999 0)
(0.032903 0.0823799 0)
(0.0545707 0.104563 0)
(0.0795938 0.12407 0)
(0.105826 0.138706 0)
(0.130247 0.146358 0)
(0.148944 0.145468 0)
(0.156956 0.135315 0)
(0.149629 0.115098 0)
(0.134765 0.0750934 0)
(0 -0.0246223 0)
(0 -0.428615 0)
(0 -1.02037 0)
(0.949165 1.82379 0)
)
;
    }
    defaultFaces
    {
        type            empty;
    }
}


// ************************************************************************* //
