/*--------------------------------*- C++ -*----------------------------------*\
| =========                 |                                                 |
| \\      /  F ield         | OpenFOAM: The Open Source CFD Toolbox           |
|  \\    /   O peration     | Version:  v2012                                 |
|   \\  /    A nd           | Website:  www.openfoam.com                      |
|    \\/     M anipulation  |                                                 |
\*---------------------------------------------------------------------------*/
FoamFile
{
    version     2.0;
    format      ascii;
    class       surfaceScalarField;
    location    "0.95";
    object      phi;
}
// * * * * * * * * * * * * * * * * * * * * * * * * * * * * * * * * * * * * * //

dimensions      [0 3 -1 0 0 0 0];
oriented        oriented;


internalField   nonuniform List<scalar> 
4432
(
-1.79042e-06
1.79042e-06
-4.88275e-06
3.09233e-06
-7.65673e-06
2.77398e-06
-1.01813e-05
2.52457e-06
-1.26458e-05
2.46445e-06
-1.509e-05
2.44427e-06
-1.74675e-05
2.37753e-06
-1.97041e-05
2.23661e-06
-2.17235e-05
2.01936e-06
-2.34465e-05
1.723e-06
-2.47791e-05
1.3326e-06
-2.55941e-05
8.1503e-07
-2.57102e-05
1.16058e-07
-2.49798e-05
-7.30332e-07
-2.33101e-05
-1.66978e-06
-2.06073e-05
-2.70276e-06
-1.66006e-05
-4.00672e-06
-1.12153e-05
-5.3853e-06
-4.93018e-06
-6.2851e-06
9.45697e-07
-5.87587e-06
4.78437e-06
-3.83867e-06
4.586e-06
1.98375e-07
4.586e-06
-3.46539e-06
5.25581e-06
-6.76606e-06
6.39301e-06
-9.6268e-06
5.63471e-06
-1.23127e-05
5.21046e-06
-1.49446e-05
5.09638e-06
-1.74798e-05
4.97946e-06
-1.98461e-05
4.7438e-06
-2.19754e-05
4.36599e-06
-2.38017e-05
3.84566e-06
-2.52478e-05
3.16904e-06
-2.6224e-05
2.30886e-06
-2.66488e-05
1.2398e-06
-2.64868e-05
-4.59102e-08
-2.56651e-05
-1.5521e-06
-2.4016e-05
-3.31887e-06
-2.12829e-05
-5.43582e-06
-1.73183e-05
-7.97131e-06
-1.21655e-05
-1.05381e-05
-6.28791e-06
-1.21627e-05
-6.39232e-07
-1.15246e-05
3.2785e-06
-7.75638e-06
3.93649e-06
-4.59634e-07
8.52251e-06
-3.92722e-06
9.18303e-06
-6.95972e-06
9.42551e-06
-9.73201e-06
8.407e-06
-1.24346e-05
7.91306e-06
-1.507e-05
7.7318e-06
-1.75826e-05
7.49204e-06
-1.99121e-05
7.07333e-06
-2.20063e-05
6.46022e-06
-2.38116e-05
5.65097e-06
-2.52613e-05
4.61867e-06
-2.62745e-05
3.32205e-06
-2.67705e-05
1.73582e-06
-2.66795e-05
-1.36864e-07
-2.592e-05
-2.31161e-06
-2.43551e-05
-4.88379e-06
-2.17834e-05
-8.00754e-06
-1.8044e-05
-1.17107e-05
-1.31705e-05
-1.54116e-05
-7.57976e-06
-1.77534e-05
-2.10451e-06
-1.69998e-05
1.97424e-06
-1.18351e-05
3.30224e-06
-1.78764e-06
1.18248e-05
-3.94447e-06
1.31275e-05
-6.85633e-06
1.23374e-05
-9.62911e-06
1.11798e-05
-1.23684e-05
1.06523e-05
-1.50254e-05
1.03888e-05
-1.75446e-05
1.00113e-05
-1.98763e-05
9.405e-06
-2.1978e-05
8.56195e-06
-2.38038e-05
7.47675e-06
-2.52918e-05
6.10669e-06
-2.63619e-05
4.39211e-06
-2.69282e-05
2.30214e-06
-2.69168e-05
-1.48287e-07
-2.62589e-05
-2.96952e-06
-2.48475e-05
-6.29517e-06
-2.25011e-05
-1.0354e-05
-1.90332e-05
-1.51786e-05
-1.44282e-05
-2.00167e-05
-9.03348e-06
-2.31481e-05
-3.59148e-06
-2.24418e-05
7.73482e-07
-1.62001e-05
2.73232e-06
-3.74649e-06
1.45571e-05
-3.81663e-06
1.69441e-05
-6.69805e-06
1.52188e-05
-9.50309e-06
1.39848e-05
-1.22801e-05
1.34293e-05
-1.49635e-05
1.30722e-05
-1.75005e-05
1.25483e-05
-1.98493e-05
1.17539e-05
-2.1976e-05
1.06886e-05
-2.38412e-05
9.34191e-06
-2.53867e-05
7.65225e-06
-2.6531e-05
5.53639e-06
-2.71835e-05
2.95463e-06
-2.72737e-05
-5.81124e-08
-2.67536e-05
-3.48956e-06
-2.55455e-05
-7.50332e-06
-2.34774e-05
-1.24221e-05
-2.03243e-05
-1.83316e-05
-1.60089e-05
-2.4332e-05
-1.0806e-05
-2.83511e-05
-5.3407e-06
-2.79071e-05
-5.76128e-07
-2.09646e-05
2.01094e-06
-6.33356e-06
1.6568e-05
-3.64956e-06
2.05937e-05
-6.52774e-06
1.80969e-05
-9.36609e-06
1.68232e-05
-1.21752e-05
1.62384e-05
-1.48852e-05
1.57822e-05
-1.74466e-05
1.51097e-05
-1.98248e-05
1.41321e-05
-2.19932e-05
1.2857e-05
-2.39189e-05
1.12676e-05
-2.55466e-05
9.27997e-06
-2.6791e-05
6.78079e-06
-2.75541e-05
3.71775e-06
-2.77693e-05
1.57018e-07
-2.74132e-05
-3.84564e-06
-2.64391e-05
-8.47738e-06
-2.46834e-05
-1.41779e-05
-2.18873e-05
-2.11277e-05
-1.79284e-05
-2.82909e-05
-1.3008e-05
-3.32715e-05
-7.57651e-06
-3.33385e-05
-2.388e-06
-2.61532e-05
9.03834e-07
-9.6254e-06
1.74719e-05
-3.47564e-06
2.40693e-05
-6.34521e-06
2.09665e-05
-9.20482e-06
1.96828e-05
-1.20372e-05
1.90707e-05
-1.47726e-05
1.85177e-05
-1.73654e-05
1.77025e-05
-1.97869e-05
1.65537e-05
-2.20171e-05
1.50871e-05
-2.40287e-05
1.32792e-05
-2.57686e-05
1.10199e-05
-2.71446e-05
8.15682e-06
-2.80459e-05
4.61901e-06
-2.84056e-05
5.16728e-07
-2.8225e-05
-4.02624e-06
-2.74883e-05
-9.21404e-06
-2.60463e-05
-1.56199e-05
-2.36375e-05
-2.35364e-05
-2.01411e-05
-3.17873e-05
-1.56826e-05
-3.773e-05
-1.04486e-05
-3.85725e-05
-4.85344e-06
-3.17483e-05
-6.64414e-07
-1.38144e-05
1.68074e-05
-3.29244e-06
2.73618e-05
-6.13404e-06
2.38081e-05
-8.99618e-06
2.25449e-05
-1.18404e-05
2.19149e-05
-1.45998e-05
2.12771e-05
-1.72327e-05
2.03354e-05
-1.9715e-05
1.90359e-05
-2.20308e-05
1.7403e-05
-2.41581e-05
1.54064e-05
-2.60451e-05
1.29068e-05
-2.75897e-05
9.70148e-06
-2.86606e-05
5.68993e-06
-2.91807e-05
1.03679e-06
-2.91706e-05
-4.03633e-06
-2.86382e-05
-9.74646e-06
-2.74675e-05
-1.67906e-05
-2.54502e-05
-2.55538e-05
-2.25296e-05
-3.47079e-05
-1.87689e-05
-4.14907e-05
-1.39928e-05
-4.33487e-05
-8.04018e-06
-3.77009e-05
-2.36563e-06
-1.9489e-05
1.44418e-05
5.03761e-06
-5.03761e-06
-1.02817e-05
1.53193e-05
-3.03248e-05
2.00431e-05
-4.72444e-05
1.69197e-05
-5.60274e-05
8.78302e-06
-5.70923e-05
1.06489e-06
-5.43069e-05
-2.78546e-06
-5.05826e-05
-3.72431e-06
-4.60868e-05
-4.49579e-06
-3.92292e-05
-6.8576e-06
-2.80398e-05
-1.11894e-05
-1.50229e-05
-1.30169e-05
-6.3653e-06
-8.6576e-06
-3.01378e-06
-3.35153e-06
-2.68044e-06
-3.33336e-07
-2.25458e-06
-4.25893e-07
-1.37796e-07
-2.11677e-06
2.55892e-06
-2.69672e-06
2.55892e-06
-9.73513e-06
4.69751e-06
-2.91002e-05
3.46844e-05
-4.66399e-05
3.75828e-05
-5.59605e-05
2.62403e-05
-5.77841e-05
1.06065e-05
-5.57047e-05
-1.01451e-06
-5.21887e-05
-6.30146e-06
-4.82691e-05
-7.64391e-06
-4.36893e-05
-9.07553e-06
-3.69023e-05
-1.36446e-05
-2.6547e-05
-2.15447e-05
-1.54535e-05
-2.41104e-05
-8.25196e-06
-1.58591e-05
-6.16568e-06
-5.43784e-06
-7.30317e-06
8.0417e-07
-8.40228e-06
6.73214e-07
-6.87439e-06
-3.64465e-06
-2.14053e-06
-7.4306e-06
4.18394e-07
-1.83212e-05
2.30187e-05
-3.56223e-05
5.19855e-05
-4.73956e-05
4.9356e-05
-5.33633e-05
3.2208e-05
-5.4556e-05
1.17992e-05
-5.20953e-05
-3.47528e-06
-4.79721e-05
-1.04246e-05
-4.41003e-05
-1.15157e-05
-3.99454e-05
-1.32304e-05
-3.33359e-05
-2.02542e-05
-2.28778e-05
-3.20028e-05
-1.23067e-05
-3.46815e-05
-6.07444e-06
-2.20914e-05
-5.70188e-06
-5.81042e-06
-9.06763e-06
4.16992e-06
-1.23739e-05
3.97945e-06
-1.25548e-05
-3.46376e-06
-7.81549e-06
-1.21699e-05
-7.39709e-06
-2.15559e-05
4.45746e-05
-3.5622e-05
6.60516e-05
-4.4097e-05
5.78311e-05
-4.95613e-05
3.76723e-05
-5.04127e-05
1.26507e-05
-4.56526e-05
-8.2354e-06
-3.95508e-05
-1.65265e-05
-3.63237e-05
-1.47428e-05
-3.43378e-05
-1.52163e-05
-2.84531e-05
-2.61388e-05
-1.70436e-05
-4.34123e-05
-6.5149e-06
-4.52102e-05
-7.83855e-07
-2.78224e-05
-1.57525e-06
-5.01903e-06
-7.21421e-06
9.8089e-06
-1.31852e-05
9.95042e-06
-1.57504e-05
-8.98595e-07
-1.20341e-05
-1.58861e-05
-1.94312e-05
-2.17818e-05
6.63564e-05
-3.25572e-05
7.6827e-05
-3.86557e-05
6.39295e-05
-4.41447e-05
4.31613e-05
-4.37798e-05
1.22857e-05
-3.27237e-05
-1.92915e-05
-2.17387e-05
-2.75115e-05
-1.93412e-05
-1.71403e-05
-2.32813e-05
-1.12762e-05
-2.05565e-05
-2.88636e-05
-7.45506e-06
-5.65137e-05
2.58153e-06
-5.52468e-05
7.7037e-06
-3.29446e-05
6.17809e-06
-3.49344e-06
-4.07513e-07
1.63945e-05
-7.94256e-06
1.74855e-05
-1.20463e-05
3.20517e-06
-1.06889e-05
-1.72435e-05
-3.01202e-05
-2.08663e-05
8.72227e-05
-2.83129e-05
8.42737e-05
-3.21699e-05
6.77865e-05
-3.88661e-05
4.98575e-05
-3.11473e-05
4.5669e-06
-1.77265e-05
-3.27122e-05
-5.85903e-06
-3.9379e-05
-4.72905e-07
-2.25265e-05
-5.94655e-06
-5.80251e-06
-6.03683e-06
-2.87734e-05
5.6312e-06
-6.81817e-05
1.55259e-05
-6.51415e-05
2.14537e-05
-3.88724e-05
2.01642e-05
-2.20396e-06
1.45783e-05
2.19804e-05
7.22806e-06
2.48358e-05
3.81824e-06
6.61502e-06
1.16914e-06
-1.45944e-05
-2.8951e-05
-2.02112e-05
0.000107434
-2.47785e-05
8.88409e-05
-2.78712e-05
7.08793e-05
-3.0497e-05
5.24833e-05
-2.11771e-05
-4.75302e-06
-1.29238e-05
-4.09656e-05
-4.33394e-06
-4.79689e-05
5.94489e-06
-3.28053e-05
4.5021e-06
-4.3597e-06
5.86629e-06
-3.01376e-05
1.33964e-05
-7.57118e-05
2.41829e-05
-7.5928e-05
3.63583e-05
-5.10478e-05
4.26368e-05
-8.48244e-06
3.51035e-05
2.95137e-05
2.70516e-05
3.28876e-05
2.54564e-05
8.2102e-06
1.66427e-05
-5.78067e-06
-1.23084e-05
-2.06995e-05
0.000128133
-2.31126e-05
9.1254e-05
-2.49414e-05
7.27081e-05
-2.30408e-05
5.05827e-05
-1.52659e-05
-1.25279e-05
-9.44502e-06
-4.67864e-05
-4.28451e-06
-5.31293e-05
4.87118e-06
-4.1961e-05
8.55216e-06
-8.04066e-06
1.29987e-05
-3.45841e-05
1.84975e-05
-8.12106e-05
2.76346e-05
-8.50651e-05
3.85783e-05
-6.19915e-05
4.97626e-05
-1.96668e-05
4.56021e-05
3.36741e-05
3.65165e-05
4.19733e-05
3.31891e-05
1.15375e-05
2.40088e-05
3.39955e-06
1.17004e-05
-6.18199e-06
3.35437e-05
-1.21517e-05
2.97778e-05
-1.81839e-05
2.85771e-05
-2.4231e-05
2.7962e-05
-3.01791e-05
2.72252e-05
-3.59531e-05
2.61094e-05
-4.15066e-05
2.45893e-05
-4.68114e-05
2.27077e-05
-5.18327e-05
2.04278e-05
-5.64746e-05
1.75487e-05
-6.04883e-05
1.37153e-05
-6.34926e-05
8.69418e-06
-6.52371e-05
2.78131e-06
-6.58148e-05
-3.45861e-06
-6.52134e-05
-1.03478e-05
-6.33404e-05
-1.86636e-05
-6.01004e-05
-2.87938e-05
-5.58188e-05
-3.89895e-05
-5.08554e-05
-4.64542e-05
-4.37557e-05
-5.04484e-05
-3.06594e-05
-5.07971e-05
-1.27269e-05
-3.74215e-05
-9.82086e-06
1.15358e-05
-4.62546e-06
3.81692e-05
-1.01224e-05
3.52747e-05
-1.5875e-05
3.43297e-05
-2.18071e-05
3.38942e-05
-2.78568e-05
3.32749e-05
-3.39747e-05
3.22273e-05
-4.01093e-05
3.07239e-05
-4.6204e-05
2.88025e-05
-5.22501e-05
2.64738e-05
-5.82243e-05
2.35228e-05
-6.39135e-05
1.94045e-05
-6.86405e-05
1.34212e-05
-7.18991e-05
6.03989e-06
-7.37086e-05
-1.64912e-06
-7.39361e-05
-1.01203e-05
-7.24752e-05
-2.01245e-05
-6.89765e-05
-3.22925e-05
-6.5271e-05
-4.2695e-05
-6.45969e-05
-4.71283e-05
-6.54341e-05
-4.96111e-05
-5.84473e-05
-5.7784e-05
-4.76375e-05
-4.82313e-05
-1.4946e-05
-4.25124e-05
-2.37271e-06
4.05419e-05
-6.78231e-06
3.96843e-05
-1.17534e-05
3.93008e-05
-1.73694e-05
3.95102e-05
-2.36045e-05
3.95099e-05
-3.03779e-05
3.90008e-05
-3.74216e-05
3.77675e-05
-4.4647e-05
3.60279e-05
-5.21141e-05
3.3941e-05
-6.00305e-05
3.14392e-05
-6.86258e-05
2.79999e-05
-7.68571e-05
2.16524e-05
-8.41295e-05
1.33123e-05
-8.98606e-05
4.08201e-06
-9.33868e-05
-6.59411e-06
-9.09544e-05
-2.2557e-05
-8.05463e-05
-4.27006e-05
-6.83411e-05
-5.49001e-05
-6.80705e-05
-4.73989e-05
-7.96196e-05
-3.80621e-05
-8.41813e-05
-5.32223e-05
-8.47453e-05
-4.76672e-05
-9.81086e-06
-8.98804e-05
3.08242e-07
4.02337e-05
-1.7597e-06
4.17522e-05
-5.25135e-06
4.27925e-05
-1.02099e-05
4.44687e-05
-1.67293e-05
4.60294e-05
-2.46913e-05
4.69627e-05
-3.30644e-05
4.61407e-05
-4.17397e-05
4.47032e-05
-5.09725e-05
4.31738e-05
-6.14809e-05
4.19476e-05
-7.52892e-05
4.18082e-05
-9.13864e-05
3.77496e-05
-0.000109327
3.12526e-05
-0.000127793
2.25481e-05
-0.000142775
8.38859e-06
-0.000146076
-1.92562e-05
-0.000133641
-5.51362e-05
-0.000109052
-7.94892e-05
-8.59407e-05
-7.05096e-05
-8.01416e-05
-4.38611e-05
-9.79594e-05
-3.54046e-05
-9.86526e-05
-4.6974e-05
-1.09383e-05
-9.75251e-05
3.94218e-06
3.62915e-05
4.7015e-06
4.09929e-05
2.27158e-06
4.52224e-05
-2.05021e-06
4.87905e-05
-9.93205e-06
5.39112e-05
-2.11209e-05
5.81516e-05
-3.12823e-05
5.63021e-05
-4.05576e-05
5.39784e-05
-5.04635e-05
5.30798e-05
-6.32241e-05
5.47082e-05
-8.25673e-05
6.11514e-05
-0.000114604
6.97864e-05
-0.000160086
7.67345e-05
-0.000199984
6.24465e-05
-0.000208577
1.69813e-05
-0.000198347
-2.94867e-05
-0.000182615
-7.08674e-05
-0.000164332
-9.77728e-05
-0.000132362
-0.00010248
-9.71096e-05
-7.91134e-05
-8.92694e-05
-4.32448e-05
-0.000103579
-3.26645e-05
-2.88581e-05
-8.56592e-05
-4.35051e-06
4.0642e-05
1.9912e-06
3.46512e-05
-1.20098e-06
4.84146e-05
-8.67956e-06
5.62691e-05
-1.91375e-05
6.43691e-05
-3.08068e-05
6.98209e-05
-4.30014e-05
6.84968e-05
-5.67198e-05
6.76969e-05
-7.49115e-05
7.12714e-05
-0.000101428
8.12243e-05
-0.000137712
9.7436e-05
-0.000180174
0.000112248
-0.000214527
0.000111087
-0.000226818
7.47374e-05
-0.000221407
1.15705e-05
-0.000210201
-4.06931e-05
-0.000198448
-8.26202e-05
-0.000188457
-0.000107764
-0.000175527
-0.00011541
-0.000148727
-0.000105913
-0.000117784
-7.41877e-05
-9.85531e-05
-5.18959e-05
-3.38983e-05
-9.35128e-05
-6.28461e-06
4.69266e-05
-1.50691e-05
4.34356e-05
-2.24759e-05
5.58213e-05
-3.09384e-05
6.47315e-05
-3.81632e-05
7.15939e-05
-4.37823e-05
7.54402e-05
-5.17491e-05
7.64635e-05
-6.32688e-05
7.92166e-05
-7.90037e-05
8.70063e-05
-9.94669e-05
0.000101688
-0.000123328
0.000121297
-0.000147402
0.000136322
-0.000167358
0.000131043
-0.000182957
9.03362e-05
-0.00019487
2.3483e-05
-0.000197458
-3.81053e-05
-0.00019653
-8.35474e-05
-0.000193935
-0.00011036
-0.000191161
-0.000118184
-0.000184747
-0.000112326
-0.000164049
-9.48861e-05
-0.000143783
-7.21621e-05
-6.02481e-05
-0.000117433
-9.14203e-06
5.60686e-05
-2.07616e-05
5.5055e-05
-2.92631e-05
6.43227e-05
-3.54294e-05
7.08977e-05
-3.9607e-05
7.57716e-05
-4.32401e-05
7.90733e-05
-4.88392e-05
8.20625e-05
-5.69818e-05
8.73592e-05
-6.73e-05
9.73245e-05
-7.87302e-05
0.000113118
-8.95517e-05
0.000132119
-9.87922e-05
0.000145562
-0.000107752
0.000140003
-0.000122054
0.000104638
-0.000144116
4.55457e-05
-0.000167448
-1.47735e-05
-0.000185999
-6.49968e-05
-0.000190202
-0.000106156
-0.00019158
-0.000116806
-0.000191469
-0.000112438
-0.000187721
-9.86336e-05
-0.000180944
-7.8939e-05
-5.72077e-05
-0.000183985
-7.82403e-06
6.38926e-05
-1.80851e-05
6.53159e-05
-2.4365e-05
7.06026e-05
-2.84073e-05
7.49399e-05
-3.12728e-05
7.86371e-05
-3.41956e-05
8.1996e-05
-3.81559e-05
8.6023e-05
-4.31372e-05
9.23404e-05
-4.83036e-05
0.000102491
-5.22139e-05
0.000117028
-5.37129e-05
0.000133617
-5.35016e-05
0.000145351
-5.5477e-05
0.000141978
-6.64613e-05
0.000115622
-9.11439e-05
7.02283e-05
-0.000125018
1.91004e-05
-0.000155
-3.50147e-05
-0.00017851
-8.26458e-05
-0.000183173
-0.000112143
-0.000183449
-0.000112162
-0.000180036
-0.000102046
-0.000171528
-8.74467e-05
-7.27257e-05
-0.00015601
-4.92797e-06
6.88205e-05
-1.15501e-05
7.19378e-05
-1.57605e-05
7.48127e-05
-1.84655e-05
7.76449e-05
-2.04683e-05
8.06399e-05
-2.24418e-05
8.39692e-05
-2.46867e-05
8.8268e-05
-2.68679e-05
9.45215e-05
-2.80305e-05
0.000103654
-2.68328e-05
0.000115831
-2.24485e-05
0.000129233
-1.60798e-05
0.000138982
-1.20391e-05
0.000137938
-1.67575e-05
0.000120341
-3.38625e-05
8.73333e-05
-6.12704e-05
4.65081e-05
-9.86874e-05
2.40231e-06
-0.000138014
-4.33193e-05
-0.000165356
-8.48018e-05
-0.000168534
-0.000108984
-0.000164905
-0.000105675
-0.000156439
-9.59123e-05
-8.56534e-05
-0.000143511
-2.40628e-06
7.12267e-05
-5.73049e-06
7.52619e-05
-7.95412e-06
7.70362e-05
-9.342e-06
7.90328e-05
-1.02454e-05
8.15433e-05
-1.0937e-05
8.46609e-05
-1.14081e-05
8.87389e-05
-1.12191e-05
9.43324e-05
-9.49147e-06
0.000101926
-5.12655e-06
0.000111465
2.50245e-06
0.000121604
1.23695e-05
0.000129115
2.09842e-05
0.000129323
2.30764e-05
0.000118248
1.48938e-05
9.55158e-05
-3.40771e-06
6.48097e-05
-3.1131e-05
3.01255e-05
-6.87596e-05
-5.69069e-06
-0.00011163
-4.19317e-05
-0.000142335
-7.8278e-05
-0.000149948
-9.80626e-05
-0.000141742
-0.000104118
-9.58494e-05
-0.000131546
-5.91387e-07
7.18179e-05
-1.627e-06
7.62972e-05
-2.10866e-06
7.75178e-05
-2.11269e-06
7.90367e-05
-1.7348e-06
8.11654e-05
-1.02178e-06
8.3948e-05
1.66801e-07
8.75502e-05
2.27028e-06
9.2229e-05
6.00702e-06
9.81899e-05
1.22031e-05
0.000105269
2.13071e-05
0.0001125
3.26279e-05
0.000117794
4.37323e-05
0.000118218
5.08284e-05
0.000111152
5.05345e-05
9.58097e-05
4.16382e-05
7.3706e-05
2.44298e-05
4.73338e-05
-1.70765e-07
1.89098e-05
-3.20059e-05
-1.00966e-05
-7.16085e-05
-3.86755e-05
-0.000107398
-6.22734e-05
-0.000127369
-8.41467e-05
-0.0001005
-0.000122718
6.47549e-07
7.11702e-05
1.10182e-06
7.58426e-05
1.98009e-06
7.66395e-05
3.21074e-06
7.78058e-05
4.80546e-06
7.95705e-05
6.81583e-06
8.19377e-05
9.42068e-06
8.49451e-05
1.29839e-05
8.86662e-05
1.80467e-05
9.31272e-05
2.51946e-05
9.81212e-05
3.47349e-05
0.00010296
4.62212e-05
0.000106308
5.80845e-05
0.000106355
6.78044e-05
0.000101432
7.28013e-05
9.08129e-05
7.14697e-05
7.50377e-05
6.33485e-05
5.54549e-05
4.86742e-05
3.35841e-05
2.78651e-05
1.07125e-05
1.1171e-06
-1.19274e-05
-2.88441e-05
-3.23123e-05
-6.32267e-05
-4.97642e-05
-6.8372e-05
-9.53545e-05
1.46969e-06
6.97004e-05
2.9472e-06
7.43648e-05
4.80013e-06
7.47865e-05
6.99494e-06
7.56109e-05
9.57817e-06
7.69873e-05
1.26328e-05
7.88831e-05
1.6318e-05
8.12597e-05
2.09059e-05
8.40786e-05
2.67723e-05
8.72608e-05
3.43054e-05
9.0588e-05
4.36988e-05
9.35663e-05
5.46653e-05
9.53421e-05
6.62205e-05
9.47999e-05
7.67569e-05
9.08958e-05
8.44925e-05
8.30772e-05
8.80387e-05
7.14914e-05
8.66713e-05
5.68224e-05
8.02807e-05
3.99746e-05
6.91804e-05
2.18127e-05
5.40835e-05
3.16944e-06
3.67025e-05
-1.49313e-05
1.96484e-05
-3.27101e-05
-5.18156e-05
3.09204e-06
2.01944e-06
6.76809e-05
4.20372e-06
7.21806e-05
6.74041e-06
7.22496e-05
9.62742e-06
7.27239e-05
1.29246e-05
7.36902e-05
1.67182e-05
7.50892e-05
2.11355e-05
7.68426e-05
2.63616e-05
7.88526e-05
3.26369e-05
8.09856e-05
4.01976e-05
8.30273e-05
4.91496e-05
8.46144e-05
5.92986e-05
8.51931e-05
7.00248e-05
8.40735e-05
8.03159e-05
8.06047e-05
8.89964e-05
7.43967e-05
9.50414e-05
6.54463e-05
9.77799e-05
5.40839e-05
9.69431e-05
4.08113e-05
9.26085e-05
2.61474e-05
8.51995e-05
1.05784e-05
7.56601e-05
-5.39195e-06
6.47665e-05
-2.18165e-05
-3.88697e-05
5.18206e-05
2.39904e-06
6.52815e-05
5.06626e-06
6.95134e-05
8.06771e-06
6.92478e-05
1.14178e-05
6.93739e-05
1.51787e-05
6.99295e-05
1.94304e-05
7.08372e-05
2.42702e-05
7.20032e-05
2.98171e-05
7.33058e-05
3.62109e-05
7.45917e-05
4.35784e-05
7.56599e-05
5.19595e-05
7.62333e-05
6.12103e-05
7.59422e-05
7.09306e-05
7.43532e-05
8.04764e-05
7.10589e-05
8.90798e-05
6.57932e-05
9.60211e-05
5.85051e-05
0.00010076
4.93446e-05
0.000102987
3.85847e-05
0.000102601
2.65337e-05
9.9685e-05
1.3494e-05
9.45127e-05
-2.19674e-07
8.70484e-05
-1.43522e-05
-2.84175e-05
7.65963e-05
2.66199e-06
6.26195e-05
5.65264e-06
6.65228e-05
8.95502e-06
6.59453e-05
1.25889e-05
6.57399e-05
1.66128e-05
6.59057e-05
2.10969e-05
6.63531e-05
2.6115e-05
6.69852e-05
3.17414e-05
6.76793e-05
3.80489e-05
6.8284e-05
4.50906e-05
6.86181e-05
5.28607e-05
6.84633e-05
6.12409e-05
6.7562e-05
6.99603e-05
6.56337e-05
7.85988e-05
6.24204e-05
8.66479e-05
5.77441e-05
9.36045e-05
5.15484e-05
9.90511e-05
4.3898e-05
0.000102691
3.49445e-05
0.000104342
2.48826e-05
0.000103906
1.39308e-05
0.000101325
2.36057e-06
9.64143e-05
-9.44118e-06
-2.07833e-05
8.87801e-05
2.83983e-06
5.97799e-05
6.0377e-06
6.33248e-05
9.51769e-06
6.24655e-05
1.32998e-05
6.19577e-05
1.74358e-05
6.17696e-05
2.19853e-05
6.18037e-05
2.70042e-05
6.19663e-05
3.2539e-05
6.21443e-05
3.86221e-05
6.22009e-05
4.52619e-05
6.19783e-05
5.24239e-05
6.13014e-05
6.00039e-05
5.9982e-05
6.78067e-05
5.7831e-05
7.55465e-05
5.46806e-05
8.28777e-05
5.04129e-05
8.94442e-05
4.49819e-05
9.49253e-05
3.84168e-05
9.90604e-05
3.08096e-05
0.000101646
2.22976e-05
0.000102513
1.3063e-05
0.000101505
3.36914e-06
9.8421e-05
-6.3573e-06
-1.53988e-05
9.30364e-05
2.95226e-06
5.68277e-05
6.27131e-06
6.00056e-05
9.83604e-06
5.89006e-05
1.36659e-05
5.81278e-05
1.78048e-05
5.76307e-05
2.2302e-05
5.73065e-05
2.72008e-05
5.70676e-05
3.25304e-05
5.68146e-05
3.83014e-05
5.643e-05
4.44986e-05
5.57812e-05
5.1073e-05
5.47269e-05
5.79301e-05
5.31249e-05
6.49202e-05
5.0841e-05
7.18385e-05
4.77622e-05
7.84413e-05
4.38101e-05
8.44706e-05
3.89528e-05
8.96796e-05
3.32079e-05
9.38481e-05
2.66411e-05
9.6783e-05
1.93628e-05
9.83074e-05
1.15386e-05
9.82509e-05
3.42566e-06
9.64474e-05
-4.55382e-06
-1.17325e-05
9.27812e-05
3.01317e-06
5.38144e-05
6.38829e-06
5.66306e-05
9.96825e-06
5.53204e-05
1.3772e-05
5.43241e-05
1.78366e-05
5.35662e-05
2.22024e-05
5.29408e-05
2.69029e-05
5.23671e-05
3.19576e-05
5.17599e-05
3.73658e-05
5.10217e-05
4.31028e-05
5.00442e-05
4.91156e-05
4.87142e-05
5.53188e-05
4.69217e-05
6.15919e-05
4.4568e-05
6.77806e-05
4.15735e-05
7.37052e-05
3.78856e-05
7.91732e-05
3.34849e-05
8.39931e-05
2.83881e-05
8.79835e-05
2.26508e-05
9.0975e-05
1.63714e-05
9.28078e-05
9.70582e-06
9.33328e-05
2.90068e-06
9.24287e-05
-3.64967e-06
-9.35621e-06
9.00524e-05
3.03424e-06
5.07802e-05
6.41492e-06
5.325e-05
9.95779e-06
5.17773e-05
1.36817e-05
5.06003e-05
1.76183e-05
4.96295e-05
2.18011e-05
4.8758e-05
2.62563e-05
4.79117e-05
3.09973e-05
4.70188e-05
3.6019e-05
4.6e-05
4.12945e-05
4.47686e-05
4.67733e-05
4.32354e-05
5.23802e-05
4.13149e-05
5.80157e-05
3.89325e-05
6.35587e-05
3.60306e-05
6.88709e-05
3.25735e-05
7.38044e-05
2.85514e-05
7.82086e-05
2.39838e-05
8.19362e-05
1.89232e-05
8.48453e-05
1.34623e-05
8.6802e-05
7.74916e-06
8.76877e-05
2.01514e-06
8.74217e-05
-3.38358e-06
-7.94199e-06
8.60075e-05
3.02474e-06
4.77555e-05
6.3714e-06
4.99033e-05
9.83724e-06
4.83114e-05
1.3442e-05
4.69957e-05
1.72142e-05
4.58571e-05
2.11819e-05
4.47902e-05
2.53661e-05
4.37275e-05
2.97762e-05
4.26087e-05
3.44058e-05
4.13703e-05
3.923e-05
3.99444e-05
4.4204e-05
3.82615e-05
4.92632e-05
3.62557e-05
5.43253e-05
3.38704e-05
5.92925e-05
3.10634e-05
6.40555e-05
2.78107e-05
6.84972e-05
2.41097e-05
7.2498e-05
1.99831e-05
7.59386e-05
1.54826e-05
7.87038e-05
1.06971e-05
8.06863e-05
5.76678e-06
8.17968e-05
9.04671e-07
8.19872e-05
-3.57391e-06
-7.24269e-06
8.12879e-05
2.99068e-06
4.47649e-05
6.27206e-06
4.66219e-05
9.63019e-06
4.49533e-05
1.30875e-05
4.35383e-05
1.66713e-05
4.22733e-05
2.04054e-05
4.10562e-05
2.43069e-05
3.9826e-05
2.83829e-05
3.85327e-05
3.26271e-05
3.71261e-05
3.7018e-05
3.55536e-05
4.15175e-05
3.3762e-05
4.60719e-05
3.17013e-05
5.06133e-05
2.9329e-05
5.50622e-05
2.66145e-05
5.93304e-05
2.35425e-05
6.3324e-05
2.01162e-05
6.69468e-05
1.63603e-05
7.01029e-05
1.23265e-05
7.27e-05
8.10005e-06
7.46546e-05
3.81215e-06
7.59027e-05
-3.43503e-07
7.64201e-05
-4.09125e-06
-7.074e-06
7.62513e-05
2.93462e-06
4.18303e-05
6.12555e-06
4.3431e-05
9.35258e-06
4.17263e-05
1.26427e-05
4.02481e-05
1.6023e-05
3.88932e-05
1.95144e-05
3.75649e-05
2.31311e-05
3.62093e-05
2.68787e-05
3.47851e-05
3.07517e-05
3.32532e-05
3.4732e-05
3.15734e-05
3.87884e-05
2.97056e-05
4.28771e-05
2.76125e-05
4.69428e-05
2.52632e-05
5.09211e-05
2.26362e-05
5.47405e-05
1.97232e-05
5.83253e-05
1.65315e-05
6.15979e-05
1.30878e-05
6.44812e-05
9.44313e-06
6.69024e-05
5.67876e-06
6.87981e-05
1.91648e-06
7.0124e-05
-1.66942e-06
7.08725e-05
-4.83983e-06
-7.2964e-06
7.10949e-05
2.85649e-06
3.89739e-05
5.93594e-06
4.03517e-05
9.01442e-06
3.86478e-05
1.21243e-05
3.71382e-05
1.52929e-05
3.57248e-05
1.85391e-05
3.43186e-05
2.18752e-05
3.28731e-05
2.53056e-05
3.13548e-05
2.88256e-05
2.97333e-05
3.24206e-05
2.79784e-05
3.60654e-05
2.60607e-05
3.97251e-05
2.39529e-05
4.33551e-05
2.16332e-05
4.69039e-05
1.90876e-05
5.03137e-05
1.63134e-05
5.35238e-05
1.33215e-05
5.64716e-05
1.014e-05
5.9096e-05
6.81874e-06
6.13399e-05
3.43479e-06
6.3156e-05
1.00445e-07
6.45151e-05
-3.02848e-06
6.54206e-05
-5.74531e-06
-7.80052e-06
6.59247e-05
2.75529e-06
3.62187e-05
5.70489e-06
3.74021e-05
8.62211e-06
3.57306e-05
1.15439e-05
3.42165e-05
1.44976e-05
3.2771e-05
1.7501e-05
3.13151e-05
2.05647e-05
2.98094e-05
2.36922e-05
2.82273e-05
2.68796e-05
2.65458e-05
3.01154e-05
2.47426e-05
3.33797e-05
2.27963e-05
3.66449e-05
2.06877e-05
3.98758e-05
1.84023e-05
4.30313e-05
1.59322e-05
4.60659e-05
1.3279e-05
4.89307e-05
1.04566e-05
5.15765e-05
7.49433e-06
5.39547e-05
4.44052e-06
5.60216e-05
1.36801e-06
5.77422e-05
-1.62014e-06
5.90988e-05
-4.38495e-06
6.01008e-05
-6.74729e-06
-8.49774e-06
6.0798e-05
2.63075e-06
3.35881e-05
5.43407e-06
3.45986e-05
8.18084e-06
3.29839e-05
1.09103e-05
3.14871e-05
1.36499e-05
3.00313e-05
1.64161e-05
2.85489e-05
1.92179e-05
2.70077e-05
2.20582e-05
2.5387e-05
2.49342e-05
2.36698e-05
2.78367e-05
2.18401e-05
3.07503e-05
1.98826e-05
3.36535e-05
1.77846e-05
3.65189e-05
1.5537e-05
3.93144e-05
1.31367e-05
4.20042e-05
1.05893e-05
4.45503e-05
7.9107e-06
4.69137e-05
5.13096e-06
4.90571e-05
2.29721e-06
5.09472e-05
-5.21985e-07
5.25592e-05
-3.23201e-06
5.38829e-05
-5.70865e-06
5.49313e-05
-7.79559e-06
-9.31559e-06
5.57492e-05
2.48452e-06
3.11035e-05
5.12694e-06
3.19561e-05
7.69655e-06
3.04145e-05
1.02324e-05
2.89513e-05
1.2761e-05
2.75026e-05
1.52971e-05
2.60128e-05
1.78486e-05
2.44563e-05
2.04181e-05
2.28176e-05
2.30033e-05
2.10846e-05
2.55974e-05
1.9246e-05
2.81886e-05
1.72916e-05
3.07603e-05
1.52131e-05
3.32915e-05
1.30059e-05
3.57574e-05
1.06709e-05
3.81305e-05
8.21621e-06
4.03815e-05
5.65981e-06
4.24805e-05
3.03204e-06
4.43991e-05
3.78699e-07
4.61129e-05
-2.2356e-06
4.76049e-05
-4.72396e-06
4.88705e-05
-6.97415e-06
4.99237e-05
-8.84872e-06
-1.01955e-05
5.08037e-05
2.32024e-06
2.87831e-05
4.78934e-06
2.94871e-05
7.17683e-06
2.80272e-05
9.51926e-06
2.66088e-05
1.18411e-05
2.51809e-05
1.41553e-05
2.36989e-05
1.64684e-05
2.21433e-05
1.87829e-05
2.05032e-05
2.10973e-05
1.87702e-05
2.34066e-05
1.69369e-05
2.57017e-05
1.49965e-05
2.79702e-05
1.29447e-05
3.01962e-05
1.07801e-05
3.23608e-05
8.50633e-06
3.44432e-05
6.13389e-06
3.64212e-05
3.68197e-06
3.82723e-05
1.18102e-06
3.99757e-05
-1.32458e-06
4.15142e-05
-3.77401e-06
4.28771e-05
-6.08672e-06
4.40635e-05
-8.16051e-06
4.50877e-05
-9.87292e-06
-1.1091e-05
4.59833e-05
2.14301e-06
2.664e-05
4.42896e-06
2.72012e-05
6.63081e-06
2.58253e-05
8.78086e-06
2.44587e-05
1.09005e-05
2.30614e-05
1.30007e-05
2.15988e-05
1.5087e-05
2.00569e-05
1.71617e-05
1.84284e-05
1.92241e-05
1.67079e-05
2.12704e-05
1.48906e-05
2.32941e-05
1.29729e-05
2.52859e-05
1.0953e-05
2.72338e-05
8.83227e-06
2.91236e-05
6.61658e-06
3.09396e-05
4.31793e-06
3.26654e-05
1.95632e-06
3.42846e-05
-4.37999e-07
3.57824e-05
-2.82236e-06
3.71477e-05
-5.13927e-06
3.83745e-05
-7.31349e-06
3.94651e-05
-9.25109e-06
4.04335e-05
-1.08414e-05
-1.19661e-05
4.13086e-05
1.95831e-06
2.46817e-05
4.05423e-06
2.51054e-05
6.06808e-06
2.38113e-05
8.02698e-06
2.24997e-05
9.94876e-06
2.11397e-05
1.18424e-05
1.97051e-05
1.37128e-05
1.81864e-05
1.55621e-05
1.65791e-05
1.73899e-05
1.48801e-05
1.91939e-05
1.30868e-05
2.09692e-05
1.11977e-05
2.2709e-05
9.21329e-06
2.44042e-05
7.1371e-06
2.60441e-05
4.97671e-06
2.7617e-05
2.7452e-06
2.91106e-05
4.62855e-07
3.05134e-05
-1.84073e-06
3.18159e-05
-4.1248e-06
3.30113e-05
-6.33475e-06
3.40978e-05
-8.4e-06
3.50801e-05
-1.02334e-05
3.59722e-05
-1.17335e-05
-1.27933e-05
3.67995e-05
1.7709e-06
2.29109e-05
3.67282e-06
2.32034e-05
5.49727e-06
2.19867e-05
7.26626e-06
2.07308e-05
8.99419e-06
1.94118e-05
1.06885e-05
1.80107e-05
1.23533e-05
1.65216e-05
1.39905e-05
1.4942e-05
1.56003e-05
1.32704e-05
1.71811e-05
1.1506e-05
1.87296e-05
9.64919e-06
2.02407e-05
7.70225e-06
2.17073e-05
5.67053e-06
2.3121e-05
3.56305e-06
2.44728e-05
1.39357e-06
2.57536e-05
-8.17837e-07
2.69558e-05
-3.04283e-06
2.80736e-05
-5.2426e-06
2.91042e-05
-7.36535e-06
3.00488e-05
-9.34463e-06
3.09144e-05
-1.1099e-05
3.17154e-05
-1.25345e-05
-1.35528e-05
3.2475e-05
1.584e-06
2.13269e-05
3.29038e-06
2.14969e-05
4.92495e-06
2.0352e-05
6.50553e-06
1.91502e-05
8.04375e-06
1.78735e-05
9.54571e-06
1.65087e-05
1.10148e-05
1.50526e-05
1.24527e-05
1.35042e-05
1.38599e-05
1.18633e-05
1.52357e-05
1.01304e-05
1.65777e-05
8.30716e-06
1.78821e-05
6.3979e-06
1.9143e-05
4.4097e-06
2.03531e-05
2.35298e-06
2.1505e-05
2.41821e-07
2.25919e-05
-1.90462e-06
2.3609e-05
-4.05984e-06
2.45536e-05
-6.18715e-06
2.54258e-05
-8.23758e-06
2.62297e-05
-1.01484e-05
2.6974e-05
-1.18433e-05
2.76741e-05
-1.32346e-05
-1.42309e-05
2.83523e-05
1.39888e-06
1.99279e-05
2.90992e-06
1.99857e-05
4.35527e-06
1.89066e-05
5.74991e-06
1.77556e-05
7.10334e-06
1.652e-05
8.42031e-06
1.51918e-05
9.70342e-06
1.37696e-05
1.09542e-05
1.22536e-05
1.21735e-05
1.06442e-05
1.33611e-05
8.94276e-06
1.45157e-05
7.15255e-06
1.56341e-05
5.27953e-06
1.67109e-05
3.33295e-06
1.7739e-05
1.325e-06
1.87112e-05
-7.30268e-07
1.96223e-05
-2.81565e-06
2.04697e-05
-4.90709e-06
2.1253e-05
-6.97042e-06
2.19749e-05
-8.95946e-06
2.26416e-05
-1.08151e-05
2.32638e-05
-1.24654e-05
2.38578e-05
-1.38285e-05
-1.48192e-05
2.44461e-05
1.21509e-06
1.87128e-05
2.53233e-06
1.86684e-05
3.79099e-06
1.76478e-05
5.00408e-06
1.65425e-05
6.17908e-06
1.5345e-05
7.31925e-06
1.40516e-05
8.42636e-06
1.26625e-05
9.50175e-06
1.11782e-05
1.05466e-05
9.59934e-06
1.15615e-05
7.92785e-06
1.2546e-05
6.16805e-06
1.34975e-05
4.32801e-06
1.44106e-05
2.41999e-06
1.52768e-05
4.58921e-07
1.60881e-05
-1.54153e-06
1.68403e-05
-3.5678e-06
1.75326e-05
-5.59927e-06
1.81668e-05
-7.60459e-06
1.87478e-05
-9.54029e-06
1.92833e-05
-1.13505e-05
1.97856e-05
-1.29676e-05
2.02721e-05
-1.4315e-05
-1.53134e-05
2.07663e-05
1.03141e-06
1.76813e-05
2.15809e-06
1.75417e-05
3.23561e-06
1.65703e-05
4.27443e-06
1.55036e-05
5.27945e-06
1.434e-05
6.25219e-06
1.30789e-05
7.19354e-06
1.17211e-05
8.10467e-06
1.0267e-05
8.98713e-06
8.71677e-06
9.84258e-06
7.07233e-06
1.06718e-05
5.33879e-06
1.14733e-05
3.52658e-06
1.2241e-05
1.65244e-06
1.29635e-05
-2.6348e-07
1.36306e-05
-2.20852e-06
1.42388e-05
-4.17586e-06
1.47893e-05
-6.14977e-06
1.52865e-05
-8.10167e-06
1.57366e-05
-9.99034e-06
1.61489e-05
-1.17627e-05
1.65365e-05
-1.33552e-05
1.69177e-05
-1.46962e-05
-1.57126e-05
1.73168e-05
8.47341e-07
1.6834e-05
1.79002e-06
1.65989e-05
2.69624e-06
1.5664e-05
3.57169e-06
1.46281e-05
4.41767e-06
1.34939e-05
5.23376e-06
1.22626e-05
6.01995e-06
1.09348e-05
6.7772e-06
9.50955e-06
7.50754e-06
7.98628e-06
8.21386e-06
6.36593e-06
8.89903e-06
4.65365e-06
9.56358e-06
2.86213e-06
1.02013e-05
1.01491e-06
1.07953e-05
-8.57363e-07
1.13309e-05
-2.744e-06
1.18064e-05
-4.65127e-06
1.22266e-05
-6.5699e-06
1.25981e-05
-8.47311e-06
1.29285e-05
-1.03207e-05
1.32274e-05
-1.20616e-05
1.35081e-05
-1.36359e-05
1.37889e-05
-1.49771e-05
-1.60181e-05
1.40943e-05
6.65245e-07
1.61687e-05
1.43623e-06
1.58278e-05
2.18644e-06
1.49138e-05
2.91334e-06
1.39011e-05
3.61387e-06
1.27932e-05
4.28574e-06
1.15906e-05
4.92806e-06
1.02923e-05
5.54137e-06
8.89609e-06
6.12783e-06
7.3997e-06
6.69154e-06
5.80218e-06
7.23824e-06
4.107e-06
7.77276e-06
2.32771e-06
8.29078e-06
4.96993e-07
8.7661e-06
-1.3326e-06
9.17657e-06
-3.1544e-06
9.52583e-06
-5.00047e-06
9.82438e-06
-6.8684e-06
1.00812e-05
-8.7299e-06
1.03041e-05
-1.05435e-05
1.05016e-05
-1.22591e-05
1.06858e-05
-1.38202e-05
1.0874e-05
-1.51653e-05
-1.62336e-05
1.10895e-05
4.93095e-07
1.56756e-05
1.11341e-06
1.52075e-05
1.72876e-06
1.42984e-05
2.32549e-06
1.33042e-05
2.89671e-06
1.22218e-05
3.43892e-06
1.10482e-05
3.95029e-06
9.78076e-06
4.43023e-06
8.41606e-06
4.87986e-06
6.95001e-06
5.30331e-06
5.37871e-06
5.70928e-06
3.70103e-06
6.11022e-06
1.92677e-06
6.50994e-06
9.72711e-08
6.86663e-06
-1.68929e-06
7.14774e-06
-3.43551e-06
7.37064e-06
-5.22335e-06
7.55422e-06
-7.05193e-06
7.70819e-06
-8.88383e-06
7.83785e-06
-1.06731e-05
7.94891e-06
-1.23702e-05
8.05054e-06
-1.39218e-05
8.15716e-06
-1.52719e-05
-1.6366e-05
8.28949e-06
3.5058e-07
1.53249e-05
8.51857e-07
1.47062e-05
1.35709e-06
1.37931e-05
1.8436e-06
1.28176e-05
2.30369e-06
1.17615e-05
2.73372e-06
1.06181e-05
3.13047e-06
9.38395e-06
3.49068e-06
8.05581e-06
3.81191e-06
6.62875e-06
4.09471e-06
5.09585e-06
4.34745e-06
3.44823e-06
4.59355e-06
1.68059e-06
4.85794e-06
-1.6719e-07
5.07927e-06
-1.91066e-06
5.20924e-06
-3.56549e-06
5.2999e-06
-5.314e-06
5.3769e-06
-7.12889e-06
5.44382e-06
-8.9507e-06
5.49907e-06
-1.07283e-05
5.54301e-06
-1.24141e-05
5.58045e-06
-1.39592e-05
5.62153e-06
-1.5313e-05
-1.64267e-05
5.68222e-06
2.76262e-07
1.50486e-05
6.91783e-07
1.42907e-05
1.10852e-06
1.33763e-05
1.50442e-06
1.24216e-05
1.8751e-06
1.13908e-05
2.21653e-06
1.02766e-05
2.52265e-06
9.07779e-06
2.78547e-06
7.79295e-06
2.9956e-06
6.41857e-06
3.14352e-06
4.94787e-06
3.22451e-06
3.36716e-06
3.2647e-06
1.64034e-06
3.31928e-06
-2.21823e-07
3.35141e-06
-1.94281e-06
3.28643e-06
-3.50051e-06
3.24948e-06
-5.27704e-06
3.24227e-06
-7.12167e-06
3.24806e-06
-8.95646e-06
3.25472e-06
-1.07349e-05
3.25673e-06
-1.24161e-05
3.2544e-06
-1.39569e-05
3.25315e-06
-1.53118e-05
-1.64364e-05
3.26281e-06
2.49024e-07
6.18399e-07
9.76087e-07
1.31659e-06
1.63672e-06
1.93002e-06
2.18705e-06
2.39518e-06
2.53768e-06
2.59245e-06
2.5254e-06
2.26853e-06
1.84544e-06
1.42335e-06
1.21846e-06
1.13256e-06
1.09796e-06
1.08373e-06
1.07505e-06
1.06562e-06
1.05389e-06
1.04116e-06
1.03061e-06
9.9439e-06
1.59189e-06
1.7677e-06
8.17621e-06
-2.01275e-05
2.18952e-05
4.22904e-05
-6.24178e-05
-5.00649e-05
9.14444e-06
-6.45357e-05
2.2647e-05
-7.96296e-05
3.69891e-05
4.72848e-05
-8.4624e-05
-9.38806e-05
1.31447e-05
-9.62371e-05
2.50034e-05
-9.33419e-05
3.40939e-05
3.72837e-05
-8.33408e-05
-9.37474e-05
9.36696e-06
-8.61399e-05
1.7396e-05
-7.48218e-05
2.27758e-05
2.4152e-05
-6.16901e-05
-7.77308e-05
1.43859e-06
-6.74283e-05
7.09342e-06
-5.59598e-05
1.13073e-05
1.32725e-05
-4.50803e-05
-8.20136e-05
-1.00606e-05
-6.92837e-05
-5.63653e-06
-5.88809e-05
9.04512e-07
5.02748e-06
-5.06359e-05
-0.000106578
-2.09153e-05
-9.89747e-05
-1.32396e-05
-9.20259e-05
-6.0442e-06
1.7714e-06
-8.87698e-05
-0.000180316
-2.45849e-05
-0.000172909
-2.06466e-05
-0.00016363
-1.53226e-05
-1.01967e-05
-0.000151662
-0.000149941
-3.06534e-05
-0.000143854
-2.67341e-05
-0.000136017
-2.31593e-05
-2.07536e-05
-0.00012546
-0.000136713
-3.74516e-05
-0.000128654
-3.47931e-05
-0.000119795
-3.20188e-05
-3.03691e-05
-0.000110179
-0.000124958
-4.40403e-05
-0.000117545
-4.22057e-05
-0.00011018
-3.93832e-05
-3.77098e-05
-0.00010284
-0.00011817
-4.85889e-05
-0.000112686
-4.76895e-05
-0.000104191
-4.78785e-05
-4.70357e-05
-9.48647e-05
-0.000101951
-4.19919e-05
-0.000100809
-4.88321e-05
-9.44946e-05
-5.41927e-05
-5.32226e-05
-8.83077e-05
-5.99343e-06
-3.29064e-05
-1.6288e-05
-3.85375e-05
-2.71358e-05
-4.33449e-05
-4.61183e-05
-3.42401e-05
4.34747e-05
-2.45605e-05
3.35876e-05
-2.86504e-05
2.27679e-05
-3.25253e-05
-3.58749e-05
1.25245e-05
7.01555e-05
-1.81197e-05
6.26596e-05
-2.11544e-05
5.4394e-05
-2.42596e-05
-2.73286e-05
4.58477e-05
8.40057e-05
-1.33453e-05
7.84453e-05
-1.55939e-05
7.21861e-05
-1.80004e-05
-2.05703e-05
6.54278e-05
8.96135e-05
-9.92249e-06
8.56126e-05
-1.1593e-05
8.10398e-05
-1.34275e-05
-1.54735e-05
7.59429e-05
9.03952e-05
-7.53645e-06
8.75813e-05
-8.779e-06
8.43219e-05
-1.01681e-05
-1.17612e-05
8.06096e-05
8.84428e-05
-5.9268e-06
8.65177e-05
-6.85392e-06
8.42548e-05
-7.90519e-06
-9.13516e-06
8.16288e-05
8.49782e-05
-4.89745e-06
8.37171e-05
-5.5929e-06
8.22022e-05
-6.39021e-06
-7.33711e-06
8.04041e-05
8.06937e-05
-4.30323e-06
7.99291e-05
-4.82837e-06
7.89738e-05
-5.4349e-06
-6.16307e-06
7.77998e-05
7.59811e-05
-4.03302e-06
7.55854e-05
-4.43266e-06
7.50461e-05
-4.89552e-06
-5.45471e-06
7.43377e-05
7.10614e-05
-3.99947e-06
7.09354e-05
-4.30665e-06
7.07008e-05
-4.66097e-06
-5.08906e-06
7.03352e-05
6.60593e-05
-4.13408e-06
6.61259e-05
-4.37322e-06
6.611e-05
-4.64514e-06
-4.97091e-06
6.59918e-05
6.10479e-05
-4.38393e-06
6.12476e-05
-4.57297e-06
6.13843e-05
-4.78192e-06
-5.0273e-06
6.14407e-05
5.60739e-05
-4.70858e-06
5.63615e-05
-4.86058e-06
5.66007e-05
-5.02109e-06
-5.20301e-06
5.67764e-05
5.11722e-05
-5.07705e-06
5.15133e-05
-5.20167e-06
5.18171e-05
-5.32485e-06
-5.45661e-06
5.20707e-05
4.63717e-05
-5.46543e-06
4.674e-05
-5.57002e-06
4.70799e-05
-5.6647e-06
-5.75713e-06
4.73805e-05
4.16983e-05
-5.85511e-06
4.2074e-05
-5.94569e-06
4.24286e-05
-6.01927e-06
-6.08155e-06
4.27531e-05
3.71763e-05
-6.23183e-06
3.75443e-05
-6.31363e-06
3.78977e-05
-6.37268e-06
-6.41295e-06
3.82292e-05
3.28281e-05
-6.5849e-06
3.31773e-05
-6.66276e-06
3.3518e-05
-6.71336e-06
-6.73914e-06
3.38442e-05
2.86742e-05
-6.90674e-06
2.89967e-05
-6.98523e-06
2.93165e-05
-7.03314e-06
-7.05148e-06
2.96288e-05
2.47317e-05
-7.19233e-06
2.50222e-05
-7.27574e-06
2.53154e-05
-7.32638e-06
-7.34393e-06
2.56079e-05
2.10126e-05
-7.43865e-06
2.12677e-05
-7.53086e-06
2.15305e-05
-7.58917e-06
-7.61207e-06
2.17986e-05
1.75221e-05
-7.64404e-06
1.77395e-05
-7.74827e-06
1.79688e-05
-7.81846e-06
-7.85208e-06
1.82088e-05
1.42579e-05
-7.80768e-06
1.44358e-05
-7.92615e-06
1.46287e-05
-8.01133e-06
-8.05987e-06
1.48364e-05
1.12113e-05
-7.92945e-06
1.13481e-05
-8.06299e-06
1.15014e-05
-8.1647e-06
-8.23066e-06
1.16722e-05
8.37043e-06
-8.01041e-06
8.46553e-06
-8.15812e-06
8.57667e-06
-8.27585e-06
-8.35945e-06
8.70544e-06
5.72579e-06
-8.05401e-06
5.78075e-06
-8.21311e-06
5.84896e-06
-8.34408e-06
-8.44276e-06
5.93226e-06
3.27584e-06
-8.06708e-06
3.29612e-06
-8.23341e-06
3.32515e-06
-8.37312e-06
-8.4823e-06
3.36468e-06
1.02833e-06
1.02838e-06
1.03137e-06
1.03804e-06
-5.6249e-05
0.000121965
-4.91216e-05
8.41265e-05
-4.42635e-05
6.785e-05
-2.71632e-05
3.34823e-05
-1.59918e-05
-2.36993e-05
-1.13565e-05
-5.14217e-05
-8.94413e-06
-5.55417e-05
-2.0273e-06
-4.88778e-05
1.81142e-05
-2.81822e-05
3.69515e-05
-5.34214e-05
4.79276e-05
-9.21868e-05
6.14584e-05
-9.85959e-05
7.61163e-05
-7.66494e-05
8.6511e-05
-3.00616e-05
8.04433e-05
3.97419e-05
7.35428e-05
4.88738e-05
6.8301e-05
1.67793e-05
5.04262e-05
2.12743e-05
6.21266e-05
-6.55752e-05
0.000102916
-4.87379e-05
6.72892e-05
-2.95071e-05
4.86193e-05
-6.05252e-06
1.00277e-05
-2.19006e-06
-2.75618e-05
-6.57007e-06
-4.70417e-05
-1.08221e-05
-5.12896e-05
-1.1453e-05
-4.82469e-05
7.2117e-06
-4.68469e-05
2.93864e-05
-7.55961e-05
4.06155e-05
-0.000103416
5.11929e-05
-0.000109173
6.02285e-05
-8.5685e-05
5.46985e-05
-2.45316e-05
4.19353e-05
5.25051e-05
4.0774e-05
5.00351e-05
3.617e-05
2.13833e-05
2.4737e-05
3.27073e-05
8.68636e-05
-5.62027e-05
7.57777e-05
-3.44935e-05
4.55799e-05
-9.21512e-06
2.3341e-05
1.64717e-06
-8.34577e-07
-1.41824e-06
-2.44964e-05
-8.86456e-06
-3.95954e-05
-1.20497e-05
-4.81045e-05
-1.06523e-05
-4.96443e-05
2.75947e-06
-6.02587e-05
1.74804e-05
-9.0317e-05
2.63644e-05
-0.0001123
3.25223e-05
-0.000115331
3.57387e-05
-8.89014e-05
2.73285e-05
-1.61215e-05
9.47574e-06
7.03578e-05
-1.64482e-07
5.96753e-05
-1.1159e-05
3.23779e-05
-1.69344e-05
3.84828e-05
6.99292e-05
-3.46661e-05
4.87537e-05
-1.84854e-05
2.93993e-05
-1.03438e-05
1.51993e-05
-8.71355e-06
-2.4648e-06
-1.2889e-05
-2.03209e-05
-1.26734e-05
-3.9811e-05
-1.19057e-05
-4.88723e-05
-6.09702e-06
-5.5453e-05
4.25766e-06
-7.06134e-05
1.36941e-05
-9.97534e-05
1.40046e-05
-0.00011261
9.91458e-06
-0.000111241
7.43269e-06
-8.64195e-05
-2.57728e-06
-6.11153e-06
-1.72654e-05
8.50459e-05
-3.64545e-05
7.88645e-05
-6.59463e-05
6.18696e-05
-5.51707e-05
2.77072e-05
1.47585e-05
-2.77518e-05
3.14252e-05
-2.89262e-05
3.05737e-05
-3.88323e-05
2.51054e-05
-3.66543e-05
-4.64277e-06
-2.73577e-05
-2.96175e-05
-2.01786e-05
-4.69901e-05
-1.17305e-05
-5.73204e-05
1.25494e-06
-6.84384e-05
1.39848e-05
-8.33432e-05
2.03765e-05
-0.000106145
2.2896e-06
-9.45235e-05
-1.74751e-05
-9.14763e-05
-2.10839e-05
-8.28107e-05
-2.90939e-05
1.89848e-06
-2.93819e-05
8.5334e-05
-5.18479e-05
0.00010133
-0.000100709
0.00011073
-7.2521e-05
-4.80609e-07
-5.77625e-05
-4.45019e-05
2.52912e-05
-6.27614e-05
4.88333e-05
-6.19233e-05
2.42672e-05
-4.90537e-05
-1.75123e-05
-3.58016e-05
-4.28696e-05
-2.33024e-05
-5.94894e-05
-6.0198e-06
-7.4603e-05
1.86462e-05
-9.31044e-05
4.05211e-05
-0.000105218
2.9605e-05
-9.52289e-05
-6.05612e-06
-5.88624e-05
-3.49445e-05
-6.25879e-05
-4.4728e-05
-7.30272e-05
-4.75773e-05
4.74781e-06
-4.70135e-05
8.47702e-05
-8.32195e-05
0.000137536
-0.000119607
0.000147118
-7.23949e-05
-4.76922e-05
-0.000130158
-9.41317e-05
3.06531e-05
-8.13057e-05
3.60073e-05
-5.72403e-05
2.01799e-07
-4.44073e-05
-3.03453e-05
-2.9805e-05
-5.74719e-05
-1.12007e-05
-7.80937e-05
1.01615e-05
-9.59652e-05
3.63609e-05
-0.000119304
5.47439e-05
-0.000123601
4.80324e-05
-8.85175e-05
1.34135e-05
-2.42434e-05
-2.1313e-05
-2.78613e-05
-5.91741e-05
-3.51661e-05
-6.3512e-05
9.08566e-06
-7.31825e-05
9.44407e-05
-0.000118079
0.000182433
-0.000115525
0.000144564
-6.43482e-05
-9.88687e-05
-0.000194506
-0.000109651
-1.13577e-05
-6.64812e-05
-7.16283e-06
-4.19259e-05
-2.43535e-05
-2.35675e-05
-4.87036e-05
-8.39094e-06
-7.26485e-05
9.29508e-06
-9.57798e-05
2.73006e-05
-0.000113971
3.55941e-05
-0.000127597
3.51179e-05
-0.000123125
1.98911e-05
-7.32907e-05
-1.76599e-05
1.33075e-05
-3.82627e-05
-7.25854e-06
-5.59015e-05
-1.75273e-05
-6.45536e-05
1.77378e-05
-7.25765e-05
0.000102464
-9.90649e-05
0.000208921
-8.3255e-05
0.000128754
-5.86941e-05
-0.00012343
-0.0002532
-9.28441e-05
-4.39742e-05
-5.58708e-05
-4.4136e-05
-3.15502e-05
-4.86741e-05
-1.44475e-05
-6.58063e-05
1.69014e-06
-8.87862e-05
1.20824e-05
-0.000106172
1.95925e-05
-0.000121481
2.18033e-05
-0.000129808
1.26679e-05
-0.000113989
-3.32697e-05
-2.7353e-05
-5.42004e-05
3.4238e-05
-4.42246e-05
-1.72343e-05
-4.42885e-05
-1.74634e-05
-4.46195e-05
1.80689e-05
-3.16914e-05
8.95353e-05
-2.01921e-05
0.000197422
-1.81525e-05
0.000126714
-2.2523e-05
-0.000119059
-0.000275723
-8.54828e-05
-6.86708e-05
-6.0511e-05
-6.91077e-05
-3.69283e-05
-7.22569e-05
-1.81309e-05
-8.46037e-05
-5.87803e-06
-0.000101039
2.99344e-06
-0.000115043
7.9718e-06
-0.000126459
5.01297e-06
-0.000126849
-2.83956e-05
-8.05807e-05
-7.98233e-05
2.40748e-05
-6.10253e-05
1.544e-05
-4.7197e-05
-3.10626e-05
-4.19633e-05
-2.26971e-05
-3.8322e-05
1.44276e-05
-2.14264e-05
7.26399e-05
2.68596e-05
0.000149136
2.64316e-05
0.000127142
7.22307e-06
-9.98511e-05
-0.0002685
-8.22038e-05
-8.93068e-05
-6.14594e-05
-8.9852e-05
-4.17413e-05
-9.1975e-05
-2.52021e-05
-0.000101143
-1.31145e-05
-0.000113127
-4.50378e-06
-0.000123654
-2.7208e-06
-0.000128242
-2.8972e-05
-0.000100598
-7.3205e-05
-3.63477e-05
-8.48349e-05
3.57049e-05
-6.71558e-05
-2.23916e-06
-5.82128e-05
-4.00055e-05
-5.28286e-05
-2.80813e-05
-4.99766e-05
1.15756e-05
-4.15686e-05
6.42318e-05
-1.23855e-05
0.000119953
1.7196e-05
9.75604e-05
1.67431e-05
-9.93981e-05
-0.000251757
-7.7903e-05
-0.000106269
-6.16509e-05
-0.000106104
-4.49523e-05
-0.000108674
-2.88258e-05
-0.000117269
-1.49917e-05
-0.000126961
-1.34435e-05
-0.000125202
-3.39851e-05
-0.000107701
-6.87031e-05
-6.58803e-05
-9.23272e-05
-1.27236e-05
-7.85132e-05
2.18909e-05
-7.77959e-05
-2.95642e-06
-7.83878e-05
-3.94136e-05
-7.50829e-05
-3.13863e-05
-7.20061e-05
8.49877e-06
-6.3621e-05
5.58468e-05
-4.51362e-05
0.000101468
2.56343e-06
4.98605e-05
1.50845e-05
-0.000111919
-0.000236673
-7.57895e-05
-0.000118787
-6.13151e-05
-0.000120579
-4.7791e-05
-0.000122198
-4.32934e-05
-0.000121767
-4.81408e-05
-0.000122114
-6.06634e-05
-0.00011268
-7.89759e-05
-8.93883e-05
-9.29548e-05
-5.19013e-05
-9.2161e-05
-1.35175e-05
-7.98588e-05
9.58872e-06
-8.15349e-05
-1.28024e-06
-9.77694e-05
-2.31791e-05
-0.000106074
-2.30821e-05
-0.000100963
3.38814e-06
-9.33037e-05
4.81875e-05
-5.98015e-05
6.79657e-05
-5.42014e-06
-4.52105e-06
9.30252e-06
-0.000126642
-0.00022737
-4.13064e-05
-0.00011172
-4.48354e-05
-0.00011705
-4.73481e-05
-0.000119685
-5.10166e-05
-0.000118099
-6.05161e-05
-0.000112614
-7.37316e-05
-9.94646e-05
-8.68765e-05
-7.62436e-05
-9.33493e-05
-4.54286e-05
-9.13049e-05
-1.55619e-05
-8.58571e-05
4.14085e-06
-9.24325e-05
5.29527e-06
-0.000112383
-3.22824e-06
-0.000128898
-6.56792e-06
-0.000133107
7.59735e-06
-0.000112109
2.71893e-05
-5.80987e-05
1.39554e-05
-1.18401e-05
-5.07798e-05
2.95904e-06
-0.000141442
-0.000224411
-4.42296e-06
-9.47728e-05
-1.7738e-05
-0.000103734
-2.9449e-05
-0.000107974
-4.07024e-05
-0.000106845
-5.31483e-05
-0.000100169
-6.59607e-05
-8.66523e-05
-7.65672e-05
-6.56373e-05
-8.2228e-05
-3.97679e-05
-8.31971e-05
-1.45929e-05
-8.29755e-05
3.91921e-06
-8.90323e-05
1.13521e-05
-0.000102492
1.02314e-05
-0.000115826
6.76603e-06
-0.000114556
6.32707e-06
-8.79727e-05
6.06455e-07
-4.80792e-05
-2.59383e-05
-1.60138e-05
-8.28453e-05
-2.80035e-06
-0.000154655
-0.000227212
2.6564e-05
-7.54893e-05
9.22046e-06
-8.63909e-05
-6.72737e-06
-9.20263e-05
-2.1541e-05
-9.20318e-05
-3.55279e-05
-8.6182e-05
-4.8062e-05
-7.41182e-05
-5.76292e-05
-5.60702e-05
-6.32309e-05
-3.41664e-05
-6.55751e-05
-1.22488e-05
-6.71573e-05
5.50146e-06
-7.13188e-05
1.55136e-05
-7.80853e-05
1.69979e-05
-8.30893e-05
1.177e-05
-7.82281e-05
1.46583e-06
-6.06421e-05
-1.69797e-05
-3.65177e-05
-5.00627e-05
-1.86715e-05
-0.000100692
-8.4335e-06
-0.000164893
-0.000235645
4.83838e-05
-5.84454e-05
3.12657e-05
-6.92728e-05
1.47135e-05
-7.54742e-05
-8.45181e-07
-7.64732e-05
-1.50559e-05
-7.19714e-05
-2.72374e-05
-6.19369e-05
-3.64232e-05
-4.68845e-05
-4.20941e-05
-2.84956e-05
-4.47528e-05
-9.59013e-06
-4.58387e-05
6.58736e-06
-4.72267e-05
1.69016e-05
-4.91896e-05
1.89609e-05
-4.97306e-05
1.23109e-05
-4.57787e-05
-2.48613e-06
-3.67976e-05
-2.59609e-05
-2.68992e-05
-5.99612e-05
-2.13443e-05
-0.000106246
-1.43061e-05
-0.000171932
-0.000249951
6.22693e-05
-4.47718e-05
4.74274e-05
-5.44309e-05
3.23538e-05
-6.04006e-05
1.77995e-05
-6.19189e-05
4.44832e-06
-5.86204e-05
-6.95746e-06
-5.05312e-05
-1.56439e-05
-3.81982e-05
-2.11689e-05
-2.29707e-05
-2.3755e-05
-7.00397e-06
-2.41774e-05
7.00977e-06
-2.37193e-05
1.64434e-05
-2.31955e-05
1.8437e-05
-2.24492e-05
1.15644e-05
-2.0861e-05
-4.0743e-06
-1.89583e-05
-2.78637e-05
-1.92494e-05
-5.96701e-05
-2.28576e-05
-0.000102638
-1.76974e-05
-0.000177092
-0.000267649
7.02261e-05
-3.43883e-05
5.828e-05
-4.24848e-05
4.56102e-05
-4.77308e-05
3.30044e-05
-4.93131e-05
2.12243e-05
-4.68403e-05
1.10247e-05
-4.03315e-05
3.105e-06
-3.02784e-05
-2.09437e-06
-1.77714e-05
-4.59663e-06
-4.50175e-06
-4.88874e-06
7.30177e-06
-3.85649e-06
1.54111e-05
-2.63937e-06
1.72198e-05
-2.03402e-06
1.09589e-05
-2.58552e-06
-3.52277e-06
-5.12442e-06
-2.53249e-05
-1.08421e-05
-5.39524e-05
-1.868e-05
-9.48004e-05
-1.4842e-05
-0.00018093
-0.000282491
7.40325e-05
-2.6792e-05
6.48733e-05
-3.33256e-05
5.4788e-05
-3.76453e-05
4.44586e-05
-3.89838e-05
3.4585e-05
-3.69667e-05
2.58592e-05
-3.16056e-05
1.89068e-05
-2.33261e-05
1.41541e-05
-1.30186e-05
1.16932e-05
-2.04085e-06
1.1173e-05
7.82178e-06
1.19542e-05
1.46299e-05
1.29497e-05
1.62243e-05
1.29835e-05
1.09249e-05
1.11579e-05
-1.69716e-06
6.83389e-06
-2.1001e-05
-1.31458e-07
-4.6987e-05
-7.98016e-06
-8.69516e-05
-1.02341e-05
-0.000178676
-0.000292725
7.50202e-05
-2.14082e-05
6.82425e-05
-2.6548e-05
6.05216e-05
-2.99243e-05
5.23963e-05
-3.08584e-05
4.44488e-05
-2.90192e-05
3.72643e-05
-2.4421e-05
3.13729e-05
-1.74347e-05
2.71554e-05
-8.80115e-06
2.47404e-05
3.74191e-07
2.3903e-05
8.65914e-06
2.41222e-05
1.44107e-05
2.45135e-05
1.58331e-05
2.40223e-05
1.14159e-05
2.17824e-05
5.4265e-07
1.74252e-05
-1.66438e-05
1.13026e-05
-4.08644e-05
4.22546e-06
-7.98745e-05
-5.87326e-06
-0.000168577
-0.000298598
7.41137e-05
-1.7722e-05
6.92486e-05
-2.16828e-05
6.35129e-05
-2.41885e-05
5.7313e-05
-2.46585e-05
5.11083e-05
-2.28144e-05
4.53675e-05
-1.86802e-05
4.05182e-05
-1.25854e-05
3.6877e-05
-5.15982e-06
3.45707e-05
2.68051e-06
3.34667e-05
9.76313e-06
3.31662e-05
1.47111e-05
3.29944e-05
1.60048e-05
3.21232e-05
1.22871e-05
2.98948e-05
2.77105e-06
2.61377e-05
-1.28866e-05
2.13417e-05
-3.60683e-05
1.56392e-05
-7.41719e-05
1.45953e-06
-0.000154397
-0.000297138
7.19308e-05
-1.53151e-05
6.8549e-05
-1.83009e-05
6.43993e-05
-2.00388e-05
5.97811e-05
-2.00404e-05
5.50465e-05
-1.80796e-05
5.05599e-05
-1.41936e-05
4.66554e-05
-8.6809e-06
4.35845e-05
-2.08886e-06
4.1459e-05
4.80601e-06
4.02032e-05
1.10189e-05
3.95358e-05
1.53785e-05
3.89601e-05
1.65805e-05
3.78574e-05
1.33897e-05
3.57305e-05
4.89799e-06
3.24404e-05
-9.59649e-06
2.82157e-05
-3.18435e-05
2.23921e-05
-6.83483e-05
8.53989e-06
-0.000140545
-0.000288598
6.88805e-05
-1.38605e-05
6.66247e-05
-1.60451e-05
6.37049e-05
-1.7119e-05
6.03385e-05
-1.6674e-05
5.67912e-05
-1.45323e-05
5.33427e-05
-1.0745e-05
5.02504e-05
-5.58859e-06
4.77107e-05
4.50792e-07
4.58181e-05
6.69872e-06
4.45335e-05
1.23035e-05
4.36637e-05
1.62482e-05
4.28536e-05
1.73907e-05
4.16457e-05
1.45977e-05
3.96356e-05
6.90808e-06
3.66306e-05
-6.59142e-06
3.25473e-05
-2.77602e-05
2.64863e-05
-6.22872e-05
1.45062e-05
-0.000128565
-0.000274092
6.52377e-05
-1.31063e-05
6.38239e-05
-1.46313e-05
6.18396e-05
-1.51347e-05
5.94415e-05
-1.4276e-05
5.68289e-05
-1.19197e-05
5.42153e-05
-8.13146e-06
5.17998e-05
-3.17304e-06
4.9736e-05
2.51464e-06
4.81045e-05
8.33024e-06
4.68907e-05
1.35173e-05
4.59657e-05
1.71733e-05
4.50781e-05
1.82782e-05
4.38896e-05
1.57862e-05
4.20715e-05
8.72622e-06
3.93961e-05
-3.91605e-06
3.56216e-05
-2.39857e-05
2.9841e-05
-5.65066e-05
1.87847e-05
-0.000117509
-0.000255308
6.11939e-05
-1.28594e-05
6.04013e-05
-1.38388e-05
5.91189e-05
-1.38523e-05
5.74594e-05
-1.26164e-05
5.5572e-05
-1.00323e-05
5.36208e-05
-6.18031e-06
5.17611e-05
-1.31328e-06
5.01153e-05
4.16053e-06
4.87551e-05
9.69047e-06
4.7683e-05
1.45895e-05
4.68168e-05
1.80395e-05
4.59816e-05
1.91135e-05
4.49308e-05
1.68371e-05
4.34075e-05
1.02495e-05
4.12012e-05
-1.7098e-06
3.80427e-05
-2.08272e-05
3.30128e-05
-5.14768e-05
2.22029e-05
-0.000106699
-0.000233105
5.68888e-05
-1.29719e-05
5.65482e-05
-1.34981e-05
5.57871e-05
-1.30913e-05
5.46863e-05
-1.15157e-05
5.33585e-05
-8.70454e-06
5.1931e-05
-4.75282e-06
5.05269e-05
9.0845e-08
4.92472e-05
5.44036e-06
4.81574e-05
1.07804e-05
4.72724e-05
1.54745e-05
4.6544e-05
1.8768e-05
4.58525e-05
1.98049e-05
4.50206e-05
1.7669e-05
4.38546e-05
1.14156e-05
4.21851e-05
-4.03633e-08
3.9772e-05
-1.84141e-05
3.57661e-05
-4.74708e-05
2.59982e-05
-9.69309e-05
-0.000207106
5.24294e-05
-1.33307e-05
5.24122e-05
-1.34809e-05
5.20355e-05
-1.27145e-05
5.13568e-05
-1.0837e-05
5.0462e-05
-7.8097e-06
4.94514e-05
-3.74211e-06
4.84246e-05
1.11782e-06
4.74674e-05
6.3977e-06
4.66407e-05
1.16072e-05
4.59681e-05
1.61472e-05
4.54237e-05
1.93125e-05
4.49245e-05
2.03041e-05
4.43379e-05
1.82557e-05
4.35077e-05
1.22458e-05
4.2274e-05
1.19344e-06
4.03751e-05
-1.65152e-05
3.69341e-05
-4.40297e-05
2.8288e-05
-8.82848e-05
-0.000178818
4.79003e-05
-1.38506e-05
4.81107e-05
-1.36913e-05
4.80166e-05
-1.26204e-05
4.7659e-05
-1.04793e-05
4.71036e-05
-7.25422e-06
4.64305e-05
-3.06888e-06
4.57218e-05
1.82665e-06
4.50522e-05
7.06744e-06
4.44783e-05
1.21812e-05
4.40279e-05
1.65977e-05
4.36877e-05
1.96528e-05
4.33937e-05
2.05981e-05
4.30321e-05
1.86173e-05
4.24497e-05
1.28282e-05
4.14428e-05
2.20045e-06
3.96369e-05
-1.47093e-05
3.59847e-05
-4.03774e-05
2.713e-05
-7.943e-05
-0.000151688
4.3371e-05
-1.44684e-05
4.37385e-05
-1.40588e-05
4.38535e-05
-1.27353e-05
4.37443e-05
-1.03699e-05
4.34613e-05
-6.97116e-06
4.30687e-05
-2.67623e-06
4.2635e-05
2.26036e-06
4.22255e-05
7.477e-06
4.18924e-05
1.25143e-05
4.16639e-05
1.68262e-05
4.15309e-05
1.97858e-05
4.14347e-05
2.06943e-05
4.12593e-05
1.87927e-05
4.08271e-05
1.32604e-05
3.98664e-05
3.16116e-06
3.7868e-05
-1.27109e-05
3.36355e-05
-3.61447e-05
2.41684e-05
-6.99628e-05
-0.00012752
3.88993e-05
-1.51384e-05
3.93739e-05
-1.45333e-05
3.9646e-05
-1.30074e-05
3.97346e-05
-1.04585e-05
3.96777e-05
-6.91435e-06
3.95262e-05
-2.52471e-06
3.93367e-05
2.44986e-06
3.91657e-05
7.64799e-06
3.90606e-05
1.26194e-05
3.90475e-05
1.68393e-05
3.91162e-05
1.97171e-05
3.92039e-05
2.06067e-05
3.91803e-05
1.88164e-05
3.88327e-05
1.36079e-05
3.78222e-05
4.17168e-06
3.55472e-05
-1.04359e-05
3.07951e-05
-3.13925e-05
2.11247e-05
-6.02923e-05
-0.000106395
3.45344e-05
-1.58286e-05
3.5081e-05
-1.50799e-05
3.54748e-05
-1.34013e-05
3.57276e-05
-1.07114e-05
3.58665e-05
-7.05331e-06
3.59297e-05
-2.58804e-06
3.59626e-05
2.41692e-06
3.60128e-05
7.59781e-06
3.61224e-05
1.25098e-05
3.63148e-05
1.66468e-05
3.65766e-05
1.94553e-05
3.68364e-05
2.03469e-05
3.69446e-05
1.87081e-05
3.66523e-05
1.39002e-05
3.55695e-05
5.25458e-06
3.30584e-05
-7.92474e-06
2.8e-05
-2.63341e-05
1.8508e-05
-5.08001e-05
-8.78869e-05
3.03169e-05
-1.65168e-05
3.09117e-05
-1.56748e-05
3.14041e-05
-1.38937e-05
3.17998e-05
-1.11071e-05
3.21158e-05
-7.36938e-06
3.23777e-05
-2.84997e-06
3.26181e-05
2.17647e-06
3.28748e-05
7.34106e-06
3.31854e-05
1.21992e-05
3.35715e-05
1.62608e-05
3.40175e-05
1.90092e-05
3.4444e-05
1.99204e-05
3.46806e-05
1.84716e-05
3.44442e-05
1.41366e-05
3.33106e-05
6.38828e-06
3.06495e-05
-5.26356e-06
2.54909e-05
-2.11754e-05
1.63897e-05
-4.16988e-05
-7.14972e-05
2.62785e-05
-1.71874e-05
2.69053e-05
-1.63016e-05
2.74809e-05
-1.44694e-05
2.80069e-05
-1.16332e-05
2.84904e-05
-7.85279e-06
2.89427e-05
-3.30221e-06
2.93813e-05
1.73784e-06
2.98322e-05
6.89009e-06
3.03288e-05
1.17027e-05
3.08948e-05
1.56947e-05
3.15177e-05
1.83864e-05
3.21132e-05
1.93248e-05
3.2492e-05
1.80928e-05
3.23395e-05
1.42893e-05
3.12062e-05
7.52168e-06
2.84947e-05
-2.55203e-06
2.34007e-05
-1.60811e-05
1.47995e-05
-3.30975e-05
-5.66976e-05
2.24399e-05
-1.78287e-05
2.30859e-05
-1.69476e-05
2.37337e-05
-1.51171e-05
2.43825e-05
-1.2282e-05
2.50298e-05
-8.50003e-06
2.56708e-05
-3.94323e-06
2.63038e-05
1.10482e-06
2.69388e-05
6.25505e-06
2.76058e-05
1.10358e-05
2.83365e-05
1.4964e-05
2.91296e-05
1.75935e-05
2.99027e-05
1.85517e-05
3.04547e-05
1.7541e-05
3.04451e-05
1.4299e-05
2.94059e-05
8.56103e-06
2.67715e-05
8.24395e-08
2.18681e-05
-1.11776e-05
1.39058e-05
-2.5135e-05
-4.27917e-05
1.88094e-05
-1.84292e-05
1.94615e-05
-1.75997e-05
2.01696e-05
-1.58253e-05
2.0934e-05
-1.30464e-05
2.17444e-05
-9.31045e-06
2.25781e-05
-4.777e-06
2.34079e-05
2.74996e-07
2.42209e-05
5.44216e-06
2.50442e-05
1.02125e-05
2.59258e-05
1.40823e-05
2.68807e-05
1.66387e-05
2.78423e-05
1.75903e-05
2.86053e-05
1.67782e-05
2.88319e-05
1.40725e-05
2.80573e-05
9.33575e-06
2.57407e-05
2.39918e-06
2.13769e-05
-6.81355e-06
1.37733e-05
-1.75312e-05
-2.90184e-05
1.53825e-05
-1.89753e-05
1.60226e-05
-1.82398e-05
1.67725e-05
-1.65752e-05
1.76391e-05
-1.39131e-05
1.86091e-05
-1.02804e-05
1.96424e-05
-5.81041e-06
2.06789e-05
-7.6153e-07
2.16705e-05
4.45059e-06
2.26436e-05
9.23956e-06
2.36669e-05
1.30592e-05
2.47922e-05
1.55135e-05
2.59382e-05
1.64445e-05
2.69212e-05
1.57954e-05
2.74702e-05
1.35237e-05
2.71725e-05
9.63355e-06
2.56086e-05
3.96323e-06
2.18503e-05
-3.05512e-06
1.41157e-05
-9.79652e-06
-1.49026e-05
1.21458e-05
-1.94489e-05
1.27468e-05
-1.88409e-05
1.35063e-05
-1.73347e-05
1.44449e-05
-1.48518e-05
1.55569e-05
-1.13924e-05
1.67922e-05
-7.04569e-06
1.8052e-05
-2.0213e-06
1.92317e-05
3.27088e-06
2.03554e-05
8.11595e-06
2.15299e-05
1.18848e-05
2.27842e-05
1.42592e-05
2.40612e-05
1.51677e-05
2.52321e-05
1.46245e-05
2.61637e-05
1.25922e-05
2.66457e-05
9.15173e-06
2.60009e-05
4.6081e-06
2.28427e-05
1.03197e-07
1.503e-05
-1.98383e-06
1.2741e-07
9.0849e-06
-1.98285e-05
9.60939e-06
-1.93654e-05
1.03259e-05
-1.80513e-05
1.12769e-05
-1.58029e-05
1.24806e-05
-1.25962e-05
1.38981e-05
-8.46319e-06
1.53994e-05
-3.52267e-06
1.67935e-05
1.87682e-06
1.80708e-05
6.8387e-06
1.93941e-05
1.05616e-05
2.07474e-05
1.29059e-05
2.20532e-05
1.3862e-05
2.32772e-05
1.34006e-05
2.44811e-05
1.13884e-05
2.5728e-05
7.90496e-06
2.61806e-05
4.15553e-06
2.4157e-05
2.12688e-06
1.70547e-05
5.11841e-06
1.71821e-05
6.19718e-06
-2.00934e-05
6.601e-06
-1.97693e-05
7.20107e-06
-1.86514e-05
8.06348e-06
-1.66654e-05
9.24844e-06
-1.37811e-05
1.07711e-05
-9.98575e-06
1.25184e-05
-5.26999e-06
1.4211e-05
1.84089e-07
1.56867e-05
5.36302e-06
1.71624e-05
9.08604e-06
1.86384e-05
1.14299e-05
1.98749e-05
1.26255e-05
2.08926e-05
1.2383e-05
2.19389e-05
1.03421e-05
2.34649e-05
6.37902e-06
2.51972e-05
2.42318e-06
2.55969e-05
1.72721e-06
2.17284e-05
8.98689e-06
3.89105e-05
3.50621e-06
-2.02349e-05
3.75047e-06
-2.00135e-05
4.15109e-06
-1.9052e-05
4.78222e-06
-1.72965e-05
5.74204e-06
-1.4741e-05
7.14758e-06
-1.13913e-05
9.03697e-06
-7.15933e-06
1.12085e-05
-1.98753e-06
1.31407e-05
3.43081e-06
1.49176e-05
7.30916e-06
1.66194e-05
9.72812e-06
1.77317e-05
1.15133e-05
1.82493e-05
1.18655e-05
1.8432e-05
1.01594e-05
1.90894e-05
5.72164e-06
2.12351e-05
2.77447e-07
2.6017e-05
-3.05462e-06
3.0455e-05
4.54881e-06
6.93655e-05
1.0693e-06
1.14051e-06
1.27868e-06
1.52822e-06
1.96717e-06
2.73517e-06
4.09409e-06
6.50279e-06
9.93784e-06
1.32512e-05
1.53153e-05
1.63146e-05
1.62672e-05
1.49957e-05
1.27718e-05
1.15791e-05
1.62956e-05
3.02313e-05
)
;

boundaryField
{
    leftWall
    {
        type            calculated;
        value           uniform 0;
    }
    rightWall
    {
        type            calculated;
        value           uniform 0;
    }
    lowerWall
    {
        type            calculated;
        value           uniform 0;
    }
    atmosphere
    {
        type            calculated;
        value           nonuniform List<scalar> 
46
(
1.47997e-05
1.39214e-05
1.30186e-05
1.2081e-05
1.10705e-05
9.9832e-06
8.8207e-06
7.58479e-06
6.27605e-06
4.89308e-06
3.43421e-06
1.8972e-06
2.01241e-07
-1.52073e-06
-3.29563e-06
-5.19115e-06
-7.08708e-06
-8.94223e-06
-1.07263e-05
-1.24067e-05
-1.39452e-05
-1.52991e-05
-1.64259e-05
-8.0648e-06
-8.23348e-06
-8.37614e-06
-8.48897e-06
-2.02662e-05
-2.00847e-05
-1.91902e-05
-1.7546e-05
-1.51799e-05
-1.21594e-05
-8.51825e-06
-4.39623e-06
-4.26695e-09
3.99578e-06
7.66405e-06
1.0514e-05
1.19129e-05
1.14309e-05
7.94553e-06
1.47016e-06
-7.77115e-06
-9.38694e-06
9.95969e-05
)
;
    }
    defaultFaces
    {
        type            empty;
        value           nonuniform List<scalar> 0();
    }
}


// ************************************************************************* //
