/*--------------------------------*- C++ -*----------------------------------*\
| =========                 |                                                 |
| \\      /  F ield         | OpenFOAM: The Open Source CFD Toolbox           |
|  \\    /   O peration     | Version:  v2012                                 |
|   \\  /    A nd           | Website:  www.openfoam.com                      |
|    \\/     M anipulation  |                                                 |
\*---------------------------------------------------------------------------*/
FoamFile
{
    version     2.0;
    format      ascii;
    class       volVectorField;
    location    "0.95";
    object      U;
}
// * * * * * * * * * * * * * * * * * * * * * * * * * * * * * * * * * * * * * //

dimensions      [0 1 -1 0 0 0 0];


internalField   nonuniform List<vector> 
2268
(
(-0.00803209 0.00551252 0)
(-0.038336 0.0108754 0)
(-0.0741932 0.0092928 0)
(-0.102326 0.00822707 0)
(-0.130594 0.00805051 0)
(-0.158651 0.00809379 0)
(-0.186355 0.00797412 0)
(-0.212837 0.00757806 0)
(-0.237259 0.00691273 0)
(-0.258771 0.00597872 0)
(-0.276419 0.00469941 0)
(-0.289058 0.0028973 0)
(-0.295049 0.000439549 0)
(-0.291721 -0.00259478 0)
(-0.278132 -0.00599572 0)
(-0.253599 -0.00986958 0)
(-0.215261 -0.0150368 0)
(-0.160599 -0.0208686 0)
(-0.0926187 -0.0251571 0)
(-0.0202691 -0.02434 0)
(0.0385505 -0.0165983 0)
(0.0661896 -5.87446e-05 0)
(0.0384303 0.0131074 0)
(-0.0252116 0.0173783 0)
(-0.0599962 0.0260275 0)
(-0.0951062 0.0231452 0)
(-0.1254 0.0212518 0)
(-0.155922 0.0208232 0)
(-0.185611 0.0205085 0)
(-0.213775 0.019729 0)
(-0.239561 0.0183352 0)
(-0.262278 0.0163249 0)
(-0.28115 0.0136569 0)
(-0.295205 0.0102099 0)
(-0.303376 0.00579995 0)
(-0.304904 0.000295705 0)
(-0.299724 -0.00626549 0)
(-0.286257 -0.0138841 0)
(-0.261704 -0.0227829 0)
(-0.223549 -0.0336476 0)
(-0.170773 -0.0448399 0)
(-0.106268 -0.0519647 0)
(-0.0380542 -0.0488558 0)
(0.0195095 -0.0319815 0)
(0.0523387 0.00116663 0)
(0.0393565 0.0363066 0)
(-0.0321131 0.0381526 0)
(-0.0632057 0.0426283 0)
(-0.0958578 0.0378599 0)
(-0.126674 0.0353891 0)
(-0.157371 0.0346191 0)
(-0.186932 0.0336789 0)
(-0.21471 0.0319213 0)
(-0.240058 0.0292416 0)
(-0.262437 0.0256351 0)
(-0.281195 0.0209936 0)
(-0.295471 0.0151371 0)
(-0.304288 0.00793828 0)
(-0.306786 -0.000613904 0)
(-0.302279 -0.010568 0)
(-0.289542 -0.0223461 0)
(-0.266449 -0.0365459 0)
(-0.230612 -0.053354 0)
(-0.180867 -0.07012 0)
(-0.119605 -0.080583 0)
(-0.0540639 -0.0765538 0)
(0.00322305 -0.0521733 0)
(0.0404238 -0.00536039 0)
(0.0360698 0.0549989 0)
(-0.0333678 0.0601951 0)
(-0.0620986 0.0587006 0)
(-0.0942662 0.0527523 0)
(-0.125754 0.0499879 0)
(-0.156777 0.0488035 0)
(-0.186471 0.0471536 0)
(-0.214267 0.0443936 0)
(-0.23965 0.0404604 0)
(-0.262176 0.0353363 0)
(-0.281266 0.0288369 0)
(-0.296095 0.0206959 0)
(-0.305658 0.0107667 0)
(-0.309016 -0.000909626 0)
(-0.305464 -0.0144152 0)
(-0.294108 -0.0303632 0)
(-0.273235 -0.0497465 0)
(-0.240389 -0.0726693 0)
(-0.193896 -0.0955385 0)
(-0.135409 -0.11011 0)
(-0.0713062 -0.105964 0)
(-0.0127329 -0.0749957 0)
(0.0295948 -0.0144343 0)
(0.0338214 0.0714357 0)
(-0.0322338 0.0813528 0)
(-0.0600935 0.0743351 0)
(-0.0924971 0.0678129 0)
(-0.124571 0.064886 0)
(-0.155949 0.0632234 0)
(-0.185873 0.0608019 0)
(-0.213841 0.057024 0)
(-0.239444 0.0518663 0)
(-0.262323 0.0452869 0)
(-0.281964 0.0370087 0)
(-0.297556 0.0266528 0)
(-0.308041 0.0140319 0)
(-0.31244 -0.000729718 0)
(-0.310171 -0.0176431 0)
(-0.300702 -0.0375077 0)
(-0.282652 -0.0617767 0)
(-0.253376 -0.0907226 0)
(-0.210516 -0.119896 0)
(-0.154958 -0.139078 0)
(-0.0921048 -0.135743 0)
(-0.0314077 -0.0998402 0)
(0.0171975 -0.0266398 0)
(0.0295066 0.0845806 0)
(-0.0302854 0.101463 0)
(-0.0579633 0.0898528 0)
(-0.090695 0.0830495 0)
(-0.123214 0.0799729 0)
(-0.154918 0.0777828 0)
(-0.185114 0.0745546 0)
(-0.213366 0.0697649 0)
(-0.239354 0.0634325 0)
(-0.262801 0.0554848 0)
(-0.283255 0.0455341 0)
(-0.299904 0.033059 0)
(-0.311599 0.0178172 0)
(-0.317299 6.74505e-05 0)
(-0.316588 -0.0200306 0)
(-0.309337 -0.0434246 0)
(-0.294492 -0.0721295 0)
(-0.269195 -0.106838 0)
(-0.230526 -0.142368 0)
(-0.178862 -0.166617 0)
(-0.11837 -0.165318 0)
(-0.0557029 -0.126577 0)
(0.000293319 -0.0417497 0)
(0.0206759 0.0928174 0)
(-0.0281528 0.120611 0)
(-0.0558071 0.105353 0)
(-0.0887104 0.0984383 0)
(-0.121511 0.0952052 0)
(-0.153481 0.0924715 0)
(-0.183985 0.0884403 0)
(-0.212643 0.0826792 0)
(-0.239211 0.0752531 0)
(-0.263485 0.0660543 0)
(-0.285072 0.0545643 0)
(-0.30314 0.0400777 0)
(-0.316393 0.0222721 0)
(-0.323664 0.00160314 0)
(-0.324687 -0.0214636 0)
(-0.31975 -0.0479805 0)
(-0.308124 -0.0806439 0)
(-0.28686 -0.120786 0)
(-0.253006 -0.162513 0)
(-0.20699 -0.192057 0)
(-0.15119 -0.194231 0)
(-0.0877913 -0.155516 0)
(-0.0238785 -0.0607388 0)
(0.00891541 0.0991494 0)
(-0.0261255 0.138859 0)
(-0.0534647 0.120793 0)
(-0.0862875 0.113903 0)
(-0.119186 0.110548 0)
(-0.151353 0.107324 0)
(-0.182207 0.102569 0)
(-0.211422 0.0959449 0)
(-0.238805 0.0875584 0)
(-0.264209 0.0772603 0)
(-0.287295 0.0643797 0)
(-0.307198 0.0479711 0)
(-0.322407 0.0275758 0)
(-0.331532 0.00392885 0)
(-0.334376 -0.0220448 0)
(-0.331582 -0.0514402 0)
(-0.322719 -0.0877628 0)
(-0.305043 -0.133019 0)
(-0.276465 -0.180408 0)
(-0.238195 -0.214992 0)
(-0.190268 -0.222023 0)
(-0.128542 -0.187579 0)
(-0.0570427 -0.0885981 0)
(0.00364967 0.0975132 0)
(0.114394 -0.0540042 0)
(0.0078987 0.0401103 0)
(-0.252621 0.0649354 0)
(-0.472935 0.0543505 0)
(-0.615291 0.0271245 0)
(-0.658779 0.00296286 0)
(-0.638038 -0.0103504 0)
(-0.601635 -0.0138178 0)
(-0.5592 -0.0172534 0)
(-0.493362 -0.0264115 0)
(-0.382457 -0.0415996 0)
(-0.238782 -0.0468565 0)
(-0.114872 -0.030339 0)
(-0.0501186 -0.0139468 0)
(-0.0330274 -0.00567366 0)
(-0.0300503 -0.00742614 0)
(-0.0158553 -0.0127324 0)
(0.00860594 -0.0122037 0)
(0.0619341 0.00833193 0)
(-0.0365864 -0.00709562 0)
(-0.196121 0.127295 0)
(-0.468806 0.14709 0)
(-0.616692 0.109539 0)
(-0.665814 0.0493685 0)
(-0.6496 0.000852255 0)
(-0.615916 -0.02359 0)
(-0.575042 -0.0297543 0)
(-0.531229 -0.0356729 0)
(-0.468964 -0.0541246 0)
(-0.364524 -0.0853119 0)
(-0.230742 -0.0952242 0)
(-0.123546 -0.0626426 0)
(-0.0749317 -0.0230238 0)
(-0.0763401 -0.000457039 0)
(-0.0941637 -0.000370823 0)
(-0.0963813 -0.0132802 0)
(-0.0658165 -0.0212481 0)
(0.0281631 0.0135217 0)
(-0.127042 0.069061 0)
(-0.30885 0.212877 0)
(-0.50503 0.212745 0)
(-0.592437 0.141752 0)
(-0.628049 0.0520807 0)
(-0.612773 -0.0116438 0)
(-0.570254 -0.0398969 0)
(-0.524962 -0.0478102 0)
(-0.486201 -0.0574254 0)
(-0.430101 -0.0863743 0)
(-0.32436 -0.133309 0)
(-0.189653 -0.145712 0)
(-0.0903795 -0.093914 0)
(-0.0544944 -0.0278103 0)
(-0.0834491 0.0105111 0)
(-0.128953 0.00993048 0)
(-0.154163 -0.0165333 0)
(-0.131098 -0.0417217 0)
(-0.0338442 -0.0080344 0)
(-0.172779 0.164705 0)
(-0.340997 0.288909 0)
(-0.474568 0.26134 0)
(-0.547265 0.165625 0)
(-0.586631 0.0563529 0)
(-0.553428 -0.0206618 0)
(-0.479126 -0.0550925 0)
(-0.427023 -0.0598478 0)
(-0.412579 -0.0706512 0)
(-0.376976 -0.111287 0)
(-0.261715 -0.175706 0)
(-0.120798 -0.192035 0)
(-0.0264885 -0.122212 0)
(0.00426495 -0.0265062 0)
(-0.0471775 0.0344027 0)
(-0.124507 0.0310796 0)
(-0.178169 -0.0165358 0)
(-0.175323 -0.0736227 0)
(-0.0845722 -0.0628384 0)
(-0.190255 0.26884 0)
(-0.329167 0.349658 0)
(-0.420457 0.296253 0)
(-0.485556 0.194043 0)
(-0.526692 0.0706052 0)
(-0.439213 -0.0483977 0)
(-0.292293 -0.0933131 0)
(-0.218506 -0.0730812 0)
(-0.257255 -0.0673899 0)
(-0.285659 -0.13029 0)
(-0.15044 -0.231279 0)
(-0.0144197 -0.232895 0)
(0.073158 -0.139095 0)
(0.096401 -0.0206642 0)
(0.0379682 0.058507 0)
(-0.0562637 0.0529143 0)
(-0.12511 -0.00987454 0)
(-0.141444 -0.106606 0)
(-0.0824753 -0.136547 0)
(-0.194241 0.373235 0)
(-0.301358 0.394023 0)
(-0.360057 0.321662 0)
(-0.41325 0.228562 0)
(-0.432677 0.052948 0)
(-0.26701 -0.145034 0)
(-0.125941 -0.17859 0)
(-0.0096798 -0.0868985 0)
(-0.0367397 -0.0395356 0)
(-0.109326 -0.146002 0)
(0.00960258 -0.320944 0)
(0.125419 -0.297254 0)
(0.2332 -0.16435 0)
(0.238789 -0.00581507 0)
(0.195749 0.0801089 0)
(0.121453 0.0861336 0)
(0.0556593 0.0319995 0)
(0.0268967 -0.0707991 0)
(0.0181518 -0.160097 0)
(-0.196571 0.472591 0)
(-0.278839 0.423244 0)
(-0.308023 0.339919 0)
(-0.349667 0.261112 0)
(-0.305732 -0.0105538 0)
(-0.186993 -0.18363 0)
(-0.102295 -0.219369 0)
(0.0247612 -0.14485 0)
(0.0686817 -0.0178326 0)
(0.0462811 -0.139209 0)
(0.101813 -0.35119 0)
(0.207961 -0.349699 0)
(0.353493 -0.229228 0)
(0.460209 -0.0197248 0)
(0.44677 0.139324 0)
(0.38121 0.159189 0)
(0.296082 0.0447797 0)
(0.260349 -0.0457048 0)
(0.166763 -0.107057 0)
(-0.203143 0.572085 0)
(-0.273722 0.439653 0)
(-0.277759 0.350442 0)
(-0.286836 0.247053 0)
(-0.222855 -0.0428304 0)
(-0.130721 -0.213112 0)
(-0.0826993 -0.245811 0)
(0.000123013 -0.187252 0)
(0.0802981 -0.0257268 0)
(0.134279 -0.151015 0)
(0.166811 -0.377835 0)
(0.256248 -0.390328 0)
(0.375886 -0.27698 0)
(0.489658 -0.0768206 0)
(0.582665 0.153555 0)
(0.496248 0.191165 0)
(0.380914 0.0507717 0)
(0.341807 -0.00449365 0)
(0.261783 0.0016986 0)
(-0.0226949 0.165071 0)
(-0.0490184 0.144635 0)
(-0.0813373 0.137919 0)
(-0.114101 0.134536 0)
(-0.146465 0.130798 0)
(-0.177965 0.125226 0)
(-0.208338 0.117601 0)
(-0.237415 0.108043 0)
(-0.265107 0.0963255 0)
(-0.291179 0.0815168 0)
(-0.314738 0.0621915 0)
(-0.333842 0.0375139 0)
(-0.346537 0.00883817 0)
(-0.352674 -0.0218288 0)
(-0.353303 -0.0558762 0)
(-0.347916 -0.0981634 0)
(-0.333964 -0.150789 0)
(-0.312339 -0.205175 0)
(-0.287713 -0.245972 0)
(-0.257649 -0.26128 0)
(-0.207024 -0.241195 0)
(-0.124591 -0.158145 0)
(-0.00317305 -0.014247 0)
(-0.0152025 0.193667 0)
(-0.0391324 0.175742 0)
(-0.0696796 0.17025 0)
(-0.101209 0.167642 0)
(-0.133488 0.164158 0)
(-0.166193 0.158344 0)
(-0.199068 0.150041 0)
(-0.231795 0.139532 0)
(-0.264257 0.1268 0)
(-0.296574 0.110755 0)
(-0.328254 0.0890584 0)
(-0.356534 0.0593606 0)
(-0.37782 0.0234935 0)
(-0.391928 -0.0160579 0)
(-0.399872 -0.0588182 0)
(-0.397783 -0.108665 0)
(-0.381933 -0.167055 0)
(-0.358916 -0.224165 0)
(-0.34538 -0.266377 0)
(-0.348757 -0.291289 0)
(-0.339313 -0.304394 0)
(-0.291488 -0.250044 0)
(-0.22732 -0.0963151 0)
(-0.00618735 0.211814 0)
(-0.0233521 0.202732 0)
(-0.0493547 0.199617 0)
(-0.077871 0.19823 0)
(-0.10987 0.194715 0)
(-0.144774 0.187781 0)
(-0.181871 0.177767 0)
(-0.22007 0.165963 0)
(-0.259186 0.152917 0)
(-0.300286 0.137501 0)
(-0.344816 0.116588 0)
(-0.389915 0.0857695 0)
(-0.431688 0.046528 0)
(-0.469308 0.00193722 0)
(-0.498617 -0.044841 0)
(-0.504448 -0.102475 0)
(-0.470856 -0.175332 0)
(-0.40419 -0.231006 0)
(-0.337431 -0.231955 0)
(-0.387785 -0.243314 0)
(-0.448352 -0.312181 0)
(-0.459636 -0.252497 0)
(-0.464893 -0.0457875 0)
(0.00130894 0.228279 0)
(0.000641741 0.224685 0)
(-0.0183603 0.222284 0)
(-0.0411206 0.221422 0)
(-0.0717491 0.218818 0)
(-0.110164 0.214156 0)
(-0.154403 0.206882 0)
(-0.200167 0.19749 0)
(-0.247579 0.186477 0)
(-0.299419 0.173738 0)
(-0.363771 0.155737 0)
(-0.443191 0.121847 0)
(-0.536997 0.0799391 0)
(-0.638231 0.0419 0)
(-0.725957 -0.00425289 0)
(-0.788316 -0.105771 0)
(-0.780923 -0.263977 0)
(-0.682504 -0.364349 0)
(-0.497992 -0.285299 0)
(-0.392377 -0.173789 0)
(-0.493181 -0.247806 0)
(-0.540057 -0.217001 0)
(-0.530696 -0.0379433 0)
(0.00200413 0.225305 0)
(0.0316087 0.229186 0)
(0.0180814 0.22962 0)
(0.000496593 0.235469 0)
(-0.0310008 0.239876 0)
(-0.0787999 0.240312 0)
(-0.139938 0.234058 0)
(-0.192369 0.227582 0)
(-0.242588 0.220722 0)
(-0.299727 0.214983 0)
(-0.382289 0.215193 0)
(-0.519053 0.196704 0)
(-0.736782 0.173318 0)
(-0.987482 0.143121 0)
(-1.10476 0.0546647 0)
(-1.09641 -0.135305 0)
(-1.02669 -0.349788 0)
(-0.944669 -0.486411 0)
(-0.826742 -0.483723 0)
(-0.600885 -0.312373 0)
(-0.447573 -0.16263 0)
(-0.54997 -0.207887 0)
(-0.498268 -0.0492936 0)
(-0.10293 0.196593 0)
(0.030092 0.217353 0)
(0.00357579 0.234951 0)
(-0.0197835 0.263378 0)
(-0.0701172 0.324215 0)
(-0.137264 0.393005 0)
(-0.198939 0.395026 0)
(-0.263584 0.384323 0)
(-0.343809 0.389617 0)
(-0.455098 0.424652 0)
(-0.627793 0.508698 0)
(-0.863244 0.607511 0)
(-1.09706 0.638896 0)
(-1.23837 0.415591 0)
(-1.18828 0.0576015 0)
(-1.13927 -0.20379 0)
(-1.09219 -0.426719 0)
(-1.03764 -0.56948 0)
(-0.987437 -0.608186 0)
(-0.904099 -0.528655 0)
(-0.705765 -0.305264 0)
(-0.536495 -0.220793 0)
(-0.566884 -0.162383 0)
(-0.0545782 0.216981 0)
(-0.0396673 0.177889 0)
(-0.102459 0.299704 0)
(-0.141625 0.361533 0)
(-0.184508 0.403249 0)
(-0.218797 0.414025 0)
(-0.25375 0.404072 0)
(-0.304321 0.40608 0)
(-0.375215 0.436247 0)
(-0.469557 0.503651 0)
(-0.589085 0.599999 0)
(-0.726387 0.681467 0)
(-0.855935 0.677649 0)
(-0.978443 0.505907 0)
(-1.02952 0.0951346 0)
(-1.03219 -0.237071 0)
(-1.04933 -0.464201 0)
(-1.04876 -0.596689 0)
(-1.03588 -0.637908 0)
(-1.01623 -0.603407 0)
(-0.960341 -0.485614 0)
(-0.814007 -0.345642 0)
(-0.699184 -0.304685 0)
(-0.032316 0.277441 0)
(-0.078184 0.256346 0)
(-0.139721 0.327598 0)
(-0.174626 0.371458 0)
(-0.201506 0.399631 0)
(-0.220583 0.414595 0)
(-0.244136 0.424815 0)
(-0.280564 0.447793 0)
(-0.330129 0.498344 0)
(-0.388628 0.584019 0)
(-0.449866 0.6899 0)
(-0.505736 0.76418 0)
(-0.554855 0.730104 0)
(-0.62316 0.525904 0)
(-0.725072 0.189687 0)
(-0.826659 -0.184872 0)
(-0.958498 -0.454732 0)
(-1.01092 -0.596248 0)
(-1.02852 -0.638833 0)
(-1.03117 -0.610644 0)
(-1.01727 -0.533272 0)
(-0.983008 -0.414282 0)
(-0.990201 -0.285906 0)
(-0.0184269 0.326094 0)
(-0.0720931 0.327337 0)
(-0.118243 0.362983 0)
(-0.142795 0.391436 0)
(-0.160217 0.414802 0)
(-0.174427 0.434113 0)
(-0.192329 0.454764 0)
(-0.216598 0.487946 0)
(-0.244786 0.544382 0)
(-0.270329 0.628752 0)
(-0.285512 0.727463 0)
(-0.288813 0.797102 0)
(-0.289198 0.771297 0)
(-0.319065 0.600476 0)
(-0.413306 0.321879 0)
(-0.573001 0.0337202 0)
(-0.75039 -0.277237 0)
(-0.922453 -0.55487 0)
(-0.979364 -0.619929 0)
(-0.990064 -0.605275 0)
(-0.979443 -0.542064 0)
(-0.947245 -0.462199 0)
(-0.882264 -0.377413 0)
(-0.00859451 0.360889 0)
(-0.0467943 0.374627 0)
(-0.0759529 0.394558 0)
(-0.0925343 0.413088 0)
(-0.104432 0.431197 0)
(-0.114517 0.449838 0)
(-0.125828 0.473203 0)
(-0.13833 0.508157 0)
(-0.148542 0.561249 0)
(-0.149828 0.634297 0)
(-0.135179 0.716222 0)
(-0.104474 0.775728 0)
(-0.0718127 0.766192 0)
(-0.0669492 0.649367 0)
(-0.122306 0.437735 0)
(-0.243467 0.19205 0)
(-0.415232 -0.0622964 0)
(-0.627404 -0.343438 0)
(-0.860801 -0.573187 0)
(-0.908044 -0.587641 0)
(-0.90675 -0.551958 0)
(-0.867 -0.491429 0)
(-0.804136 -0.431997 0)
(-0.00324472 0.380317 0)
(-0.0232102 0.400458 0)
(-0.0379693 0.4123 0)
(-0.0467925 0.424766 0)
(-0.0526023 0.439424 0)
(-0.0567329 0.45698 0)
(-0.0601137 0.48001 0)
(-0.0615926 0.512484 0)
(-0.0576324 0.557998 0)
(-0.042542 0.61669 0)
(-0.0107162 0.680128 0)
(0.038131 0.727063 0)
(0.0922373 0.726749 0)
(0.126743 0.653503 0)
(0.114329 0.506803 0)
(0.0435718 0.314774 0)
(-0.0813394 0.104746 0)
(-0.25296 -0.11318 0)
(-0.461174 -0.353114 0)
(-0.732663 -0.567494 0)
(-0.812814 -0.549708 0)
(-0.789701 -0.519813 0)
(-0.737531 -0.483866 0)
(4.05978e-05 0.387323 0)
(-0.00657879 0.410708 0)
(-0.0105915 0.418672 0)
(-0.0116073 0.427988 0)
(-0.0105093 0.440523 0)
(-0.00764714 0.456642 0)
(-0.00289838 0.477648 0)
(0.00526022 0.50558 0)
(0.0199485 0.54215 0)
(0.0456017 0.586672 0)
(0.0863597 0.633018 0)
(0.142539 0.667373 0)
(0.206199 0.670126 0)
(0.259682 0.624237 0)
(0.281734 0.525845 0)
(0.258654 0.386689 0)
(0.188206 0.224009 0)
(0.0748605 0.053337 0)
(-0.0778326 -0.118394 0)
(-0.266025 -0.307937 0)
(-0.464829 -0.492845 0)
(-0.714142 -0.542518 0)
(-0.662636 -0.51641 0)
(0.00265087 0.386419 0)
(0.00444092 0.411675 0)
(0.00795798 0.417129 0)
(0.0136531 0.424402 0)
(0.0212177 0.435009 0)
(0.0307586 0.449066 0)
(0.0427937 0.467047 0)
(0.0587631 0.489738 0)
(0.0811522 0.517654 0)
(0.113198 0.549739 0)
(0.157758 0.58164 0)
(0.215083 0.604522 0)
(0.280093 0.606234 0)
(0.341363 0.575749 0)
(0.383993 0.508885 0)
(0.395763 0.410179 0)
(0.370937 0.288997 0)
(0.309392 0.155648 0)
(0.212908 0.0179711 0)
(0.0828274 -0.117678 0)
(-0.0698545 -0.244835 0)
(-0.226962 -0.394581 0)
(-0.414502 -0.523526 0)
(0.00462595 0.380583 0)
(0.0116915 0.406178 0)
(0.020476 0.409481 0)
(0.0312923 0.414903 0)
(0.0440577 0.423454 0)
(0.0590482 0.435045 0)
(0.0768514 0.449619 0)
(0.0986125 0.46719 0)
(0.126124 0.487537 0)
(0.161596 0.509476 0)
(0.206885 0.529905 0)
(0.262106 0.543198 0)
(0.324056 0.541889 0)
(0.385565 0.519062 0)
(0.436896 0.471332 0)
(0.46887 0.400193 0)
(0.47555 0.310511 0)
(0.454828 0.208385 0)
(0.407294 0.0997743 0)
(0.334915 -0.00890865 0)
(0.245595 -0.109688 0)
(0.153085 -0.205864 0)
(0.0635739 -0.313863 0)
(0.00601754 0.371041 0)
(0.0165669 0.396004 0)
(0.0290179 0.39734 0)
(0.0434855 0.400879 0)
(0.060014 0.40724 0)
(0.0789229 0.416164 0)
(0.100751 0.427298 0)
(0.126327 0.440215 0)
(0.156833 0.454286 0)
(0.193659 0.468319 0)
(0.237911 0.480062 0)
(0.289563 0.485897 0)
(0.346548 0.481235 0)
(0.40438 0.461774 0)
(0.456854 0.425072 0)
(0.497664 0.371388 0)
(0.522018 0.303174 0)
(0.527383 0.223895 0)
(0.513309 0.137034 0)
(0.48094 0.0460345 0)
(0.43419 -0.0449846 0)
(0.378962 -0.136283 0)
(0.317439 -0.233168 0)
(0.0070089 0.358969 0)
(0.0199266 0.382688 0)
(0.034873 0.382163 0)
(0.0518078 0.383791 0)
(0.0708268 0.3879 0)
(0.0922327 0.394114 0)
(0.116487 0.401945 0)
(0.14417 0.410762 0)
(0.175998 0.419754 0)
(0.212759 0.427782 0)
(0.255014 0.433156 0)
(0.302608 0.433498 0)
(0.354146 0.425953 0)
(0.406769 0.407837 0)
(0.456512 0.377465 0)
(0.499157 0.334643 0)
(0.531157 0.280519 0)
(0.550187 0.217003 0)
(0.555187 0.146125 0)
(0.546131 0.0697707 0)
(0.524151 -0.0101556 0)
(0.490262 -0.0925799 0)
(0.443403 -0.176786 0)
(0.00773216 0.345247 0)
(0.0222457 0.367289 0)
(0.0388299 0.364999 0)
(0.0573234 0.364765 0)
(0.0778188 0.366681 0)
(0.100576 0.370291 0)
(0.125979 0.37507 0)
(0.154431 0.380337 0)
(0.186343 0.385247 0)
(0.222091 0.388756 0)
(0.261872 0.389549 0)
(0.305421 0.386002 0)
(0.351731 0.376293 0)
(0.398918 0.358734 0)
(0.444397 0.332189 0)
(0.485328 0.296352 0)
(0.519138 0.251723 0)
(0.543874 0.199341 0)
(0.558281 0.140455 0)
(0.561648 0.0763583 0)
(0.553683 0.0085209 0)
(0.53381 -0.0612379 0)
(0.500469 -0.129411 0)
(0.00826039 0.330365 0)
(0.0238085 0.3505 0)
(0.0413975 0.346589 0)
(0.0607622 0.344625 0)
(0.0819665 0.344513 0)
(0.105217 0.345743 0)
(0.13083 0.347799 0)
(0.159089 0.350035 0)
(0.190217 0.351662 0)
(0.224345 0.35176 0)
(0.261441 0.349279 0)
(0.30117 0.343052 0)
(0.342748 0.331875 0)
(0.38487 0.314663 0)
(0.425793 0.290662 0)
(0.463566 0.259593 0)
(0.496313 0.221673 0)
(0.522445 0.177496 0)
(0.540735 0.127903 0)
(0.550225 0.0739283 0)
(0.550101 0.016996 0)
(0.539313 -0.0406519 0)
(0.516509 -0.0950713 0)
(0.00863008 0.314695 0)
(0.0247955 0.332838 0)
(0.0429204 0.32749 0)
(0.0626408 0.323984 0)
(0.0839894 0.322075 0)
(0.107121 0.321216 0)
(0.132291 0.320917 0)
(0.159707 0.320604 0)
(0.189485 0.319588 0)
(0.221623 0.317085 0)
(0.255969 0.312248 0)
(0.292155 0.304205 0)
(0.329535 0.292119 0)
(0.367152 0.275269 0)
(0.403777 0.253154 0)
(0.438029 0.225569 0)
(0.468515 0.192626 0)
(0.493966 0.154718 0)
(0.51328 0.112485 0)
(0.525488 0.0668444 0)
(0.529687 0.0192022 0)
(0.52482 -0.0281153 0)
(0.509898 -0.0713142 0)
(0.0088656 0.298559 0)
(0.0253307 0.314707 0)
(0.0436418 0.308132 0)
(0.0633353 0.303304 0)
(0.0844209 0.299856 0)
(0.107009 0.297219 0)
(0.131308 0.294938 0)
(0.157471 0.292517 0)
(0.185556 0.289377 0)
(0.215503 0.284872 0)
(0.247111 0.27832 0)
(0.280016 0.269054 0)
(0.313669 0.256462 0)
(0.347329 0.240045 0)
(0.380087 0.219468 0)
(0.410925 0.194596 0)
(0.438793 0.165521 0)
(0.462677 0.132554 0)
(0.481638 0.0962477 0)
(0.494801 0.0574606 0)
(0.50135 0.0175569 0)
(0.500395 -0.0212414 0)
(0.491293 -0.0555225 0)
(0.00899392 0.282204 0)
(0.0255115 0.296417 0)
(0.0437423 0.288844 0)
(0.063125 0.282924 0)
(0.0836579 0.278201 0)
(0.105418 0.274093 0)
(0.128575 0.270183 0)
(0.153246 0.266048 0)
(0.179461 0.261215 0)
(0.207137 0.255162 0)
(0.236071 0.24735 0)
(0.265927 0.237259 0)
(0.296236 0.22443 0)
(0.326403 0.208506 0)
(0.355725 0.189257 0)
(0.383425 0.166608 0)
(0.40869 0.140659 0)
(0.430712 0.111696 0)
(0.44871 0.0802317 0)
(0.461947 0.0470844 0)
(0.469748 0.013548 0)
(0.471427 -0.0183459 0)
(0.466608 -0.0456426 0)
(0.00904097 0.265821 0)
(0.0254161 0.278214 0)
(0.0433579 0.269878 0)
(0.0622181 0.263098 0)
(0.0819944 0.257351 0)
(0.102741 0.25206 0)
(0.124598 0.246841 0)
(0.147657 0.241339 0)
(0.171933 0.235172 0)
(0.197345 0.227927 0)
(0.223706 0.219183 0)
(0.250723 0.208538 0)
(0.278 0.195643 0)
(0.305048 0.180236 0)
(0.33131 0.162161 0)
(0.356173 0.141388 0)
(0.378994 0.118031 0)
(0.399126 0.0923707 0)
(0.415933 0.0648978 0)
(0.428816 0.0363902 0)
(0.437244 0.00804922 0)
(0.440719 -0.0183138 0)
(0.439047 -0.0401928 0)
(0.00902294 0.249558 0)
(0.0250997 0.26029 0)
(0.042587 0.251427 0)
(0.0607665 0.244006 0)
(0.0796452 0.237471 0)
(0.0992637 0.231254 0)
(0.119738 0.225009 0)
(0.141143 0.218439 0)
(0.163487 0.211239 0)
(0.186696 0.203089 0)
(0.210612 0.193662 0)
(0.234987 0.182651 0)
(0.259492 0.169794 0)
(0.283728 0.154898 0)
(0.307241 0.137862 0)
(0.32954 0.118688 0)
(0.350112 0.0975047 0)
(0.368435 0.0745921 0)
(0.383996 0.0504209 0)
(0.396319 0.0257236 0)
(0.405005 0.00159826 0)
(0.409704 -0.0203648 0)
(0.410348 -0.038061 0)
(0.00894264 0.233541 0)
(0.0245929 0.242797 0)
(0.0414938 0.233634 0)
(0.0588766 0.225779 0)
(0.076764 0.218665 0)
(0.0951887 0.21175 0)
(0.11425 0.204723 0)
(0.134011 0.19734 0)
(0.154474 0.18936 0)
(0.175578 0.180536 0)
(0.197193 0.170621 0)
(0.219116 0.159384 0)
(0.241078 0.146629 0)
(0.262754 0.132221 0)
(0.283777 0.116098 0)
(0.30375 0.0982901 0)
(0.322259 0.0789367 0)
(0.338883 0.0583146 0)
(0.353214 0.0368743 0)
(0.36488 0.0152984 0)
(0.373587 -0.00542069 0)
(0.379102 -0.0239011 0)
(0.381438 -0.0383814 0)
(0.00879229 0.217888 0)
(0.0239053 0.225857 0)
(0.0401157 0.216606 0)
(0.0566196 0.208502 0)
(0.0734578 0.200993 0)
(0.0906599 0.193574 0)
(0.108313 0.185974 0)
(0.126469 0.177992 0)
(0.145131 0.169441 0)
(0.164249 0.160135 0)
(0.183716 0.149889 0)
(0.20337 0.138531 0)
(0.222996 0.125923 0)
(0.242334 0.111972 0)
(0.261087 0.0966495 0)
(0.278934 0.0800062 0)
(0.295544 0.0621913 0)
(0.310581 0.0434764 0)
(0.32372 0.0242893 0)
(0.334675 0.00526125 0)
(0.343236 -0.0127187 0)
(0.349255 -0.0284551 0)
(0.352796 -0.0404762 0)
(0.00856109 0.202722 0)
(0.0230365 0.209573 0)
(0.0384739 0.200421 0)
(0.054044 0.192227 0)
(0.0698031 0.18448 0)
(0.08578 0.176723 0)
(0.102053 0.168724 0)
(0.118665 0.160323 0)
(0.13562 0.151376 0)
(0.152876 0.141745 0)
(0.170349 0.131294 0)
(0.187913 0.1199 0)
(0.205396 0.107468 0)
(0.222593 0.0939415 0)
(0.239268 0.0793178 0)
(0.255165 0.0636657 0)
(0.270021 0.0471406 0)
(0.283568 0.0300078 0)
(0.295553 0.0126715 0)
(0.30576 -0.00428743 0)
(0.314043 -0.0200778 0)
(0.320313 -0.0336633 0)
(0.324665 -0.0438134 0)
(0.00824311 0.188169 0)
(0.0219883 0.194036 0)
(0.0365867 0.185135 0)
(0.0511884 0.176983 0)
(0.065859 0.169127 0)
(0.0806269 0.161171 0)
(0.0955618 0.15292 0)
(0.110702 0.144249 0)
(0.126048 0.13505 0)
(0.141569 0.125223 0)
(0.157201 0.11467 0)
(0.172842 0.103307 0)
(0.188362 0.0910729 0)
(0.2036 0.0779388 0)
(0.21837 0.0639253 0)
(0.232472 0.0491145 0)
(0.2457 0.0336663 0)
(0.257844 0.017839 0)
(0.268711 0.00201389 0)
(0.278139 -0.013277 0)
(0.286031 -0.0273271 0)
(0.292341 -0.0392366 0)
(0.297176 -0.0479694 0)
(0.00784161 0.17435 0)
(0.0207731 0.179329 0)
(0.0344795 0.170789 0)
(0.0480924 0.162782 0)
(0.0616792 0.154924 0)
(0.0752655 0.146881 0)
(0.0889133 0.138498 0)
(0.102655 0.12968 0)
(0.116493 0.120348 0)
(0.130403 0.11043 0)
(0.144336 0.0998593 0)
(0.158215 0.0885813 0)
(0.171939 0.0765601 0)
(0.185384 0.0637909 0)
(0.198409 0.0503112 0)
(0.210858 0.0362141 0)
(0.222572 0.0216624 0)
(0.233391 0.00690709 0)
(0.243169 -0.00769225 0)
(0.251792 -0.0216489 0)
(0.259199 -0.0343263 0)
(0.265371 -0.044938 0)
(0.270418 -0.052602 0)
(0.00736903 0.161373 0)
(0.0194171 0.165527 0)
(0.032189 0.157414 0)
(0.044802 0.149625 0)
(0.0573171 0.141847 0)
(0.0697547 0.133811 0)
(0.0821683 0.125394 0)
(0.0945864 0.116528 0)
(0.107012 0.107158 0)
(0.119428 0.0972349 0)
(0.131798 0.0867144 0)
(0.144063 0.0755635 0)
(0.156147 0.0637675 0)
(0.167956 0.0513392 0)
(0.179383 0.0383298 0)
(0.190309 0.0248402 0)
(0.200615 0.0110348 0)
(0.210181 -0.00284293 0)
(0.218902 -0.016455 0)
(0.2267 -0.0293509 0)
(0.233542 -0.040955 0)
(0.23943 -0.0505707 0)
(0.244471 -0.0574351 0)
(0.00684433 0.149323 0)
(0.0179566 0.15269 0)
(0.0297613 0.145031 0)
(0.0413688 0.137508 0)
(0.0528273 0.129873 0)
(0.0641492 0.121915 0)
(0.0753807 0.113542 0)
(0.0865469 0.104709 0)
(0.0976519 0.0953768 0)
(0.108684 0.0855152 0)
(0.119616 0.0750972 0)
(0.130405 0.0641065 0)
(0.140995 0.0525444 0)
(0.151314 0.0404374 0)
(0.161281 0.0278467 0)
(0.170808 0.0148785 0)
(0.179806 0.00169707 0)
(0.18819 -0.0114623 0)
(0.195886 -0.0242811 0)
(0.202848 -0.0363399 0)
(0.209064 -0.0471122 0)
(0.21455 -0.0559726 0)
(0.219411 -0.0622486 0)
(0.00628894 0.138255 0)
(0.0164317 0.140862 0)
(0.0272461 0.133655 0)
(0.0378454 0.126424 0)
(0.0482619 0.118977 0)
(0.0584997 0.111151 0)
(0.0685984 0.102883 0)
(0.0785801 0.0941418 0)
(0.0884499 0.0849059 0)
(0.0982006 0.0751562 0)
(0.107813 0.0648795 0)
(0.117256 0.054073 0)
(0.126487 0.0427503 0)
(0.135452 0.0309484 0)
(0.144091 0.0187355 0)
(0.152336 0.00622082 0)
(0.160124 -0.00643351 0)
(0.167396 -0.0190023 0)
(0.174106 -0.0311832 0)
(0.18023 -0.0425838 0)
(0.185775 -0.0527174 0)
(0.190771 -0.0610148 0)
(0.195318 -0.0668714 0)
(0.00572196 0.128194 0)
(0.0148782 0.130073 0)
(0.0246883 0.123297 0)
(0.0342786 0.116368 0)
(0.0436668 0.109136 0)
(0.0528504 0.10148 0)
(0.0618628 0.0933586 0)
(0.0707236 0.0847539 0)
(0.0794385 0.0756542 0)
(0.0880039 0.0660509 0)
(0.0964071 0.0559415 0)
(0.104626 0.0453341 0)
(0.112627 0.0342525 0)
(0.120368 0.022742 0)
(0.127802 0.0108754 0)
(0.134878 -0.00123768 0)
(0.141551 -0.0134401 0)
(0.147783 -0.025517 0)
(0.153551 -0.0371814 0)
(0.158847 -0.0480644 0)
(0.163695 -0.0577122 0)
(0.168136 -0.0655999 0)
(0.172272 -0.0711753 0)
(0.00515571 0.119143 0)
(0.0133215 0.120336 0)
(0.0221215 0.113964 0)
(0.0307045 0.107334 0)
(0.0390792 0.10033 0)
(0.0472383 0.0928658 0)
(0.0552098 0.0849169 0)
(0.0630103 0.0764751 0)
(0.0706461 0.067536 0)
(0.0781166 0.0580991 0)
(0.0854143 0.0481705 0)
(0.0925226 0.037768 0)
(0.0994154 0.0269249 0)
(0.106057 0.0156938 0)
(0.112405 0.00415001 0)
(0.118421 -0.00759946 0)
(0.124073 -0.0194058 0)
(0.129339 -0.0310651 0)
(0.134213 -0.0423054 0)
(0.138703 -0.0527787 0)
(0.142845 -0.0620599 0)
(0.146691 -0.0696604 0)
(0.150347 -0.0750695 0)
(0.00459302 0.111094 0)
(0.011773 0.111655 0)
(0.0195651 0.105655 0)
(0.0271483 0.0993109 0)
(0.034529 0.092535 0)
(0.0416966 0.0852705 0)
(0.0486731 0.0775054 0)
(0.0554723 0.0692382 0)
(0.062101 0.06047 0)
(0.0685613 0.051206 0)
(0.07485 0.04146 0)
(0.0809556 0.0312593 0)
(0.0868551 0.0206474 0)
(0.0925136 0.00968467 0)
(0.0978901 -0.00155259 0)
(0.10295 -0.0129647 0)
(0.107671 -0.0244142 0)
(0.112046 -0.0357095 0)
(0.11608 -0.0465939 0)
(0.119796 -0.056739 0)
(0.123239 -0.0657453 0)
(0.126472 -0.0731557 0)
(0.129608 -0.0784948 0)
(0.00402761 0.104037 0)
(0.0102325 0.104024 0)
(0.017029 0.0983631 0)
(0.0236305 0.092282 0)
(0.030046 0.0857225 0)
(0.0362611 0.0786529 0)
(0.0422913 0.0710708 0)
(0.0481475 0.0629785 0)
(0.0538367 0.0543798 0)
(0.0593643 0.0452839 0)
(0.064732 0.0357115 0)
(0.0699329 0.0257 0)
(0.0749462 0.0153062 0)
(0.0797321 0.00460148 0)
(0.0842425 -0.0063387 0)
(0.0884421 -0.0174289 0)
(0.0923179 -0.028547 0)
(0.0958735 -0.039516 0)
(0.0991264 -0.0500941 0)
(0.102109 -0.0599716 0)
(0.104876 -0.0687725 0)
(0.1075 -0.0760691 0)
(0.110097 -0.0814181 0)
(0.00344745 0.0979687 0)
(0.00869587 0.0974331 0)
(0.0145241 0.0920677 0)
(0.0201785 0.086217 0)
(0.0256712 0.0798533 0)
(0.0309817 0.0729658 0)
(0.0361184 0.0655583 0)
(0.0410888 0.0576336 0)
(0.0459007 0.0491954 0)
(0.0505633 0.0402544 0)
(0.0550849 0.0308367 0)
(0.059466 0.0209919 0)
(0.0636886 0.0107958 0)
(0.0677024 0.000339409 0)
(0.0714412 -0.0103055 0)
(0.074865 -0.0210791 0)
(0.0779708 -0.0318813 0)
(0.0807757 -0.0425507 0)
(0.0833077 -0.0528595 0)
(0.0856073 -0.0625147 0)
(0.087734 -0.0711629 0)
(0.0897663 -0.0784041 0)
(0.0918269 -0.0838268 0)
(0.00283999 0.0928905 0)
(0.00716781 0.0918567 0)
(0.012078 0.0867292 0)
(0.0168415 0.0810678 0)
(0.0214701 0.0748747 0)
(0.0259345 0.0681544 0)
(0.0302351 0.0609114 0)
(0.0343761 0.0531454 0)
(0.0383658 0.0448562 0)
(0.042218 0.0360527 0)
(0.0459499 0.026764 0)
(0.0495753 0.0170527 0)
(0.053085 0.00702386 0)
(0.0564115 -0.00319314 0)
(0.0594544 -0.0135342 0)
(0.0621657 -0.023988 0)
(0.0645618 -0.0344849 0)
(0.0666772 -0.0448773 0)
(0.0685496 -0.0549479 0)
(0.0702233 -0.0644171 0)
(0.0717585 -0.0729519 0)
(0.0732347 -0.0801803 0)
(0.0747744 -0.085723 0)
(0.0021992 0.0888053 0)
(0.00567903 0.0872476 0)
(0.00975119 0.0822809 0)
(0.0137047 0.076765 0)
(0.0175452 0.070721 0)
(0.0212332 0.0641568 0)
(0.0247615 0.0570724 0)
(0.0281304 0.0494605 0)
(0.0313472 0.0413133 0)
(0.0344283 0.0326327 0)
(0.0374011 0.0234446 0)
(0.0403016 0.0138222 0)
(0.0431461 0.0039141 0)
(0.0458422 -0.00606948 0)
(0.0482326 -0.0160803 0)
(0.050262 -0.0262049 0)
(0.0519876 -0.036411 0)
(0.0534676 -0.046555 0)
(0.0547444 -0.0564204 0)
(0.0558588 -0.0657361 0)
(0.0568644 -0.0741877 0)
(0.0578349 -0.0814307 0)
(0.0588854 -0.0871198 0)
(0.00153793 0.0856871 0)
(0.00430556 0.0835239 0)
(0.0076526 0.078632 0)
(0.0108999 0.0732269 0)
(0.0140438 0.0673203 0)
(0.0170376 0.0609097 0)
(0.0198679 0.0539854 0)
(0.0225292 0.0465318 0)
(0.0250221 0.0385311 0)
(0.0273583 0.0299713 0)
(0.0295704 0.020862 0)
(0.0317256 0.0112727 0)
(0.0339004 0.00140992 0)
(0.0359678 -0.00834175 0)
(0.0376942 -0.0179615 0)
(0.0390235 -0.0277482 0)
(0.040096 -0.037698 0)
(0.0409932 -0.0476412 0)
(0.0417477 -0.0573451 0)
(0.0423838 -0.0665415 0)
(0.0429392 -0.0749334 0)
(0.043473 -0.0822042 0)
(0.0440841 -0.0880429 0)
(0.000925764 0.0834548 0)
(0.00319962 0.0805583 0)
(0.00595642 0.0756637 0)
(0.00861201 0.0703517 0)
(0.0111605 0.0645811 0)
(0.013556 0.0583274 0)
(0.0157804 0.0515728 0)
(0.0178169 0.0442966 0)
(0.019649 0.0364721 0)
(0.021266 0.0280682 0)
(0.0226846 0.0190594 0)
(0.0240021 0.00946971 0)
(0.0254108 -0.000461007 0)
(0.0267142 -0.00998853 0)
(0.0276841 -0.0191297 0)
(0.0282378 -0.0286134 0)
(0.0286682 -0.0383937 0)
(0.0290535 -0.0482183 0)
(0.0293825 -0.0578213 0)
(0.0296448 -0.0669363 0)
(0.0298529 -0.0752858 0)
(0.0300445 -0.0825817 0)
(0.0302932 -0.0885457 0)
(0.000554313 0.0818278 0)
(0.00257496 0.0780612 0)
(0.00486384 0.0731145 0)
(0.00703353 0.0678942 0)
(0.00909837 0.0622622 0)
(0.0110187 0.0561758 0)
(0.0127666 0.0496195 0)
(0.0143057 0.042578 0)
(0.0155882 0.0350265 0)
(0.0165558 0.0269243 0)
(0.017161 0.0182079 0)
(0.0174804 0.00879529 0)
(0.0178557 -0.00125782 0)
(0.017765 -0.0106225 0)
(0.0178125 -0.0193798 0)
(0.0175339 -0.0288041 0)
(0.0174053 -0.038609 0)
(0.017412 -0.0484369 0)
(0.0174553 -0.0580089 0)
(0.0174807 -0.0670772 0)
(0.0174751 -0.075392 0)
(0.0174541 -0.0826946 0)
(0.0174618 -0.0887356 0)
(0.00026028 0.0799728 0)
(0.0023369 0.075281 0)
(0.0043026 0.0704486 0)
(0.00616888 0.0654169 0)
(0.00795157 0.0599775 0)
(0.00960998 0.0541065 0)
(0.011101 0.0478118 0)
(0.0123679 0.0411002 0)
(0.013333 0.0339703 0)
(0.0138822 0.0264067 0)
(0.0138558 0.0183764 0)
(0.0131397 0.00976722 0)
(0.0120197 -1.73541e-05 0)
(0.00774276 -0.00896835 0)
(0.00695771 -0.0179946 0)
(0.0062641 -0.0280446 0)
(0.00595605 -0.0382272 0)
(0.00584315 -0.0482235 0)
(0.00579212 -0.0578479 0)
(0.00574677 -0.0669181 0)
(0.00568915 -0.0752249 0)
(0.00561985 -0.0825362 0)
(0.00555201 -0.0886222 0)
(0.0684784 -0.031031 0)
(0.0581704 -0.0479358 0)
(-0.0242314 0.0807197 0)
(-0.256394 0.413358 0)
(-0.240924 0.0562681 0)
(-0.299701 0.213973 0)
(-0.386526 0.412952 0)
(-0.462776 0.586478 0)
(-0.493211 0.173322 0)
(-0.512656 0.330587 0)
(-0.514663 0.458025 0)
(-0.481003 0.507526 0)
(-0.515961 0.140028 0)
(-0.48667 0.252315 0)
(-0.435528 0.327837 0)
(-0.367896 0.345073 0)
(-0.43874 0.0778999 0)
(-0.391805 0.1414 0)
(-0.331885 0.186128 0)
(-0.268847 0.201717 0)
(-0.461719 -0.0297671 0)
(-0.401293 0.034418 0)
(-0.342598 0.0839784 0)
(-0.288242 0.115323 0)
(-0.609677 -0.187017 0)
(-0.556181 -0.0919885 0)
(-0.503986 -0.0119776 0)
(-0.471627 0.0525125 0)
(-0.979638 -0.279691 0)
(-0.952666 -0.236104 0)
(-0.909209 -0.14861 0)
(-0.859677 -0.0361858 0)
(-0.819583 -0.322532 0)
(-0.790232 -0.273263 0)
(-0.753184 -0.226615 0)
(-0.708475 -0.195959 0)
(-0.753885 -0.3932 0)
(-0.71331 -0.361389 0)
(-0.668461 -0.331591 0)
(-0.618401 -0.313522 0)
(-0.688481 -0.464939 0)
(-0.651925 -0.435597 0)
(-0.613123 -0.40453 0)
(-0.5714 -0.389621 0)
(-0.644206 -0.524208 0)
(-0.629597 -0.516043 0)
(-0.591996 -0.47549 0)
(-0.520681 -0.449411 0)
(-0.57073 -0.547643 0)
(-0.550307 -0.569172 0)
(-0.509702 -0.628034 0)
(-0.492585 -0.603296 0)
(-0.00922649 -0.446597 0)
(-0.0602123 -0.535068 0)
(-0.116801 -0.593466 0)
(-0.166718 -0.625005 0)
(0.257647 -0.316252 0)
(0.208312 -0.370271 0)
(0.151314 -0.418421 0)
(0.0939834 -0.456131 0)
(0.395489 -0.239313 0)
(0.357777 -0.279557 0)
(0.315003 -0.319438 0)
(0.269114 -0.356491 0)
(0.464953 -0.175366 0)
(0.437086 -0.204817 0)
(0.405249 -0.235939 0)
(0.369902 -0.268413 0)
(0.49111 -0.129531 0)
(0.471135 -0.151433 0)
(0.448138 -0.17528 0)
(0.42199 -0.201508 0)
(0.492272 -0.0971967 0)
(0.478308 -0.113461 0)
(0.462068 -0.131528 0)
(0.443252 -0.152057 0)
(0.479519 -0.0750266 0)
(0.470046 -0.087132 0)
(0.458874 -0.100793 0)
(0.44569 -0.116669 0)
(0.459229 -0.0604051 0)
(0.453103 -0.0694596 0)
(0.445712 -0.079807 0)
(0.43678 -0.0920355 0)
(0.434969 -0.0514735 0)
(0.431343 -0.0582895 0)
(0.426775 -0.0661493 0)
(0.42103 -0.0755554 0)
(0.408736 -0.0468186 0)
(0.406968 -0.0519846 0)
(0.404498 -0.0579723 0)
(0.401122 -0.0651996 0)
(0.381642 -0.0453129 0)
(0.381234 -0.0492616 0)
(0.380301 -0.0538374 0)
(0.378666 -0.0593792 0)
(0.354303 -0.046063 0)
(0.354865 -0.0491168 0)
(0.355034 -0.0526248 0)
(0.354654 -0.0568567 0)
(0.327064 -0.0483825 0)
(0.328295 -0.0507793 0)
(0.32923 -0.0534752 0)
(0.329734 -0.0566818 0)
(0.300143 -0.0517519 0)
(0.301812 -0.0536648 0)
(0.303255 -0.0557378 0)
(0.304361 -0.0581363 0)
(0.273699 -0.0557764 0)
(0.275627 -0.0573309 0)
(0.277385 -0.058923 0)
(0.278879 -0.0606817 0)
(0.247866 -0.0601508 0)
(0.249919 -0.0614403 0)
(0.251843 -0.0626618 0)
(0.253563 -0.063915 0)
(0.222769 -0.0646361 0)
(0.224843 -0.0657343 0)
(0.226821 -0.0666754 0)
(0.228646 -0.0675351 0)
(0.198524 -0.0690459 0)
(0.20054 -0.0700153 0)
(0.20249 -0.0707545 0)
(0.204331 -0.0713182 0)
(0.175243 -0.0732381 0)
(0.177142 -0.0741356 0)
(0.179003 -0.0747444 0)
(0.180795 -0.0751008 0)
(0.153027 -0.077109 0)
(0.154766 -0.0779881 0)
(0.156496 -0.078534 0)
(0.158193 -0.0787661 0)
(0.131959 -0.0805878 0)
(0.133512 -0.0814993 0)
(0.135083 -0.0820465 0)
(0.136653 -0.0822328 0)
(0.112099 -0.0836301 0)
(0.11345 -0.0846215 0)
(0.114841 -0.0852297 0)
(0.116263 -0.0854438 0)
(0.093472 -0.0862113 0)
(0.094609 -0.0873239 0)
(0.0958074 -0.0880464 0)
(0.0970625 -0.0883549 0)
(0.0760626 -0.0883185 0)
(0.0769799 -0.0895845 0)
(0.0779732 -0.0904643 0)
(0.0790426 -0.0909232 0)
(0.0598231 -0.0899462 0)
(0.0605165 -0.0913842 0)
(0.0612928 -0.092449 0)
(0.0621557 -0.0930984 0)
(0.0446878 -0.0910964 0)
(0.0451588 -0.0927072 0)
(0.0457095 -0.0939643 0)
(0.0463457 -0.0948212 0)
(0.0305986 -0.091791 0)
(0.0308611 -0.0935525 0)
(0.031189 -0.0949835 0)
(0.0315882 -0.0960358 0)
(0.0175375 -0.0921102 0)
(0.0176255 -0.0939769 0)
(0.0177554 -0.0955326 0)
(0.0179333 -0.09673 0)
(0.00552266 -0.0920728 0)
(0.0055158 -0.0940005 0)
(0.00552299 -0.095632 0)
(0.00554635 -0.0969241 0)
(-0.331454 0.651813 0)
(-0.301802 0.443435 0)
(-0.258451 0.355316 0)
(-0.197058 0.221824 0)
(-0.106314 -0.0882027 0)
(-0.0618994 -0.24531 0)
(-0.0566316 -0.270638 0)
(-0.0361755 -0.220268 0)
(0.021855 -0.080018 0)
(0.173314 -0.204104 0)
(0.223135 -0.422322 0)
(0.287699 -0.450446 0)
(0.361411 -0.338316 0)
(0.426036 -0.121923 0)
(0.484983 0.158792 0)
(0.429911 0.229267 0)
(0.352155 0.0699383 0)
(0.326999 0.0657021 0)
(0.28296 0.182263 0)
(-0.410185 0.584859 0)
(-0.304865 0.391116 0)
(-0.224342 0.301835 0)
(-0.0812409 0.0996008 0)
(-0.00299059 -0.130287 0)
(-0.0170721 -0.23953 0)
(-0.052105 -0.260389 0)
(-0.0686416 -0.232458 0)
(-0.0280353 -0.191553 0)
(0.104214 -0.332921 0)
(0.194324 -0.481802 0)
(0.241215 -0.510977 0)
(0.288217 -0.402863 0)
(0.313843 -0.144654 0)
(0.299127 0.235046 0)
(0.220593 0.238805 0)
(0.184548 0.0883021 0)
(0.141738 0.112735 0)
(0.190737 0.358309 0)
(-0.377776 0.440377 0)
(-0.235376 0.262891 0)
(-0.114154 0.154214 0)
(-0.0045782 0.00415304 0)
(0.0195909 -0.121527 0)
(-0.0301239 -0.204102 0)
(-0.0673688 -0.236822 0)
(-0.0707641 -0.235939 0)
(-0.027511 -0.271364 0)
(0.0545359 -0.41094 0)
(0.127619 -0.527159 0)
(0.155469 -0.548868 0)
(0.174374 -0.433978 0)
(0.191497 -0.0998202 0)
(0.113592 0.299821 0)
(0.0322666 0.25558 0)
(-0.0475634 0.120242 0)
(-0.131491 0.187858 0)
(0.0339913 0.460376 0)
(-0.254594 0.292302 0)
(-0.124744 0.172389 0)
(-0.0670815 0.0880826 0)
(-0.0396741 -0.00166635 0)
(-0.0485915 -0.0903172 0)
(-0.0790082 -0.195273 0)
(-0.0781858 -0.233006 0)
(-0.0555335 -0.254417 0)
(-0.0063447 -0.320681 0)
(0.0557772 -0.463737 0)
(0.0900423 -0.555726 0)
(0.0612735 -0.556912 0)
(0.0333182 -0.426593 0)
(0.0311924 -0.0690165 0)
(-0.044584 0.377649 0)
(-0.112808 0.311234 0)
(-0.339343 0.188071 0)
(-0.381782 0.240871 0)
(-0.107188 0.276584 0)
(-0.181942 0.18643 0)
(-0.130694 0.140429 0)
(-0.166769 0.103438 0)
(-0.216543 -0.00931649 0)
(-0.18192 -0.132779 0)
(-0.136547 -0.202785 0)
(-0.0913829 -0.24811 0)
(-0.036811 -0.282451 0)
(0.049355 -0.357738 0)
(0.108744 -0.49472 0)
(0.105265 -0.540058 0)
(-0.0669232 -0.526526 0)
(-0.135007 -0.402281 0)
(-0.121906 -0.00726984 0)
(-0.142159 0.41798 0)
(-0.173525 0.428228 0)
(-0.455824 0.366245 0)
(-0.552566 -0.00774507 0)
(-0.156874 -0.151493 0)
(-0.238272 0.148033 0)
(-0.277016 0.180202 0)
(-0.349011 0.11664 0)
(-0.309664 -0.0593239 0)
(-0.234719 -0.171883 0)
(-0.161222 -0.24343 0)
(-0.0935555 -0.294747 0)
(0.0183387 -0.362183 0)
(0.190249 -0.433526 0)
(0.232499 -0.496865 0)
(0.118 -0.406047 0)
(-0.149474 -0.395318 0)
(-0.284638 -0.376568 0)
(-0.228997 0.0316104 0)
(-0.226143 0.417923 0)
(-0.28997 0.589762 0)
(-0.595412 0.756525 0)
(-0.63453 0.0362854 0)
(-0.202609 -0.417876 0)
(-0.490909 0.143091 0)
(-0.495572 0.237399 0)
(-0.349325 0.0586964 0)
(-0.274698 -0.098849 0)
(-0.207499 -0.217393 0)
(-0.122313 -0.314418 0)
(-0.0144799 -0.395201 0)
(0.147287 -0.54744 0)
(0.247289 -0.603874 0)
(0.307015 -0.453211 0)
(0.215048 -0.147001 0)
(0.0124477 -0.191464 0)
(-0.32586 -0.289496 0)
(-0.310252 0.0456522 0)
(-0.330484 0.44826 0)
(-0.49616 0.764928 0)
(-0.732498 0.687936 0)
(-0.479514 -0.464272 0)
(-0.244912 -0.827548 0)
(-0.710496 0.100797 0)
(-0.409696 0.105795 0)
(-0.286606 -0.0313109 0)
(-0.178084 -0.166829 0)
(-0.0912517 -0.296193 0)
(0.00825201 -0.429653 0)
(0.107879 -0.552133 0)
(0.174725 -0.622074 0)
(0.197631 -0.603755 0)
(0.172714 -0.417038 0)
(0.042753 -0.0451102 0)
(-0.192204 -0.0357219 0)
(-0.262985 -0.10895 0)
(-0.321746 0.0672819 0)
(-0.371214 0.495732 0)
(-0.473769 0.916144 0)
(-0.561133 0.508242 0)
(-0.303949 -0.684317 0)
(-0.255709 -1.14553 0)
(-0.596367 -0.172661 0)
(-0.374748 -0.147313 0)
(-0.233726 -0.173226 0)
(-0.117696 -0.286631 0)
(-0.0311748 -0.428854 0)
(0.0407199 -0.516194 0)
(0.0910115 -0.585857 0)
(0.119368 -0.628367 0)
(0.108802 -0.579558 0)
(-0.00709721 -0.305847 0)
(-0.285962 0.166217 0)
(-0.283994 -0.0623189 0)
(-0.231638 -0.0787425 0)
(-0.253352 0.0731957 0)
(-0.220616 0.462773 0)
(-0.142995 1.12067 0)
(-0.134594 0.722508 0)
(0.00515922 -0.568677 0)
(-0.18879 -1.37646 0)
(-0.523286 -0.304126 0)
(-0.389043 -0.303196 0)
(-0.260446 -0.318776 0)
(-0.139948 -0.388794 0)
(-0.0600201 -0.473286 0)
(-0.00506686 -0.541995 0)
(0.037063 -0.60034 0)
(0.0524025 -0.622458 0)
(-0.0179203 -0.526236 0)
(-0.34159 -0.0151493 0)
(-0.395342 0.136853 0)
(-0.286404 -0.115025 0)
(-0.238805 -0.0936825 0)
(-0.23261 0.081202 0)
(-0.159696 0.386348 0)
(-0.048622 0.834479 0)
(0.209341 0.703363 0)
(0.17824 -0.44113 0)
(-0.0427291 -1.26693 0)
(-0.495672 -0.388845 0)
(-0.385067 -0.394666 0)
(-0.275285 -0.408852 0)
(-0.176303 -0.452986 0)
(-0.0975138 -0.511072 0)
(-0.0411202 -0.565317 0)
(-0.00516458 -0.6108 0)
(-0.0322171 -0.599524 0)
(-0.290532 -0.297377 0)
(-0.504122 0.212835 0)
(-0.376287 -0.0215889 0)
(-0.323513 -0.16026 0)
(-0.304458 -0.121003 0)
(-0.283389 0.0627155 0)
(-0.242248 0.337841 0)
(-0.181754 0.627635 0)
(0.0214929 0.562504 0)
(0.145076 -0.473356 0)
(0.0833044 -1.24515 0)
(-0.459703 -0.451164 0)
(-0.377456 -0.456639 0)
(-0.286324 -0.46614 0)
(-0.19548 -0.503105 0)
(-0.116932 -0.555518 0)
(-0.0475077 -0.595671 0)
(-0.0791854 -0.60771 0)
(-0.288901 -0.397204 0)
(-0.464192 -0.047734 0)
(-0.494907 0.192009 0)
(-0.407517 -0.0116742 0)
(-0.397974 -0.196458 0)
(-0.422714 -0.120467 0)
(-0.400744 0.0769281 0)
(-0.369939 0.327844 0)
(-0.303415 0.553842 0)
(-0.145686 0.385377 0)
(0.129821 -0.502272 0)
(0.0759781 -1.17792 0)
(-0.44641 -0.516142 0)
(-0.370928 -0.50549 0)
(-0.287717 -0.527451 0)
(-0.217367 -0.579453 0)
(-0.237695 -0.651385 0)
(-0.288877 -0.624248 0)
(-0.372121 -0.475122 0)
(-0.477166 -0.253512 0)
(-0.508537 -0.0472304 0)
(-0.464247 0.0716931 0)
(-0.422865 0.000883004 0)
(-0.463172 -0.189288 0)
(-0.57067 -0.146235 0)
(-0.567572 0.0427692 0)
(-0.529289 0.276735 0)
(-0.440431 0.447029 0)
(-0.169208 0.0960431 0)
(0.0777336 -0.58095 0)
(0.0489996 -1.11854 0)
(-0.214665 -0.655509 0)
(-0.23559 -0.67617 0)
(-0.246167 -0.672938 0)
(-0.258398 -0.640376 0)
(-0.293717 -0.59013 0)
(-0.357209 -0.517297 0)
(-0.434286 -0.395094 0)
(-0.493375 -0.23014 0)
(-0.506697 -0.0732874 0)
(-0.471645 0.0258262 0)
(-0.456243 0.00359918 0)
(-0.540047 -0.060332 0)
(-0.662384 -0.104548 0)
(-0.744544 0.00574864 0)
(-0.681584 0.187149 0)
(-0.46268 0.186196 0)
(-0.168002 -0.15546 0)
(0.0187568 -0.656705 0)
(0.021246 -1.09292 0)
(0.0129467 -0.502503 0)
(-0.0632304 -0.541739 0)
(-0.127309 -0.558623 0)
(-0.187337 -0.549973 0)
(-0.250716 -0.516973 0)
(-0.320058 -0.450035 0)
(-0.385683 -0.343353 0)
(-0.433314 -0.209265 0)
(-0.451521 -0.0768994 0)
(-0.441413 0.0169914 0)
(-0.449335 0.0430189 0)
(-0.512269 0.0303004 0)
(-0.603439 0.0210116 0)
(-0.646936 0.0267997 0)
(-0.562354 0.0390777 0)
(-0.363673 -0.056762 0)
(-0.152786 -0.344794 0)
(-0.0250371 -0.725086 0)
(-0.00563487 -1.0933 0)
(0.191662 -0.409515 0)
(0.0941939 -0.45997 0)
(0.00554175 -0.485169 0)
(-0.0767425 -0.483044 0)
(-0.154221 -0.452532 0)
(-0.226687 -0.389967 0)
(-0.287933 -0.295219 0)
(-0.329701 -0.179796 0)
(-0.349297 -0.0662836 0)
(-0.354989 0.0229425 0)
(-0.367346 0.0692109 0)
(-0.402195 0.0731273 0)
(-0.444861 0.0521876 0)
(-0.45057 0.0178264 0)
(-0.382364 -0.0496093 0)
(-0.256634 -0.203703 0)
(-0.134799 -0.460846 0)
(-0.0614417 -0.780376 0)
(-0.0320382 -1.11932 0)
(0.305904 -0.321052 0)
(0.213689 -0.375477 0)
(0.122761 -0.405383 0)
(0.0359538 -0.408452 0)
(-0.0445416 -0.383537 0)
(-0.116456 -0.329926 0)
(-0.175079 -0.249735 0)
(-0.215379 -0.152256 0)
(-0.236507 -0.0533207 0)
(-0.244046 0.0299411 0)
(-0.24945 0.0812432 0)
(-0.260788 0.0906253 0)
(-0.272409 0.0597161 0)
(-0.264535 -0.00605296 0)
(-0.22451 -0.113678 0)
(-0.165747 -0.280038 0)
(-0.120457 -0.512749 0)
(-0.100199 -0.818019 0)
(-0.0495186 -1.17143 0)
(0.372651 -0.246677 0)
(0.295555 -0.297202 0)
(0.214268 -0.327539 0)
(0.133675 -0.334257 0)
(0.0578764 -0.315747 0)
(-0.00955995 -0.272131 0)
(-0.0644652 -0.206115 0)
(-0.103037 -0.124949 0)
(-0.124293 -0.0404919 0)
(-0.130841 0.0330646 0)
(-0.129796 0.0818045 0)
(-0.127415 0.0920236 0)
(-0.125127 0.0577753 0)
(-0.118343 -0.0191372 0)
(-0.105562 -0.137129 0)
(-0.096848 -0.298283 0)
(-0.10793 -0.512732 0)
(-0.132185 -0.84223 0)
(-0.0381311 -1.25909 0)
(0.406798 -0.188701 0)
(0.346593 -0.231953 0)
(0.279575 -0.259571 0)
(0.210577 -0.267574 0)
(0.144123 -0.254065 0)
(0.0841675 -0.219165 0)
(0.0346826 -0.165432 0)
(-0.000963538 -0.0987259 0)
(-0.0215102 -0.0281525 0)
(-0.0282275 0.0343504 0)
(-0.0250377 0.0770194 0)
(-0.0179316 0.0863723 0)
(-0.0122617 0.0538713 0)
(-0.0111091 -0.0206676 0)
(-0.0173486 -0.132681 0)
(-0.0375991 -0.279583 0)
(-0.0783712 -0.482512 0)
(-0.12196 -0.874025 0)
(-0.0178693 -1.34254 0)
(0.419593 -0.145692 0)
(0.374596 -0.18104 0)
(0.322207 -0.204349 0)
(0.266373 -0.211711 0)
(0.211207 -0.201218 0)
(0.160403 -0.172924 0)
(0.117552 -0.129045 0)
(0.0856833 -0.0743265 0)
(0.0663511 -0.0160601 0)
(0.0587502 0.0361492 0)
(0.0605917 0.0721784 0)
(0.0667208 0.0803462 0)
(0.0708248 0.0521546 0)
(0.0672567 -0.0139395 0)
(0.0518935 -0.113858 0)
(0.0220156 -0.246124 0)
(-0.0206009 -0.443614 0)
(-0.0797523 -0.891853 0)
(-0.00884552 -1.39786 0)
(0.418673 -0.114796 0)
(0.386148 -0.142867 0)
(0.346714 -0.161476 0)
(0.303327 -0.167103 0)
(0.259386 -0.158013 0)
(0.218019 -0.134252 0)
(0.182264 -0.0977332 0)
(0.154707 -0.0523655 0)
(0.136864 -0.00404769 0)
(0.128464 0.0395266 0)
(0.127703 0.0697156 0)
(0.130653 0.0769288 0)
(0.131752 0.0534356 0)
(0.125471 -0.0033053 0)
(0.108141 -0.0914004 0)
(0.0801406 -0.21274 0)
(0.051436 -0.406014 0)
(-0.031853 -0.858051 0)
(0.00168222 -1.44087 0)
(0.408967 -0.0932948 0)
(0.386194 -0.11512 0)
(0.35739 -0.129267 0)
(0.324683 -0.132693 0)
(0.290743 -0.123913 0)
(0.258073 -0.103015 0)
(0.229117 -0.0716829 0)
(0.205969 -0.0332044 0)
(0.189932 0.00757979 0)
(0.18105 0.044428 0)
(0.177965 0.0700929 0)
(0.17775 0.076609 0)
(0.17608 0.0570515 0)
(0.168545 0.0080074 0)
(0.152508 -0.0711286 0)
(0.129645 -0.185708 0)
(0.109893 -0.373393 0)
(0.0157498 -0.783153 0)
(0.0235135 -1.45565 0)
(0.393571 -0.078926 0)
(0.378231 -0.0955549 0)
(0.357785 -0.105716 0)
(0.333737 -0.106834 0)
(0.30813 -0.0976873 0)
(0.282904 -0.0784227 0)
(0.259966 -0.0505541 0)
(0.240959 -0.0169111 0)
(0.226934 0.0184478 0)
(0.218056 0.0503559 0)
(0.213406 0.072697 0)
(0.210856 0.0786998 0)
(0.207213 0.0621149 0)
(0.19913 0.0187974 0)
(0.184592 -0.0539543 0)
(0.164552 -0.1639 0)
(0.144686 -0.344223 0)
(0.0628522 -0.707425 0)
(0.0513434 -1.42973 0)
(0.374433 -0.0698922 0)
(0.364676 -0.0822481 0)
(0.350637 -0.0889435 0)
(0.333376 -0.0878207 0)
(0.314433 -0.0779054 0)
(0.295288 -0.0594112 0)
(0.277412 -0.0337263 0)
(0.262074 -0.00333971 0)
(0.250107 0.0282652 0)
(0.241714 0.0566823 0)
(0.236299 0.0766584 0)
(0.23237 0.082316 0)
(0.227601 0.0679386 0)
(0.219432 0.0289528 0)
(0.206085 -0.0387189 0)
(0.187282 -0.143954 0)
(0.164806 -0.316032 0)
(0.0992858 -0.651284 0)
(0.0735683 -1.37177 0)
(0.352823 -0.0647966 0)
(0.34721 -0.0736419 0)
(0.337997 -0.077355 0)
(0.325945 -0.0741357 0)
(0.312202 -0.0632299 0)
(0.297892 -0.0449207 0)
(0.284146 -0.0205085 0)
(0.271949 0.00777087 0)
(0.261968 0.0368509 0)
(0.254417 0.0628633 0)
(0.248935 0.0811936 0)
(0.244493 0.0866378 0)
(0.239413 0.0739296 0)
(0.231733 0.0383487 0)
(0.219873 -0.0248867 0)
(0.202846 -0.124871 0)
(0.180278 -0.287634 0)
(0.127255 -0.597386 0)
(0.0868605 -1.2879 0)
(0.329611 -0.0625682 0)
(0.327028 -0.0685176 0)
(0.321405 -0.0696716 0)
(0.313294 -0.0645297 0)
(0.303551 -0.0525295 0)
(0.293029 -0.0340253 0)
(0.282606 -0.0102612 0)
(0.273056 0.0167145 0)
(0.264928 0.0441245 0)
(0.258447 0.0684916 0)
(0.253424 0.0856712 0)
(0.249165 0.0909693 0)
(0.244474 0.079501 0)
(0.237884 0.0465616 0)
(0.228104 -0.0129432 0)
(0.213939 -0.107914 0)
(0.19404 -0.261286 0)
(0.152535 -0.545323 0)
(0.0940222 -1.18524 0)
(0.305426 -0.0623909 0)
(0.305015 -0.0659396 0)
(0.30203 -0.0648972 0)
(0.296873 -0.0580151 0)
(0.290184 -0.0448972 0)
(0.282617 -0.0259691 0)
(0.274862 -0.0024442 0)
(0.26754 0.0237605 0)
(0.261119 0.0500702 0)
(0.255838 0.0732907 0)
(0.251629 0.0896264 0)
(0.248041 0.0947714 0)
(0.244228 0.0841517 0)
(0.239123 0.0531358 0)
(0.231725 -0.00352124 0)
(0.220955 -0.0943763 0)
(0.204826 -0.23926 0)
(0.177489 -0.493407 0)
(0.102227 -1.07324 0)
(0.280743 -0.0636439 0)
(0.281849 -0.0651976 0)
(0.280781 -0.0622722 0)
(0.277828 -0.0538335 0)
(0.273473 -0.0396307 0)
(0.268223 -0.0201606 0)
(0.262626 0.0033747 0)
(0.257198 0.0291427 0)
(0.252349 0.0547113 0)
(0.248324 0.0770936 0)
(0.245138 0.0927594 0)
(0.2425 0.0977047 0)
(0.239799 0.0876103 0)
(0.236213 0.057939 0)
(0.230901 0.00339894 0)
(0.222707 -0.084132 0)
(0.208599 -0.22147 0)
(0.188286 -0.44792 0)
(0.115829 -0.938236 0)
(0.255936 -0.0658568 0)
(0.258065 -0.0657583 0)
(0.258377 -0.0612281 0)
(0.257075 -0.0514173 0)
(0.25452 -0.0362036 0)
(0.251113 -0.0161536 0)
(0.247297 0.00752649 0)
(0.243506 0.0330519 0)
(0.240109 0.0580936 0)
(0.237347 0.0798208 0)
(0.23528 0.0949168 0)
(0.233706 0.0996303 0)
(0.232133 0.0898769 0)
(0.229817 0.0612628 0)
(0.225856 0.00862601 0)
(0.218657 -0.0755086 0)
(0.203626 -0.204762 0)
(0.181806 -0.406251 0)
(0.119879 -0.799807 0)
(0.231311 -0.0686773 0)
(0.234099 -0.067227 0)
(0.235401 -0.0613489 0)
(0.235349 -0.0503537 0)
(0.234215 -0.0342339 0)
(0.232311 -0.0136236 0)
(0.230002 0.0102541 0)
(0.227658 0.035639 0)
(0.225607 0.0602746 0)
(0.224084 0.0814563 0)
(0.223157 0.096053 0)
(0.222657 0.100551 0)
(0.222117 0.0911196 0)
(0.220752 0.0636041 0)
(0.217409 0.0131937 0)
(0.209974 -0.0665852 0)
(0.192772 -0.185971 0)
(0.166993 -0.362293 0)
(0.111319 -0.675434 0)
(0.207126 -0.0718465 0)
(0.210313 -0.069318 0)
(0.212328 -0.0623373 0)
(0.213247 -0.0503517 0)
(0.213269 -0.0334539 0)
(0.212636 -0.0123423 0)
(0.211643 0.0117337 0)
(0.210604 0.0370216 0)
(0.20981 0.0613171 0)
(0.209477 0.0820235 0)
(0.209669 0.0961857 0)
(0.210207 0.100534 0)
(0.210592 0.0915372 0)
(0.209923 0.0653895 0)
(0.206769 0.0178251 0)
(0.198547 -0.0563753 0)
(0.179405 -0.164277 0)
(0.150115 -0.316048 0)
(0.0993206 -0.566247 0)
(0.183602 -0.0751796 0)
(0.187009 -0.0718299 0)
(0.189546 -0.0639875 0)
(0.191247 -0.0512127 0)
(0.192252 -0.0336829 0)
(0.192738 -0.012155 0)
(0.192931 0.0120893 0)
(0.193092 0.0372923 0)
(0.193473 0.0612851 0)
(0.194272 0.0815674 0)
(0.195537 0.0953603 0)
(0.197067 0.0996601 0)
(0.1983 0.0912849 0)
(0.198195 0.0668746 0)
(0.195063 0.0228302 0)
(0.186046 -0.0447995 0)
(0.165673 -0.140409 0)
(0.134151 -0.269544 0)
(0.0879803 -0.470607 0)
(0.160929 -0.0785479 0)
(0.164433 -0.0746242 0)
(0.167364 -0.0661616 0)
(0.169726 -0.0528076 0)
(0.171607 -0.0348056 0)
(0.173118 -0.0129616 0)
(0.174418 0.0114077 0)
(0.175699 0.0365269 0)
(0.177179 0.0602429 0)
(0.179038 0.0801416 0)
(0.181323 0.0936236 0)
(0.183811 0.0979789 0)
(0.185869 0.0904343 0)
(0.18631 0.0681455 0)
(0.183232 0.0282132 0)
(0.173661 -0.0321886 0)
(0.152775 -0.115474 0)
(0.120289 -0.224348 0)
(0.0785583 -0.38633 0)
(0.139256 -0.0818628 0)
(0.142775 -0.0776071 0)
(0.146013 -0.0687698 0)
(0.14896 -0.0550577 0)
(0.151657 -0.0367558 0)
(0.154149 -0.0147041 0)
(0.15651 0.00974707 0)
(0.158856 0.0347904 0)
(0.161358 0.05826 0)
(0.164196 0.0778068 0)
(0.167439 0.0910126 0)
(0.17087 0.0954954 0)
(0.173794 0.0889551 0)
(0.174879 0.0691276 0)
(0.172047 0.033789 0)
(0.162307 -0.0190065 0)
(0.141526 -0.0903927 0)
(0.10913 -0.181383 0)
(0.0717863 -0.311131 0)
(0.118687 -0.0850614 0)
(0.122154 -0.0807123 0)
(0.125634 -0.0717531 0)
(0.129113 -0.0579185 0)
(0.132597 -0.0395042 0)
(0.136061 -0.0173594 0)
(0.139474 0.0071407 0)
(0.142849 0.0321401 0)
(0.146299 0.0554137 0)
(0.150026 0.0746364 0)
(0.154162 0.0875642 0)
(0.158534 0.0921791 0)
(0.162418 0.0867312 0)
(0.164369 0.0696013 0)
(0.162178 0.0392159 0)
(0.152869 -0.00577594 0)
(0.132844 -0.0658837 0)
(0.101654 -0.14097 0)
(0.0685304 -0.241918 0)
(0.0992651 -0.0880911 0)
(0.102616 -0.083882 0)
(0.106266 -0.0750622 0)
(0.110222 -0.061361 0)
(0.114472 -0.0430455 0)
(0.118921 -0.020935 0)
(0.123413 0.00359309 0)
(0.127811 0.0286182 0)
(0.132148 0.0517801 0)
(0.136679 0.0707087 0)
(0.141647 0.0833104 0)
(0.146958 0.0879651 0)
(0.151902 0.0835643 0)
(0.155024 0.0691794 0)
(0.154169 0.0438669 0)
(0.146432 0.0065356 0)
(0.128576 -0.0432257 0)
(0.100141 -0.103447 0)
(0.0686468 -0.174608 0)
(0.0809781 -0.0908939 0)
(0.0841271 -0.0870461 0)
(0.0878424 -0.0786321 0)
(0.0921824 -0.0653458 0)
(0.0971481 -0.0473792 0)
(0.102595 -0.0254637 0)
(0.108226 -0.000928437 0)
(0.113682 0.0242348 0)
(0.118882 0.0474069 0)
(0.124175 0.0660668 0)
(0.129974 0.0782249 0)
(0.136218 0.082802 0)
(0.142192 0.0793196 0)
(0.146678 0.0674197 0)
(0.147969 0.046763 0)
(0.143409 0.0162916 0)
(0.129681 -0.0233507 0)
(0.103268 -0.0660613 0)
(0.0706854 -0.106977 0)
(0.0637705 -0.0933939 0)
(0.0665972 -0.0900997 0)
(0.0702123 -0.0823496 0)
(0.0747559 -0.0697837 0)
(0.0802956 -0.0524743 0)
(0.0866974 -0.0309843 0)
(0.0935358 -0.00649175 0)
(0.100132 0.0189749 0)
(0.106226 0.042324 0)
(0.112311 0.060729 0)
(0.118884 0.0724239 0)
(0.125781 0.0768582 0)
(0.132489 0.0740243 0)
(0.13834 0.0638053 0)
(0.142595 0.0463298 0)
(0.142875 0.0218214 0)
(0.133663 -0.00610234 0)
(0.109484 -0.0281482 0)
(0.076544 -0.0368982 0)
(0.0475829 -0.0954921 0)
(0.0499335 -0.0928863 0)
(0.0532022 -0.086016 0)
(0.0576319 -0.0744764 0)
(0.063423 -0.0581986 0)
(0.0705705 -0.0374826 0)
(0.0786271 -0.0131674 0)
(0.0864927 0.012829 0)
(0.0936153 0.0366495 0)
(0.100487 0.0548082 0)
(0.107761 0.0661391 0)
(0.115009 0.070503 0)
(0.121774 0.0679766 0)
(0.128223 0.0582586 0)
(0.13505 0.0418733 0)
(0.140327 0.022468 0)
(0.136977 0.007352 0)
(0.120221 0.00931131 0)
(0.0889375 0.0391389 0)
(0.0324045 -0.0970749 0)
(0.0341181 -0.0951895 0)
(0.03673 -0.0893064 0)
(0.0405679 -0.0790237 0)
(0.0460081 -0.0641729 0)
(0.0533413 -0.0447522 0)
(0.062378 -0.0210291 0)
(0.0717033 0.00565071 0)
(0.0803592 0.0302587 0)
(0.0882676 0.0482322 0)
(0.0962855 0.0593722 0)
(0.103712 0.0642389 0)
(0.109645 0.0621654 0)
(0.114837 0.0520892 0)
(0.121716 0.0343135 0)
(0.130018 0.0167916 0)
(0.134976 0.0133999 0)
(0.139204 0.0428471 0)
(0.115761 0.143247 0)
(0.018334 -0.0980588 0)
(0.0193025 -0.096778 0)
(0.0209534 -0.0917944 0)
(0.0236143 -0.0827825 0)
(0.0277695 -0.0696095 0)
(0.0340573 -0.0521647 0)
(0.0430233 -0.0301374 0)
(0.0533899 -0.00364475 0)
(0.065622 0.0211879 0)
(0.0758995 0.0386398 0)
(0.0852532 0.0508465 0)
(0.0929096 0.0580527 0)
(0.0972124 0.0582569 0)
(0.0987454 0.0492011 0)
(0.101469 0.0293016 0)
(0.105053 0.00724148 0)
(0.116139 0.0028318 0)
(0.164901 0.0512962 0)
(0.161522 0.248537 0)
(0.00561583 -0.098437 0)
(0.00586244 -0.0975584 0)
(0.00638454 -0.093206 0)
(0.00735765 -0.0851979 0)
(0.00909286 -0.0736536 0)
(0.0121961 -0.0588578 0)
(0.0177086 -0.0407974 0)
(0.0253632 -0.0194389 0)
(0.0429758 0.00430201 0)
(0.0654086 0.0244682 0)
(0.0777755 0.039546 0)
(0.0860058 0.0519815 0)
(0.0885461 0.0576248 0)
(0.0854883 0.0538366 0)
(0.0793292 0.0349433 0)
(0.0631232 0.00147827 0)
(0.0581181 -0.0365644 0)
(0.111525 -0.0297546 0)
(0.201141 0.46836 0)
)
;

boundaryField
{
    leftWall
    {
        type            noSlip;
    }
    rightWall
    {
        type            noSlip;
    }
    lowerWall
    {
        type            noSlip;
    }
    atmosphere
    {
        type            pressureInletOutletVelocity;
        value           nonuniform List<vector> 
46
(
(0.00026028 0.0799728 0)
(0.0023369 0.075281 0)
(0.0043026 0.0704486 0)
(0.00616888 0.0654169 0)
(0.00795157 0.0599775 0)
(0.00960998 0.0541065 0)
(0.011101 0.0478118 0)
(0.0123679 0.0411002 0)
(0.013333 0.0339703 0)
(0.0138822 0.0264067 0)
(0.0138558 0.0183764 0)
(0.0131397 0.00976722 0)
(0.0120197 -1.73541e-05 0)
(0 -0.00896835 0)
(0 -0.0179946 0)
(0 -0.0280446 0)
(0 -0.0382272 0)
(0 -0.0482235 0)
(0 -0.0578479 0)
(0 -0.0669181 0)
(0 -0.0752249 0)
(0 -0.0825362 0)
(0 -0.0886222 0)
(0 -0.0920728 0)
(0 -0.0940005 0)
(0 -0.095632 0)
(0 -0.0969241 0)
(0 -0.098437 0)
(0 -0.0975584 0)
(0 -0.093206 0)
(0 -0.0851979 0)
(0 -0.0736536 0)
(0 -0.0588578 0)
(0 -0.0407974 0)
(0 -0.0194389 0)
(0 0.00430201 0)
(0.0654086 0.0244682 0)
(0.0777755 0.039546 0)
(0.0860058 0.0519815 0)
(0.0885461 0.0576248 0)
(0.0854883 0.0538366 0)
(0.0793292 0.0349433 0)
(0.0631232 0.00147827 0)
(0 -0.0365644 0)
(0 -0.0297546 0)
(0.201141 0.46836 0)
)
;
    }
    defaultFaces
    {
        type            empty;
    }
}


// ************************************************************************* //
