/*--------------------------------*- C++ -*----------------------------------*\
| =========                 |                                                 |
| \\      /  F ield         | OpenFOAM: The Open Source CFD Toolbox           |
|  \\    /   O peration     | Version:  v2012                                 |
|   \\  /    A nd           | Website:  www.openfoam.com                      |
|    \\/     M anipulation  |                                                 |
\*---------------------------------------------------------------------------*/
FoamFile
{
    version     2.0;
    format      ascii;
    class       surfaceScalarField;
    location    "0.15";
    object      phi;
}
// * * * * * * * * * * * * * * * * * * * * * * * * * * * * * * * * * * * * * //

dimensions      [0 3 -1 0 0 0 0];
oriented        oriented;


internalField   nonuniform List<scalar> 
4432
(
9.04814e-07
-9.04814e-07
5.68461e-06
-4.77979e-06
1.20888e-05
-6.4042e-06
1.89407e-05
-6.85192e-06
2.59694e-05
-7.02862e-06
3.31396e-05
-7.17026e-06
4.04771e-05
-7.33745e-06
4.80371e-05
-7.56006e-06
5.5902e-05
-7.86492e-06
6.41749e-05
-8.27287e-06
7.29698e-05
-8.79485e-06
8.23972e-05
-9.42741e-06
9.25353e-05
-1.01381e-05
0.000103382
-1.08469e-05
0.000114785
-1.14026e-05
0.000126312
-1.15271e-05
0.000137041
-1.07296e-05
0.00014508
-8.03839e-06
0.000146015
-9.35289e-07
0.000133291
1.27241e-05
0.000103063
3.02283e-05
5.19173e-05
5.11455e-05
5.19173e-05
3.01893e-06
-3.92375e-06
8.46023e-06
-1.02211e-05
1.46209e-05
-1.25649e-05
2.10914e-05
-1.33224e-05
2.77683e-05
-1.37055e-05
3.46458e-05
-1.40478e-05
4.17555e-05
-1.44471e-05
4.91503e-05
-1.49548e-05
5.69002e-05
-1.56148e-05
6.50871e-05
-1.64598e-05
7.37941e-05
-1.75019e-05
8.30865e-05
-1.87199e-05
9.29831e-05
-2.00347e-05
0.000103413
-2.1277e-05
0.000114154
-2.21432e-05
0.000124739
-2.21126e-05
0.000134304
-2.02941e-05
0.000141469
-1.52037e-05
0.000145438
-4.90456e-06
0.000144904
1.32581e-05
0.000133533
4.16e-05
9.3085e-05
9.15932e-05
0.000145002
4.46713e-06
-8.39088e-06
1.02984e-05
-1.60523e-05
1.6355e-05
-1.86215e-05
2.258e-05
-1.95474e-05
2.89919e-05
-2.01173e-05
3.56236e-05
-2.06796e-05
4.25174e-05
-2.13409e-05
4.97251e-05
-2.21626e-05
5.73073e-05
-2.3197e-05
6.53281e-05
-2.44806e-05
7.38446e-05
-2.60183e-05
8.2887e-05
-2.77623e-05
9.24322e-05
-2.95799e-05
0.000102365
-3.12097e-05
0.000112425
-3.22036e-05
0.000122144
-3.18311e-05
0.000130765
-2.89153e-05
0.000137247
-2.16861e-05
0.000140618
-8.27475e-06
0.000140738
1.3138e-05
0.000134826
4.75111e-05
0.000101413
0.000125007
0.000246415
5.3066e-06
-1.36975e-05
1.15411e-05
-2.22869e-05
1.76443e-05
-2.47247e-05
2.37498e-05
-2.56528e-05
2.99847e-05
-2.63523e-05
3.64283e-05
-2.71232e-05
4.314e-05
-2.80526e-05
5.01752e-05
-2.91978e-05
5.75895e-05
-3.06112e-05
6.5434e-05
-3.23251e-05
7.37452e-05
-3.43295e-05
8.25266e-05
-3.65438e-05
9.17237e-05
-3.87769e-05
0.00010119
-4.06761e-05
0.000110645
-4.16587e-05
0.000119631
-4.08167e-05
0.000127502
-3.67864e-05
0.000133542
-2.77258e-05
0.000137276
-1.20093e-05
0.000138819
1.15953e-05
0.000134732
5.15981e-05
0.00010052
0.000159219
0.000346935
5.75641e-06
-1.94539e-05
1.23451e-05
-2.88755e-05
1.85734e-05
-3.09531e-05
2.46487e-05
-3.17281e-05
3.07768e-05
-3.24804e-05
3.70808e-05
-3.34272e-05
4.36405e-05
-3.46122e-05
5.05187e-05
-3.6076e-05
5.77693e-05
-3.78619e-05
6.54347e-05
-3.99905e-05
7.35356e-05
-4.24305e-05
8.20546e-05
-4.50628e-05
9.09128e-05
-4.76351e-05
9.99406e-05
-4.9704e-05
0.000108843
-5.05609e-05
0.000117175
-4.91488e-05
0.000124388
-4.39994e-05
0.000130037
-3.33747e-05
0.000134062
-1.60348e-05
0.000136283
9.37509e-06
0.000130943
5.69372e-05
9.40838e-05
0.000196079
0.000441019
6.00879e-06
-2.54627e-05
1.28524e-05
-3.57192e-05
1.92116e-05
-3.73123e-05
2.53012e-05
-3.78177e-05
3.13697e-05
-3.85488e-05
3.75721e-05
-3.96296e-05
4.40063e-05
-4.10464e-05
5.07433e-05
-4.2813e-05
5.78377e-05
-4.49563e-05
6.53261e-05
-4.74789e-05
7.32176e-05
-5.0322e-05
8.14783e-05
-5.33235e-05
9.00107e-05
-5.61675e-05
9.86261e-05
-5.83194e-05
0.000107014
-5.89492e-05
0.000114734
-5.68682e-05
0.0001213
-5.05658e-05
0.000126479
-3.85536e-05
0.000130401
-1.99568e-05
0.000132112
7.66423e-06
0.000121398
6.76515e-05
8.72632e-05
0.000230213
0.000528282
6.1676e-06
-3.16303e-05
1.31539e-05
-4.27055e-05
1.961e-05
-4.37684e-05
2.57256e-05
-4.39333e-05
3.17612e-05
-4.45844e-05
3.78891e-05
-4.57575e-05
4.42194e-05
-4.73767e-05
5.08301e-05
-4.94237e-05
5.77773e-05
-5.19035e-05
6.5094e-05
-5.47956e-05
7.2781e-05
-5.80089e-05
8.07923e-05
-6.13349e-05
8.90158e-05
-6.43909e-05
9.72463e-05
-6.65499e-05
0.000105154
-6.68569e-05
0.000112279
-6.39935e-05
0.000118173
-5.64591e-05
0.00012279
-4.31707e-05
0.000126327
-2.34936e-05
0.000126972
7.01866e-06
0.000111056
8.35674e-05
8.62533e-05
0.000255016
0.000614535
6.25666e-06
-3.78869e-05
1.32921e-05
-4.97409e-05
1.97956e-05
-5.02719e-05
2.59281e-05
-5.00659e-05
3.19414e-05
-5.05977e-05
3.80108e-05
-5.18269e-05
4.42523e-05
-5.36182e-05
5.07482e-05
-5.59196e-05
5.75562e-05
-5.87115e-05
6.4707e-05
-6.19464e-05
7.21961e-05
-6.5498e-05
7.99694e-05
-6.91082e-05
8.79037e-05
-7.23253e-05
9.5779e-05
-7.44252e-05
0.000103238
-7.43162e-05
0.000109778
-7.05335e-05
0.000114999
-6.16799e-05
0.000119102
-4.72734e-05
0.000122368
-2.67602e-05
0.000121998
7.38947e-06
0.000101725
0.00010384
7.8717e-05
0.000278024
0.000693252
-1.03089e-05
1.03089e-05
-1.1617e-05
1.30818e-06
-8.20605e-06
-3.41087e-06
-3.33433e-06
-4.87159e-06
1.10423e-06
-4.43859e-06
4.47624e-06
-3.37199e-06
6.73202e-06
-2.25577e-06
8.02187e-06
-1.28984e-06
8.5569e-06
-5.3512e-07
8.53619e-06
2.066e-08
8.10975e-06
4.26576e-07
7.37344e-06
7.36103e-07
6.39365e-06
9.79972e-07
5.2152e-06
1.1785e-06
3.88029e-06
1.33488e-06
2.45472e-06
1.4257e-06
1.07484e-06
1.37997e-06
1.00282e-07
9.74739e-07
1.00018e-07
-1.01057e-05
2.04147e-05
-1.10872e-05
2.28978e-06
-7.67145e-06
-6.82658e-06
-2.99064e-06
-9.55227e-06
1.25669e-06
-8.68589e-06
4.49742e-06
-6.61275e-06
6.69121e-06
-4.44963e-06
7.98582e-06
-2.58445e-06
8.56516e-06
-1.11445e-06
8.58833e-06
-2.76499e-09
8.18589e-06
8.29384e-07
7.46306e-06
1.45883e-06
6.49895e-06
1.94417e-06
5.35468e-06
2.32299e-06
4.08792e-06
2.60173e-06
2.7711e-06
2.74273e-06
1.51229e-06
2.6387e-06
4.86412e-07
2.00132e-06
5.86204e-07
-1.06483e-05
3.1063e-05
-1.11752e-05
2.81681e-06
-7.3906e-06
-1.06111e-05
-2.61695e-06
-1.43259e-05
1.54538e-06
-1.28482e-05
4.64249e-06
-9.70985e-06
6.70159e-06
-6.50881e-06
7.89061e-06
-3.77349e-06
8.39136e-06
-1.61507e-06
8.36405e-06
2.43328e-08
7.94164e-06
1.25209e-06
7.22736e-06
2.17306e-06
6.3004e-06
2.87114e-06
5.22517e-06
3.3984e-06
4.06235e-06
3.76461e-06
2.87945e-06
3.92581e-06
1.7565e-06
3.76145e-06
7.68436e-07
2.98998e-06
1.35445e-06
-1.21964e-05
4.32595e-05
-1.18638e-05
2.48425e-06
-7.26048e-06
-1.52143e-05
-2.10791e-06
-1.94784e-05
2.08754e-06
-1.70436e-05
5.06328e-06
-1.26856e-05
6.96497e-06
-8.41058e-06
8.01202e-06
-4.82059e-06
8.40309e-06
-2.006e-06
8.30224e-06
1.24951e-07
7.84029e-06
1.71418e-06
7.1168e-06
2.89654e-06
6.20879e-06
3.77919e-06
5.17961e-06
4.42772e-06
4.08733e-06
4.85693e-06
2.99e-06
5.02332e-06
1.94243e-06
4.80883e-06
9.60639e-07
3.97229e-06
2.31493e-06
-1.46144e-05
5.7874e-05
-1.30403e-05
9.10153e-07
-7.14505e-06
-2.11094e-05
-1.40954e-06
-2.5214e-05
2.90305e-06
-2.13562e-05
5.763e-06
-1.55455e-05
7.48164e-06
-1.01293e-05
8.35488e-06
-5.6939e-06
8.60778e-06
-2.2588e-06
8.409e-06
3.23522e-07
7.88588e-06
2.23741e-06
7.13326e-06
3.6492e-06
6.22391e-06
4.68854e-06
5.21709e-06
5.43462e-06
4.16456e-06
5.90947e-06
3.11245e-06
6.07565e-06
2.09343e-06
5.82767e-06
1.08762e-06
4.97853e-06
3.40242e-06
-1.79197e-05
7.57937e-05
-1.46375e-05
-2.37198e-06
-7.02392e-06
-2.87229e-05
-4.6788e-07
-3.177e-05
4.00454e-06
-2.58286e-05
6.72717e-06
-1.82681e-05
8.22639e-06
-1.16285e-05
8.89166e-06
-6.35924e-06
8.9787e-06
-2.34573e-06
8.65899e-06
6.43096e-07
8.05521e-06
2.84125e-06
7.25578e-06
4.44869e-06
6.32729e-06
5.61702e-06
5.32255e-06
6.43939e-06
4.28485e-06
6.94718e-06
3.24764e-06
7.11307e-06
2.22516e-06
6.84998e-06
1.17677e-06
6.02727e-06
4.57909e-06
-2.22533e-05
9.80472e-05
-1.68436e-05
-7.7816e-06
-6.78628e-06
-3.87801e-05
7.72256e-07
-3.93284e-05
5.40259e-06
-3.04589e-05
7.93445e-06
-2.07999e-05
9.16367e-06
-1.28578e-05
9.58368e-06
-6.77937e-06
9.47789e-06
-2.23986e-06
9.01778e-06
1.10312e-06
8.3178e-06
3.54125e-06
7.45789e-06
5.30864e-06
6.49657e-06
6.57831e-06
5.47852e-06
7.45748e-06
4.43729e-06
7.9884e-06
3.39396e-06
8.15657e-06
2.34818e-06
7.89562e-06
1.24815e-06
7.12756e-06
5.82718e-06
-2.79963e-05
0.000126043
-1.931e-05
-1.64677e-05
-6.24875e-06
-5.18413e-05
2.46097e-06
-4.80381e-05
7.1494e-06
-3.51474e-05
9.38019e-06
-2.30307e-05
1.02656e-05
-1.37432e-05
1.03963e-05
-6.91012e-06
1.00713e-05
-1.91486e-06
9.45383e-06
1.72054e-06
8.64588e-06
4.34918e-06
7.7159e-06
6.23862e-06
6.71231e-06
7.58189e-06
5.67018e-06
8.49963e-06
4.61272e-06
9.04584e-06
3.54955e-06
9.21988e-06
2.46848e-06
8.97659e-06
1.31059e-06
8.2856e-06
7.13776e-06
1.31658e-05
-5.10527e-05
2.81799e-05
-6.47551e-05
4.19618e-05
-6.40538e-05
5.4961e-05
-6.30651e-05
6.76613e-05
-6.32979e-05
8.03896e-05
-6.45552e-05
9.33882e-05
-6.66167e-05
0.000106837
-6.93685e-05
0.000120861
-7.27352e-05
0.000135521
-7.66071e-05
0.0001508
-8.07767e-05
0.000166566
-8.48743e-05
0.000182529
-8.82884e-05
0.000198161
-9.0057e-05
0.000212612
-8.87666e-05
0.000224837
-8.27591e-05
0.000234332
-7.11746e-05
0.000242056
-5.49973e-05
0.000247224
-3.19283e-05
0.000231538
2.30754e-05
0.000198999
0.000136378
0.000193919
0.000283105
0.000678943
0.000208228
1.28984e-05
-6.39511e-05
2.71794e-05
-7.90361e-05
4.04286e-05
-7.73029e-05
5.30357e-05
-7.56722e-05
6.53783e-05
-7.56405e-05
7.77108e-05
-7.68878e-05
9.02339e-05
-7.91398e-05
0.000103109
-8.22439e-05
0.000116454
-8.60798e-05
0.000130325
-9.04783e-05
0.000144698
-9.51495e-05
0.000159427
-9.96037e-05
0.000174184
-0.000103045
0.00018834
-0.000104213
0.000200898
-0.000101325
0.000210983
-9.28436e-05
0.000218953
-7.91448e-05
0.000224786
-6.08308e-05
0.000217407
-2.45497e-05
0.000196151
4.43317e-05
0.000181602
0.000150927
0.000195594
0.000269113
0.000600589
0.000273949
1.24234e-05
-7.63745e-05
2.56372e-05
-9.22499e-05
3.7993e-05
-8.96587e-05
4.99096e-05
-8.75889e-05
6.16553e-05
-8.73861e-05
7.34057e-05
-8.86382e-05
8.5313e-05
-9.10471e-05
9.7511e-05
-9.44419e-05
0.000110102
-9.86704e-05
0.000123134
-0.000103511
0.000136576
-0.000108592
0.000150264
-0.000113292
0.000163814
-0.000116594
0.000176464
-0.000116863
0.000187166
-0.000112027
0.000195619
-0.000101297
0.000202871
-8.63967e-05
0.000204059
-6.20185e-05
0.000184825
-5.31531e-06
0.000156688
7.24682e-05
0.000145431
0.000162184
0.000160353
0.000254191
0.000476793
0.000284149
1.17941e-05
-8.81686e-05
2.3758e-05
-0.000104214
3.50252e-05
-0.000100926
4.60461e-05
-9.86098e-05
5.69992e-05
-9.83392e-05
6.79946e-05
-9.96337e-05
7.91422e-05
-0.000102195
9.05485e-05
-0.000105848
0.000102299
-0.000110421
0.000114432
-0.000115644
0.000126905
-0.000121064
0.000139525
-0.000125911
0.000151823
-0.000128893
0.000162916
-0.000127956
0.000172065
-0.000121175
0.000179711
-0.000108943
0.000184406
-9.10917e-05
0.000171948
-4.95607e-05
0.000144644
2.19889e-05
0.000119317
9.77951e-05
0.000110319
0.000171182
0.000125069
0.000239441
0.000364729
0.000237132
1.10362e-05
-9.92047e-05
2.16648e-05
-0.000114843
3.17585e-05
-0.00011102
4.17659e-05
-0.000108617
5.17911e-05
-0.000108364
6.18961e-05
-0.000109739
7.21589e-05
-0.000112457
8.26646e-05
-0.000116354
9.34847e-05
-0.000121241
0.000104649
-0.000126809
0.000116099
-0.000132514
0.000127603
-0.000137416
0.000138595
-0.000139885
0.000148167
-0.000137528
0.000155992
-0.000129
0.000162336
-0.000115287
0.000160716
-8.94721e-05
0.000135526
-2.43706e-05
0.000107237
5.02773e-05
8.67883e-05
0.000118244
8.009e-05
0.000177881
9.15341e-05
0.000227997
0.00029401
0.000162253
1.01705e-05
-0.000109375
1.94329e-05
-0.000124105
2.83297e-05
-0.000119916
3.72659e-05
-0.000117553
4.62802e-05
-0.000117379
5.53993e-05
-0.000118858
6.46788e-05
-0.000121737
7.41886e-05
-0.000125864
8.39918e-05
-0.000131044
9.41127e-05
-0.00013693
0.000104481
-0.000142882
0.000114812
-0.000147748
0.000124423
-0.000149496
0.000132669
-0.000145774
0.00013979
-0.000136121
0.000144162
-0.000119659
0.000128441
-7.37504e-05
9.96311e-05
4.43926e-06
7.47975e-05
7.51111e-05
5.90613e-05
0.00013398
5.47097e-05
0.000182232
6.36419e-05
0.000219065
0.000252426
0.000105226
9.22143e-06
-0.000118597
1.71099e-05
-0.000131993
2.48174e-05
-0.000127624
3.26631e-05
-0.000125399
4.06233e-05
-0.000125339
4.86965e-05
-0.000126931
5.69206e-05
-0.000129961
6.53549e-05
-0.000134298
7.40588e-05
-0.000139748
8.30598e-05
-0.00014593
9.22857e-05
-0.000152108
0.000101421
-0.000156883
0.000109699
-0.000157774
0.000116623
-0.000152698
0.000122156
-0.000141655
0.000122049
-0.000119551
9.4742e-05
-4.64438e-05
6.77305e-05
3.14505e-05
4.75865e-05
9.52551e-05
3.62686e-05
0.000145298
3.48622e-05
0.000183638
4.42389e-05
0.000209689
0.000224714
7.19514e-05
8.20324e-06
-0.0001268
1.47179e-05
-0.000138508
2.12664e-05
-0.000134172
2.80345e-05
-0.000132167
3.49332e-05
-0.000132238
4.19336e-05
-0.000133931
4.90571e-05
-0.000137085
5.63528e-05
-0.000141594
6.388e-05
-0.000147275
7.16772e-05
-0.000153728
7.96855e-05
-0.000160116
8.75841e-05
-0.000164782
9.47412e-05
-0.000164931
0.00010074
-0.000158697
0.000104437
-0.000145352
8.94167e-05
-0.000104531
6.21352e-05
-1.91624e-05
3.96785e-05
5.39072e-05
2.47882e-05
0.000110146
1.78987e-05
0.000152188
1.96456e-05
0.000181891
3.02963e-05
0.000199038
0.000203507
5.15033e-05
7.07537e-06
-0.000133875
1.22459e-05
-0.000143678
1.77062e-05
-0.000139633
2.34507e-05
-0.000137912
2.93221e-05
-0.000138109
3.52637e-05
-0.000139873
4.12777e-05
-0.000143099
4.73993e-05
-0.000147715
5.36856e-05
-0.000153562
6.01944e-05
-0.000160237
6.69108e-05
-0.000166832
7.35418e-05
-0.000171413
7.96481e-05
-0.000171037
8.48507e-05
-0.0001639
8.78532e-05
-0.000148354
6.27031e-05
-7.9381e-05
3.66884e-05
6.85235e-06
1.78731e-05
7.27223e-05
6.83087e-06
0.000121188
3.4918e-06
0.000155527
7.79655e-06
0.000177587
1.91931e-05
0.000187641
0.000186039
3.66615e-05
5.64806e-06
-0.000139523
9.63622e-06
-0.000147667
1.41662e-05
-0.000144163
1.90064e-05
-0.000142752
2.39462e-05
-0.000143049
2.89036e-05
-0.00014483
3.38589e-05
-0.000148054
3.88245e-05
-0.000152681
4.38437e-05
-0.000158581
4.89922e-05
-0.000165385
5.43484e-05
-0.000172189
5.97583e-05
-0.000176823
6.49142e-05
-0.000176193
6.87419e-05
-0.000167727
6.81827e-05
-0.000147795
3.93309e-05
-5.05287e-05
1.5638e-05
3.05455e-05
-2.31831e-08
8.83836e-05
-7.74689e-06
0.000128912
-8.14656e-06
0.000155927
-1.91259e-06
0.000171353
9.56755e-06
0.000176161
0.000171138
2.44686e-05
3.63371e-06
-0.000143157
6.89355e-06
-0.000150926
1.07512e-05
-0.00014802
1.48748e-05
-0.000146875
1.90508e-05
-0.000147225
2.31821e-05
-0.000148962
2.72253e-05
-0.000152097
3.11574e-05
-0.000156613
3.49843e-05
-0.000162408
3.87738e-05
-0.000169175
4.27157e-05
-0.000176131
4.69599e-05
-0.000181067
5.13746e-05
-0.000180608
5.51705e-05
-0.000171523
3.92986e-05
-0.000131923
1.29358e-05
-2.41658e-05
-5.87083e-06
4.93523e-05
-1.68354e-05
9.93481e-05
-2.0759e-05
0.000132835
-1.83692e-05
0.000153537
-1.07298e-05
0.000163714
6.34578e-07
0.000164797
0.000158054
1.37184e-05
1.4866e-06
-0.000144644
4.46765e-06
-0.000153908
7.78875e-06
-0.000151342
1.13698e-05
-0.000150456
1.50026e-05
-0.000150858
1.85652e-05
-0.000152524
2.19838e-05
-0.000155516
2.51908e-05
-0.00015982
2.81362e-05
-0.000165353
3.0829e-05
-0.000171867
3.35231e-05
-0.000178825
3.67852e-05
-0.000184329
4.04911e-05
-0.000184314
4.44922e-05
-0.000175524
1.29345e-05
-0.000100366
-1.12063e-05
-2.52411e-08
-2.53127e-05
6.34586e-05
-3.19802e-05
0.000106016
-3.24051e-05
0.00013326
-2.76489e-05
0.000148781
-1.89681e-05
0.000155033
-7.88338e-06
0.000153712
0.000146278
3.89326e-06
2.6839e-06
-0.000147328
3.28951e-06
-0.000154513
5.66533e-06
-0.000153717
8.84673e-06
-0.000153638
1.22512e-05
-0.000154262
1.56484e-05
-0.000155921
1.89299e-05
-0.000158797
2.19803e-05
-0.000162871
2.46921e-05
-0.000168065
2.69037e-05
-0.000174079
2.86025e-05
-0.000180523
3.12191e-05
-0.000186945
3.46528e-05
-0.000187747
2.63442e-05
-0.000167216
-8.72574e-06
-6.52959e-05
-3.00303e-05
2.12792e-05
-4.12752e-05
7.47036e-05
-4.4833e-05
0.000109573
-4.26113e-05
0.000131038
-3.61341e-05
0.000142304
-2.68107e-05
0.00014571
-1.60377e-05
0.000142939
0.000135444
-5.20455e-06
1.70357e-05
-0.000164363
3.63135e-06
-0.000141109
4.62545e-06
-0.000154712
7.5564e-06
-0.000156569
1.11778e-05
-0.000157884
1.49602e-05
-0.000159704
1.87914e-05
-0.000162628
2.2561e-05
-0.00016664
2.6096e-05
-0.0001716
2.88544e-05
-0.000176837
2.91236e-05
-0.000180793
2.84348e-05
-0.000186257
2.80017e-05
-0.000187314
-3.83754e-06
-0.000135376
-3.51396e-05
-3.39937e-05
-4.98082e-05
3.59478e-05
-5.62447e-05
8.11402e-05
-5.64053e-05
0.000109734
-5.18337e-05
0.000126467
-4.40187e-05
0.000134489
-3.42724e-05
0.000135963
-2.37718e-05
0.000132439
0.000125277
-1.36043e-05
3.69471e-05
-0.00020131
1.00512e-05
-0.000114213
5.88211e-06
-0.000150542
8.54582e-06
-0.000159232
1.28491e-05
-0.000162187
1.7659e-05
-0.000164514
2.2578e-05
-0.000167547
2.73342e-05
-0.000171397
3.1392e-05
-0.000175658
3.35365e-05
-0.000178982
3.21749e-05
-0.000179431
2.07913e-05
-0.000174873
-9.12407e-06
-0.000157399
-4.67937e-05
-9.77066e-05
-6.2845e-05
-1.79423e-05
-6.98625e-05
4.29653e-05
-7.08256e-05
8.21033e-05
-6.725e-05
0.000106158
-6.03871e-05
0.000119604
-5.13995e-05
0.000125501
-4.12976e-05
0.000125861
-3.09799e-05
0.000122121
0.000115557
-2.12604e-05
-3.66383e-06
-0.000197647
6.24149e-06
-0.000124118
7.70316e-06
-0.000152004
9.57865e-06
-0.000161108
1.20545e-05
-0.000164663
1.4652e-05
-0.000167111
1.65508e-05
-0.000169446
1.70732e-05
-0.000171919
1.52126e-05
-0.000173797
9.67525e-06
-0.000173444
-1.43084e-06
-0.000168325
-2.13487e-05
-0.000154955
-5.22008e-05
-0.000126547
-7.67542e-05
-7.31532e-05
-8.65229e-05
-8.1736e-06
-8.7438e-05
4.38802e-05
-8.37127e-05
7.83779e-05
-7.69122e-05
9.93577e-05
-6.81042e-05
0.000110796
-5.81378e-05
0.000115535
-4.77261e-05
0.00011545
-3.75147e-05
0.00011191
0.000106134
-2.80909e-05
-1.82404e-05
-0.000179406
1.7301e-06
-0.000144089
5.04304e-06
-0.000155317
4.51983e-06
-0.000160585
3.23528e-06
-0.000163378
1.54482e-06
-0.000165421
-8.61947e-07
-0.000167039
-4.76345e-06
-0.000168017
-1.1145e-05
-0.000167415
-2.11221e-05
-0.000163467
-3.58502e-05
-0.000153597
-5.61973e-05
-0.000134608
-8.01888e-05
-0.000102555
-9.78355e-05
-5.55065e-05
-0.000103418
-2.59139e-06
-0.000100728
4.11906e-05
-9.38791e-05
7.15287e-05
-8.48326e-05
9.03112e-05
-7.46419e-05
0.000100605
-6.39729e-05
0.000104866
-5.33433e-05
0.00010482
-4.32167e-05
0.000101783
9.69264e-05
-3.40096e-05
-1.10701e-05
-0.000168336
-1.38792e-06
-0.000153771
-6.36683e-07
-0.000156068
-3.85284e-06
-0.000157368
-8.14584e-06
-0.000159085
-1.31552e-05
-0.000160411
-1.90671e-05
-0.000161127
-2.6424e-05
-0.00016066
-3.59467e-05
-0.000157892
-4.83292e-05
-0.000151085
-6.39016e-05
-0.000138024
-8.20712e-05
-0.000116438
-9.99756e-05
-8.4651e-05
-0.000111849
-4.36335e-05
-0.000114199
-2.4106e-07
-0.000109516
3.65072e-05
-0.000100996
6.30088e-05
-9.06977e-05
8.00133e-05
-7.97138e-05
8.96211e-05
-6.86564e-05
9.38081e-05
-5.79505e-05
9.41141e-05
-4.79475e-05
9.17798e-05
8.79237e-05
-3.8945e-05
-6.93174e-06
-0.000161404
-6.21091e-06
-0.000154492
-9.15993e-06
-0.000153119
-1.3816e-05
-0.000152712
-1.98328e-05
-0.000153068
-2.68699e-05
-0.000153374
-3.50049e-05
-0.000152992
-4.45507e-05
-0.000151114
-5.58831e-05
-0.00014656
-6.91973e-05
-0.00013777
-8.41723e-05
-0.000123049
-9.95701e-05
-0.00010104
-0.000112782
-7.14389e-05
-0.000120262
-3.61541e-05
-0.000120278
-2.24777e-07
-0.000114431
3.06605e-05
-0.000105196
5.37737e-05
-9.44068e-05
6.92242e-05
-8.31404e-05
7.83545e-05
-7.2008e-05
8.26756e-05
-6.14018e-05
8.35078e-05
-5.16109e-05
8.19888e-05
7.91661e-05
-4.28532e-05
-7.04967e-06
-0.000154354
-1.10813e-05
-0.00015046
-1.63092e-05
-0.000147891
-2.25088e-05
-0.000146512
-2.97707e-05
-0.000145806
-3.80839e-05
-0.000145061
-4.75227e-05
-0.000143553
-5.82254e-05
-0.000140412
-7.0265e-05
-0.00013452
-8.34441e-05
-0.000124591
-9.70622e-05
-0.000109431
-0.000109731
-8.83713e-05
-0.000119375
-6.17949e-05
-0.000123829
-3.16996e-05
-0.000122312
-1.7418e-06
-0.000115974
2.43226e-05
-0.000106672
4.44715e-05
-9.59549e-05
5.85065e-05
-8.4836e-05
6.72356e-05
-7.39292e-05
7.17688e-05
-6.36188e-05
7.31973e-05
-5.41614e-05
7.25315e-05
7.07292e-05
-4.57245e-05
-8.14384e-06
-0.00014621
-1.4712e-05
-0.000143892
-2.15004e-05
-0.000141102
-2.88506e-05
-0.000139162
-3.70011e-05
-0.000137655
-4.60712e-05
-0.00013599
-5.61349e-05
-0.00013349
-6.72075e-05
-0.000129339
-7.91493e-05
-0.000122578
-9.15277e-05
-0.000112213
-0.000103498
-9.74611e-05
-0.000113778
-7.80909e-05
-0.000120818
-5.47552e-05
-0.000123305
-2.92121e-05
-0.000120937
-4.11037e-06
-0.000114594
1.79793e-05
-0.000105671
3.55492e-05
-9.54422e-05
4.82772e-05
-8.48245e-05
5.66179e-05
-7.44166e-05
6.13609e-05
-6.4598e-05
6.33788e-05
-5.56087e-05
6.35422e-05
6.27057e-05
-4.75852e-05
-8.96293e-06
-0.000137247
-1.68704e-05
-0.000135984
-2.4657e-05
-0.000133316
-3.27508e-05
-0.000131068
-4.14209e-05
-0.000128985
-5.0814e-05
-0.000126597
-6.09808e-05
-0.000123323
-7.18514e-05
-0.000118468
-8.31656e-05
-0.000111264
-9.43947e-05
-0.000100984
-0.000104706
-8.715e-05
-0.000113021
-6.97759e-05
-0.000118218
-4.95583e-05
-0.000119499
-2.79311e-05
-0.000116792
-6.81766e-06
-0.000110786
1.19736e-05
-0.000102544
2.73071e-05
-9.30967e-05
3.88298e-05
-8.32499e-05
4.67712e-05
-7.35654e-05
5.16765e-05
-6.44115e-05
5.42249e-05
-5.60163e-05
5.5147e-05
5.51871e-05
-4.84979e-05
-9.19525e-06
-0.000128052
-1.774e-05
-0.000127439
-2.60593e-05
-0.000124997
-3.45186e-05
-0.000122609
-4.33595e-05
-0.000120145
-5.27103e-05
-0.000117246
-6.25891e-05
-0.000113444
-7.2874e-05
-0.000108183
-8.32573e-05
-0.000100881
-9.32091e-05
-9.10319e-05
-0.00010199
-7.83697e-05
-0.000108738
-6.30271e-05
-0.000112655
-4.56414e-05
-0.00011325
-2.73365e-05
-0.000110554
-9.51364e-06
-0.00010511
6.52924e-06
-9.77324e-05
1.99299e-05
-8.92511e-05
3.03485e-05
-8.03554e-05
3.78754e-05
-7.15544e-05
4.28755e-05
-6.31952e-05
4.58656e-05
-5.54936e-05
4.74453e-05
4.82494e-05
-4.85559e-05
-9.03238e-06
-0.00011902
-1.76877e-05
-0.000118784
-2.61294e-05
-0.000116555
-3.46145e-05
-0.000114124
-4.3324e-05
-0.000111435
-5.23473e-05
-0.000108223
-6.16692e-05
-0.000104122
-7.11428e-05
-9.87099e-05
-8.04607e-05
-9.15629e-05
-8.91441e-05
-8.23485e-05
-9.65763e-05
-7.09376e-05
-0.000102093
-5.751e-05
-0.000105128
-4.26068e-05
-0.000105375
-2.70897e-05
-0.000102905
-1.19831e-05
-9.81444e-05
1.76825e-06
-9.17201e-05
1.35055e-05
-8.42933e-05
2.29217e-05
-7.64419e-05
3.0024e-05
-6.86141e-05
3.50476e-05
-6.11269e-05
3.83783e-05
-5.41812e-05
4.04995e-05
4.19428e-05
-4.78746e-05
-8.62895e-06
-0.000110391
-1.70325e-05
-0.000110381
-2.52743e-05
-0.000108313
-3.35102e-05
-0.000105888
-4.18531e-05
-0.000103092
-5.03476e-05
-9.97285e-05
-5.89508e-05
-9.55191e-05
-6.75093e-05
-9.01513e-05
-7.57421e-05
-8.333e-05
-8.32433e-05
-7.48473e-05
-8.95202e-05
-6.46607e-05
-9.40721e-05
-5.2958e-05
-9.64981e-05
-4.01807e-05
-9.66058e-05
-2.6982e-05
-9.44756e-05
-1.41133e-05
-9.0438e-05
-2.26945e-06
-8.49761e-05
8.04353e-06
-7.86126e-05
1.65581e-05
-7.18229e-05
2.32343e-05
-6.49918e-05
2.82164e-05
-5.84011e-05
3.17877e-05
-5.22337e-05
3.43321e-05
3.62889e-05
-4.65799e-05
-8.05429e-06
-0.000102337
-1.59998e-05
-0.000102435
-2.38267e-05
-0.000100486
-3.16191e-05
-9.80956e-05
-3.94333e-05
-9.52779e-05
-4.72756e-05
-9.18862e-05
-5.50834e-05
-8.77112e-05
-6.27088e-05
-8.2526e-05
-6.99079e-05
-7.61309e-05
-7.63506e-05
-6.84047e-05
-8.16548e-05
-5.93564e-05
-8.54495e-05
-4.91633e-05
-8.74521e-05
-3.81782e-05
-8.75404e-05
-2.68938e-05
-8.57899e-05
-1.5864e-05
-8.24559e-05
-5.60356e-06
-7.79077e-05
3.49519e-06
-7.2556e-05
1.12064e-05
-6.67861e-05
1.74643e-05
-6.09211e-05
2.23515e-05
-5.5206e-05
2.60726e-05
-4.98038e-05
2.89299e-05
3.12821e-05
-4.4797e-05
-7.39487e-06
-9.49417e-05
-1.47613e-05
-9.50685e-05
-2.20433e-05
-9.32038e-05
-2.92727e-05
-9.08663e-05
-3.64635e-05
-8.80871e-05
-4.35942e-05
-8.47555e-05
-5.05918e-05
-8.07135e-05
-5.73201e-05
-7.57977e-05
-6.35749e-05
-6.98762e-05
-6.90944e-05
-6.28852e-05
-7.3589e-05
-5.4862e-05
-7.67869e-05
-4.59655e-05
-7.84898e-05
-3.64754e-05
-7.862e-05
-2.67637e-05
-7.72427e-05
-1.72414e-05
-7.45536e-05
-8.29279e-06
-7.08325e-05
-2.25914e-07
-6.64027e-05
6.77657e-06
-6.157e-05
1.26316e-05
-5.66021e-05
1.73837e-05
-5.17079e-05
2.11783e-05
-4.70296e-05
2.42515e-05
2.68947e-05
-4.26423e-05
-6.70456e-06
-8.82371e-05
-1.34387e-05
-8.83343e-05
-2.01119e-05
-8.65306e-05
-2.67191e-05
-8.42591e-05
-3.32463e-05
-8.156e-05
-3.96545e-05
-7.83473e-05
-4.58678e-05
-7.45002e-05
-5.17652e-05
-6.99004e-05
-5.71795e-05
-6.4462e-05
-6.19071e-05
-5.81577e-05
-6.57311e-05
-5.10381e-05
-6.84547e-05
-4.3242e-05
-6.99392e-05
-3.4991e-05
-7.01351e-05
-2.65678e-05
-6.90965e-05
-1.82801e-05
-6.69711e-05
-1.04182e-05
-6.39771e-05
-3.21988e-06
-6.03559e-05
3.15537e-06
-5.63552e-05
8.63085e-06
-5.21925e-05
1.32209e-05
-4.80427e-05
1.70285e-05
-4.40285e-05
2.02372e-05
2.30831e-05
-4.02171e-05
-6.02449e-06
-8.22126e-05
-1.2117e-05
-8.22417e-05
-1.81626e-05
-8.0485e-05
-2.41324e-05
-7.82894e-05
-2.9995e-05
-7.56973e-05
-3.57027e-05
-7.26396e-05
-4.11819e-05
-6.90211e-05
-4.63279e-05
-6.47545e-05
-5.10059e-05
-5.97841e-05
-5.50597e-05
-5.4104e-05
-5.83282e-05
-4.77697e-05
-6.06697e-05
-4.09005e-05
-6.19878e-05
-3.3673e-05
-6.22513e-05
-2.63043e-05
-6.15038e-05
-1.90276e-05
-5.98576e-05
-1.20645e-05
-5.7476e-05
-5.60143e-06
-5.45478e-05
2.27021e-07
-5.12658e-05
5.34879e-06
-4.78063e-05
9.76126e-06
-4.43142e-05
1.35363e-05
-4.08941e-05
1.6817e-05
1.97946e-05
-3.76055e-05
-5.38411e-06
-7.68285e-05
-1.08512e-05
-7.67745e-05
-1.6278e-05
-7.50583e-05
-2.1623e-05
-7.29443e-05
-2.68457e-05
-7.04746e-05
-3.18947e-05
-6.75905e-05
-3.67019e-05
-6.4214e-05
-4.11786e-05
-6.02779e-05
-4.52175e-05
-5.57452e-05
-4.86992e-05
-5.06223e-05
-5.15052e-05
-4.49638e-05
-5.35337e-05
-3.88719e-05
-5.47179e-05
-3.24889e-05
-5.50384e-05
-2.59838e-05
-5.45299e-05
-1.95361e-05
-5.3277e-05
-1.33174e-05
-5.14029e-05
-7.47561e-06
-4.9053e-05
-2.12302e-06
-4.63779e-05
2.67359e-06
-4.35191e-05
6.90235e-06
-4.05959e-05
1.06131e-05
-3.76968e-05
1.3918e-05
1.69723e-05
-3.48744e-05
-4.79425e-06
-7.20342e-05
-9.66591e-06
-7.19029e-05
-1.45e-05
-7.02242e-05
-1.92506e-05
-6.81937e-05
-2.38725e-05
-6.58527e-05
-2.83145e-05
-6.31485e-05
-3.25152e-05
-6.00133e-05
-3.64008e-05
-5.63922e-05
-3.98865e-05
-5.22595e-05
-4.28817e-05
-4.7627e-05
-4.52992e-05
-4.25463e-05
-4.70662e-05
-3.71049e-05
-4.81362e-05
-3.1419e-05
-4.84974e-05
-2.56227e-05
-4.81772e-05
-1.98564e-05
-4.72394e-05
-1.42553e-05
-4.57767e-05
-8.93837e-06
-4.39005e-05
-3.99931e-06
-4.17286e-05
5.01721e-07
-3.93743e-05
4.54801e-06
-3.69355e-05
8.17437e-06
-3.44868e-05
1.14693e-05
1.456e-05
-3.20744e-05
-4.24723e-06
-6.7787e-05
-8.56123e-06
-6.75889e-05
-1.28406e-05
-6.59448e-05
-1.70376e-05
-6.39966e-05
-2.1105e-05
-6.17853e-05
-2.49939e-05
-5.92596e-05
-2.86509e-05
-5.63563e-05
-3.20155e-05
-5.30275e-05
-3.50216e-05
-4.92534e-05
-3.76005e-05
-4.50481e-05
-3.96879e-05
-4.04588e-05
-4.12317e-05
-3.55612e-05
-4.21993e-05
-3.04515e-05
-4.25838e-05
-2.52382e-05
-4.24065e-05
-2.00338e-05
-4.17153e-05
-1.49465e-05
-4.05804e-05
-1.00733e-05
-3.90869e-05
-5.49279e-06
-3.73271e-05
-1.25809e-06
-3.53914e-05
2.61235e-06
-3.33604e-05
6.14346e-06
-3.12972e-05
9.40616e-06
1.25052e-05
-2.92423e-05
-3.72579e-06
-6.40612e-05
-7.52494e-06
-6.37898e-05
-1.12953e-05
-6.21744e-05
-1.49845e-05
-6.03073e-05
-1.85447e-05
-5.82251e-05
-2.19317e-05
-5.58726e-05
-2.5101e-05
-5.31871e-05
-2.80047e-05
-5.01239e-05
-3.05918e-05
-4.66664e-05
-3.28105e-05
-4.28294e-05
-3.46134e-05
-3.8656e-05
-3.59625e-05
-3.42122e-05
-3.68349e-05
-2.95791e-05
-3.72265e-05
-2.48467e-05
-3.71536e-05
-2.01067e-05
-3.66523e-05
-1.54478e-05
-3.57757e-05
-1.09499e-05
-3.45888e-05
-6.6796e-06
-3.31639e-05
-2.68305e-06
-3.15733e-05
1.02177e-06
-2.98835e-05
4.45376e-06
-2.81484e-05
7.67104e-06
1.07606e-05
-2.64039e-05
-3.21744e-06
-6.08438e-05
-6.54762e-06
-6.04596e-05
-9.85679e-06
-5.88653e-05
-1.30826e-05
-5.70815e-05
-1.61786e-05
-5.51293e-05
-1.91079e-05
-5.29434e-05
-2.18365e-05
-5.04586e-05
-2.43285e-05
-4.76319e-05
-2.65454e-05
-4.44496e-05
-2.84483e-05
-4.09265e-05
-3.00017e-05
-3.71027e-05
-3.11776e-05
-3.30363e-05
-3.19594e-05
-2.87974e-05
-3.23443e-05
-2.44616e-05
-3.2345e-05
-2.0106e-05
-3.19884e-05
-1.58043e-05
-3.13145e-05
-1.16238e-05
-3.0373e-05
-7.62112e-06
-2.922e-05
-3.83614e-06
-2.79134e-05
-2.84857e-07
-2.65085e-05
3.04883e-06
-2.50521e-05
6.21457e-06
9.28511e-06
-2.35766e-05
-2.71745e-06
-5.81263e-05
-5.62826e-06
-5.75488e-05
-8.52123e-06
-5.59723e-05
-1.13206e-05
-5.42822e-05
-1.3986e-05
-5.2464e-05
-1.64923e-05
-5.04371e-05
-1.88177e-05
-4.81332e-05
-2.09373e-05
-4.55123e-05
-2.28228e-05
-4.25641e-05
-2.44446e-05
-3.93047e-05
-2.57756e-05
-3.57717e-05
-2.67945e-05
-3.20174e-05
-2.74888e-05
-2.8103e-05
-2.78566e-05
-2.40938e-05
-2.79072e-05
-2.00554e-05
-2.76607e-05
-1.60508e-05
-2.71469e-05
-1.21377e-05
-2.64033e-05
-8.36484e-06
-2.54726e-05
-4.76688e-06
-2.44007e-05
-1.35677e-06
-2.32338e-05
1.88187e-06
-2.20142e-05
4.99497e-06
8.04376e-06
-2.07729e-05
-2.20677e-06
-5.59196e-05
-4.76682e-06
-5.49888e-05
-7.28625e-06
-5.3453e-05
-9.68413e-06
-5.18845e-05
-1.19402e-05
-5.0208e-05
-1.40481e-05
-4.83292e-05
-1.59992e-05
-4.61821e-05
-1.77778e-05
-4.37336e-05
-1.9363e-05
-4.09789e-05
-2.07314e-05
-3.79364e-05
-2.18613e-05
-3.46419e-05
-2.27358e-05
-3.11429e-05
-2.33453e-05
-2.74936e-05
-2.3688e-05
-2.37511e-05
-2.37711e-05
-1.99725e-05
-2.36093e-05
-1.62127e-05
-2.32246e-05
-1.25225e-05
-2.26441e-05
-8.94541e-06
-2.1899e-05
-5.51197e-06
-2.10239e-05
-2.23191e-06
-2.0057e-05
9.14948e-07
-1.90396e-05
3.97755e-06
7.00793e-06
-1.80037e-05
-1.66778e-06
-5.42518e-05
-3.97753e-06
-5.26791e-05
-6.15479e-06
-5.12759e-05
-8.15573e-06
-4.98836e-05
-1.0009e-05
-4.83548e-05
-1.17338e-05
-4.66044e-05
-1.33331e-05
-4.45828e-05
-1.47969e-05
-4.22699e-05
-1.61074e-05
-3.96684e-05
-1.72448e-05
-3.67992e-05
-1.81904e-05
-3.36963e-05
-1.89305e-05
-3.04029e-05
-1.94571e-05
-2.69671e-05
-1.97692e-05
-2.34391e-05
-1.98723e-05
-1.98695e-05
-1.97776e-05
-1.63075e-05
-1.95009e-05
-1.27993e-05
-1.90609e-05
-9.38539e-06
-1.84778e-05
-6.09509e-06
-1.77735e-05
-2.93618e-06
-1.69777e-05
1.19166e-07
-1.61351e-05
3.13501e-06
6.15648e-06
-1.52836e-05
-1.26332e-06
-5.29885e-05
-3.35564e-06
-5.05869e-05
-5.15063e-06
-4.9481e-05
-6.71831e-06
-4.8316e-05
-8.15717e-06
-4.69159e-05
-9.50731e-06
-4.52543e-05
-1.07739e-05
-4.33162e-05
-1.19453e-05
-4.10986e-05
-1.30027e-05
-3.86111e-05
-1.39268e-05
-3.58751e-05
-1.47011e-05
-3.29221e-05
-1.53137e-05
-2.97903e-05
-1.57585e-05
-2.65223e-05
-1.60353e-05
-2.31624e-05
-1.61491e-05
-1.97559e-05
-1.61093e-05
-1.63474e-05
-1.5928e-05
-1.29806e-05
-1.56174e-05
-9.69598e-06
-1.51867e-05
-6.5257e-06
-1.46422e-05
-3.48063e-06
-1.4e-05
-5.23019e-07
-1.33149e-05
2.44992e-06
5.47913e-06
-1.26376e-05
-1.45516e-06
-5.15334e-05
-3.06963e-06
-4.89726e-05
-4.29955e-06
-4.82511e-05
-5.34725e-06
-4.72682e-05
-6.34929e-06
-4.59139e-05
-7.33287e-06
-4.42707e-05
-8.28528e-06
-4.23639e-05
-9.18355e-06
-4.02005e-05
-1.00043e-05
-3.77904e-05
-1.07276e-05
-3.51519e-05
-1.13383e-05
-3.23114e-05
-1.18267e-05
-2.9302e-05
-1.21885e-05
-2.61605e-05
-1.24247e-05
-2.29264e-05
-1.25406e-05
-1.964e-05
-1.25459e-05
-1.63421e-05
-1.2452e-05
-1.30745e-05
-1.22687e-05
-9.87923e-06
-1.1997e-05
-6.79735e-06
-1.16226e-05
-3.85501e-06
-1.11346e-05
-1.01104e-06
-1.06051e-05
1.92041e-06
4.98398e-06
-1.011e-05
-2.60158e-06
-4.8932e-05
-3.1592e-06
-4.84151e-05
-3.53755e-06
-4.78728e-05
-3.9837e-06
-4.68221e-05
-4.5504e-06
-4.53472e-05
-5.18871e-06
-4.36325e-05
-5.84722e-06
-4.17056e-05
-6.48709e-06
-3.95607e-05
-7.08039e-06
-3.71971e-05
-7.60765e-06
-3.46246e-05
-8.05607e-06
-3.1863e-05
-8.41835e-06
-2.89397e-05
-8.69204e-06
-2.58869e-05
-8.87917e-06
-2.27394e-05
-8.98623e-06
-1.95329e-05
-9.02417e-06
-1.63042e-05
-9.0076e-06
-1.3091e-05
-8.95144e-06
-9.93533e-06
-8.8595e-06
-6.88928e-06
-8.69823e-06
-4.01631e-06
-8.39839e-06
-1.31094e-06
-8.049e-06
1.57096e-06
4.71119e-06
-7.77625e-06
-4.43282e-06
-4.44992e-05
-3.25378e-06
-4.95941e-05
-2.60108e-06
-4.85254e-05
-2.52505e-06
-4.68981e-05
-2.73665e-06
-4.51356e-05
-3.07471e-06
-4.32945e-05
-3.45978e-06
-4.13205e-05
-3.84769e-06
-3.91728e-05
-4.21262e-06
-3.68321e-05
-4.53934e-06
-3.42978e-05
-4.81899e-06
-3.15833e-05
-5.0471e-06
-2.87116e-05
-5.22268e-06
-2.57113e-05
-5.34815e-06
-2.26139e-05
-5.42992e-06
-1.94511e-05
-5.47969e-06
-1.62543e-05
-5.51636e-06
-1.30543e-05
-5.56743e-06
-9.88423e-06
-5.66497e-06
-6.79176e-06
-5.80247e-06
-3.87885e-06
-5.79919e-06
-1.31427e-06
-5.74056e-06
1.51229e-06
4.75378e-06
-5.78316e-06
-6.06827e-06
-2.08167e-06
-1.11776e-06
-9.03853e-07
-9.13081e-07
-1.00803e-06
-1.13426e-06
-1.26643e-06
-1.39238e-06
-1.50588e-06
-1.60369e-06
-1.68429e-06
-1.74754e-06
-1.79473e-06
-1.8293e-06
-1.85854e-06
-1.89728e-06
-1.97474e-06
-2.14776e-06
-2.53243e-06
-3.236e-06
-4.01102e-06
-4.51559e-06
-7.57633e-05
0.000283991
-0.000187199
0.000111436
-0.000225758
3.85589e-05
8.99115e-06
-0.00023475
0.000234987
0.000322953
0.00010188
0.000244544
9.69068e-06
0.000130748
4.91866e-05
-3.05048e-05
0.000336323
0.000270779
0.000333257
0.00024761
0.000287346
0.000176659
0.000102327
0.000234205
0.000305572
0.000202339
0.000352151
0.000201031
0.000361271
0.000167539
0.00012139
0.000342209
0.000212302
0.00015229
0.000262269
0.000151064
0.000292652
0.000137156
0.000113708
0.000300334
0.000135032
0.000122485
0.000166852
0.000119243
0.000192892
0.000111116
9.86896e-05
0.000207911
9.0017e-05
0.000104419
0.000108941
0.000100319
0.000125937
9.41203e-05
8.62559e-05
0.000138371
6.36544e-05
9.22684e-05
7.58783e-05
8.80952e-05
8.70123e-05
8.29864e-05
7.73054e-05
9.59629e-05
4.56486e-05
8.32815e-05
5.4359e-05
7.93849e-05
6.22356e-05
7.51099e-05
7.07306e-05
6.88106e-05
3.15811e-05
7.61692e-05
3.83063e-05
7.26598e-05
4.43577e-05
6.90586e-05
6.55586e-05
4.95297e-05
1.96583e-05
7.02294e-05
2.51947e-05
6.71235e-05
3.01799e-05
6.40734e-05
6.12121e-05
3.45264e-05
9.07752e-06
6.50451e-05
1.38744e-05
6.23266e-05
1.82105e-05
5.97373e-05
5.73682e-05
2.20545e-05
-5.16465e-07
6.0357e-05
3.81158e-06
5.79985e-05
7.7451e-06
5.58038e-05
5.38333e-05
1.128e-05
-9.24286e-06
5.59956e-05
-5.21401e-06
5.39697e-05
-1.52966e-06
5.21194e-05
5.04841e-05
1.8195e-06
-1.71095e-05
5.18447e-05
-1.32685e-05
5.01286e-05
-9.73558e-06
4.85865e-05
4.72434e-05
-6.49493e-06
-2.40757e-05
4.78295e-05
-2.03528e-05
4.64056e-05
-1.69121e-05
4.51457e-05
4.40648e-05
-1.37335e-05
-3.00902e-05
4.391e-05
-2.64489e-05
4.27643e-05
-2.30707e-05
4.17674e-05
4.09274e-05
-1.99334e-05
-3.5111e-05
4.0076e-05
-3.15419e-05
3.91952e-05
-2.822e-05
3.84454e-05
3.78298e-05
-2.51223e-05
-3.91173e-05
3.63401e-05
-3.56319e-05
3.57098e-05
-3.23781e-05
3.51916e-05
3.47851e-05
-2.93334e-05
-4.2115e-05
3.27306e-05
-3.87388e-05
3.23337e-05
-3.55774e-05
3.20301e-05
3.18171e-05
-3.26093e-05
-4.41386e-05
2.9284e-05
-4.09049e-05
2.91e-05
-3.78664e-05
2.89916e-05
2.89544e-05
-3.50037e-05
-4.52515e-05
2.60376e-05
-4.21942e-05
2.60427e-05
-3.93102e-05
2.61076e-05
2.62265e-05
-3.65823e-05
-4.55416e-05
2.30233e-05
-4.26905e-05
2.31917e-05
-3.99887e-05
2.34058e-05
2.36596e-05
-3.74218e-05
-4.5115e-05
2.02638e-05
-4.24917e-05
2.05684e-05
-3.99931e-05
2.09072e-05
2.12738e-05
-3.76073e-05
-4.40864e-05
1.77703e-05
-4.17029e-05
1.81849e-05
-3.94201e-05
1.86243e-05
1.90821e-05
-3.72284e-05
-4.25703e-05
1.55434e-05
-4.04291e-05
1.60437e-05
-3.83662e-05
1.65613e-05
1.70899e-05
-3.63741e-05
-4.06737e-05
1.35747e-05
-3.87692e-05
1.41391e-05
-3.69229e-05
1.4715e-05
1.52963e-05
-3.51293e-05
-3.84914e-05
1.18491e-05
-3.68115e-05
1.24591e-05
-3.51729e-05
1.30764e-05
1.36949e-05
-3.35714e-05
-3.61033e-05
1.03469e-05
-3.46319e-05
1.09879e-05
-3.31881e-05
1.16325e-05
1.22754e-05
-3.17686e-05
-3.3574e-05
9.04666e-06
-3.2293e-05
9.70692e-06
-3.10286e-05
1.03682e-05
1.10255e-05
-2.97787e-05
-3.09541e-05
7.92646e-06
-2.98445e-05
8.59739e-06
-2.87436e-05
9.2673e-06
9.93143e-06
-2.76495e-05
-2.82813e-05
6.96545e-06
-2.73249e-05
7.64099e-06
-2.63715e-05
8.31384e-06
8.97959e-06
-2.54196e-05
-2.55831e-05
6.14464e-06
-2.4763e-05
6.82084e-06
-2.39422e-05
7.49299e-06
8.15699e-06
-2.31196e-05
-2.28793e-05
5.44729e-06
-2.21804e-05
6.12195e-06
-2.14788e-05
6.79142e-06
7.45186e-06
-2.07737e-05
-2.01847e-05
4.85913e-06
-1.95942e-05
5.53152e-06
-1.90005e-05
6.19768e-06
6.85398e-06
-1.84025e-05
-1.75132e-05
4.36868e-06
-1.70209e-05
5.03924e-06
-1.65257e-05
5.70254e-06
6.35509e-06
-1.60268e-05
-1.48827e-05
3.96775e-06
-1.44813e-05
4.63793e-06
-1.40783e-05
5.29956e-06
5.94925e-06
-1.36725e-05
-1.23225e-05
3.65268e-06
-1.20091e-05
4.32448e-06
-1.16953e-05
4.98574e-06
5.63326e-06
-1.13793e-05
-9.88462e-06
3.42727e-06
-9.66186e-06
4.10172e-06
-9.43849e-06
4.76239e-06
5.40679e-06
-9.21199e-06
-7.65829e-06
3.30929e-06
-7.53763e-06
3.98107e-06
-7.4105e-06
4.63529e-06
5.27109e-06
-7.27477e-06
-5.80199e-06
3.32813e-06
-5.79914e-06
3.97824e-06
-5.77383e-06
4.61001e-06
5.22373e-06
-5.72644e-06
-4.63824e-06
-4.71971e-06
-4.76765e-06
-4.78745e-06
-0.000103047
-5.65912e-06
-4.1302e-05
-7.82125e-05
-4.40916e-06
-8.87341e-05
1.49412e-05
-6.73884e-05
2.31011e-05
-4.33073e-05
2.5843e-05
-2.57726e-05
2.61151e-05
-1.40153e-05
2.52051e-05
-6.00017e-06
2.36705e-05
-3.80325e-07
2.17709e-05
3.62012e-06
1.96543e-05
6.46574e-06
1.74141e-05
8.47875e-06
1.51119e-05
9.8841e-06
1.27858e-05
1.08257e-05
1.04502e-05
1.13814e-05
8.08854e-06
1.15816e-05
5.63262e-06
1.14324e-05
2.95998e-06
1.09583e-05
1.00977e-05
-1.14421e-05
-2.4722e-05
1.95578e-05
-0.000109212
3.58415e-05
-0.000105018
4.05584e-05
-7.21055e-05
3.9703e-05
-4.24519e-05
3.68745e-05
-2.29442e-05
3.36143e-05
-1.07551e-05
3.04104e-05
-2.79635e-06
2.73583e-05
2.67174e-06
2.44415e-05
6.53687e-06
2.16422e-05
9.26494e-06
1.89429e-05
1.1178e-05
1.63276e-05
1.24994e-05
1.37758e-05
1.33775e-05
1.12541e-05
1.39031e-05
8.70677e-06
1.41289e-05
6.04534e-06
1.40938e-05
3.15887e-06
1.38449e-05
1.32566e-05
0.000161297
4.81865e-05
0.000119125
-6.704e-05
9.14942e-05
-7.73872e-05
7.20501e-05
-5.26614e-05
5.84378e-05
-2.88395e-05
4.87137e-05
-1.32201e-05
4.1423e-05
-3.46453e-06
3.57512e-05
2.87533e-06
3.10838e-05
7.33908e-06
2.71011e-05
1.05196e-05
2.35867e-05
1.27792e-05
2.04003e-05
1.43643e-05
1.74438e-05
1.54558e-05
1.46383e-05
1.61831e-05
1.19079e-05
1.66333e-05
9.1692e-06
1.68676e-05
6.32448e-06
1.69385e-05
3.27477e-06
1.68946e-05
1.65313e-05
0.000264893
0.000125502
0.00018944
8.41316e-06
0.000132931
-2.08782e-05
9.62618e-05
-1.59924e-05
7.32876e-05
-5.86529e-06
5.83488e-05
1.71863e-06
4.79689e-05
6.91531e-06
4.02489e-05
1.05953e-05
3.42364e-05
1.33514e-05
2.93424e-05
1.54135e-05
2.52037e-05
1.69178e-05
2.15833e-05
1.79846e-05
1.83159e-05
1.87232e-05
1.52755e-05
1.92233e-05
1.23546e-05
1.95542e-05
9.45166e-06
1.97706e-05
6.46726e-06
1.99229e-05
3.31594e-06
2.00459e-05
1.98472e-05
0.000259149
0.000166687
0.000195277
7.22858e-05
0.000141837
3.25615e-05
0.000104765
2.10796e-05
8.03297e-05
1.85699e-05
6.37629e-05
1.82853e-05
5.19876e-05
1.86906e-05
4.31941e-05
1.93886e-05
3.6365e-05
2.01805e-05
3.08692e-05
2.09091e-05
2.6294e-05
2.1493e-05
2.23569e-05
2.19217e-05
1.88557e-05
2.22243e-05
1.56363e-05
2.24427e-05
1.25726e-05
2.26178e-05
9.55535e-06
2.27878e-05
6.48814e-06
2.299e-05
3.29784e-06
2.32361e-05
2.3145e-05
0.000200936
0.000173662
0.00016578
0.000107441
0.00012945
6.88924e-05
0.000100948
4.9581e-05
8.00968e-05
3.94212e-05
6.47729e-05
3.36091e-05
5.32356e-05
3.02279e-05
4.43167e-05
2.83074e-05
3.72541e-05
2.72431e-05
3.15226e-05
2.66406e-05
2.67457e-05
2.62699e-05
2.26471e-05
2.60201e-05
1.90194e-05
2.58519e-05
1.57013e-05
2.57608e-05
1.25622e-05
2.57568e-05
9.49331e-06
2.58566e-05
6.40502e-06
2.60783e-05
3.23387e-06
2.64072e-05
2.63789e-05
0.000144772
0.000167262
0.000130462
0.000121752
0.000110009
8.93448e-05
9.09678e-05
6.86224e-05
7.51441e-05
5.52449e-05
6.23521e-05
4.64011e-05
5.20463e-05
4.05337e-05
4.3708e-05
3.66457e-05
3.69036e-05
3.40474e-05
3.12751e-05
3.2269e-05
2.65302e-05
3.10147e-05
2.2434e-05
3.01163e-05
1.87987e-05
2.94871e-05
1.54735e-05
2.9086e-05
1.23348e-05
2.88954e-05
9.28156e-06
2.89099e-05
6.23264e-06
2.91272e-05
3.13226e-06
2.95076e-05
2.95112e-05
0.000105162
0.000158062
0.000101152
0.000125762
9.08042e-05
9.96931e-05
7.89633e-05
8.04632e-05
6.76914e-05
6.65169e-05
5.76597e-05
5.64328e-05
4.90088e-05
4.91845e-05
4.16642e-05
4.39902e-05
3.54605e-05
4.02511e-05
3.02e-05
3.75295e-05
2.56863e-05
3.55284e-05
2.17419e-05
3.40607e-05
1.82135e-05
3.30155e-05
1.49718e-05
3.23276e-05
1.1909e-05
3.19582e-05
8.93603e-06
3.18828e-05
5.98187e-06
3.20813e-05
2.99733e-06
3.24921e-05
3.25085e-05
7.7801e-05
0.000149072
7.84272e-05
0.000125135
7.38278e-05
0.000104293
6.6846e-05
8.74451e-05
5.91599e-05
7.4203e-05
5.16424e-05
6.39503e-05
4.47179e-05
5.6109e-05
3.85488e-05
5.01592e-05
3.31445e-05
4.56554e-05
2.84312e-05
4.22428e-05
2.42984e-05
3.96611e-05
2.0627e-05
3.77321e-05
1.73037e-05
3.63388e-05
1.42266e-05
3.54047e-05
1.13076e-05
3.48772e-05
8.47259e-06
3.47179e-05
5.66157e-06
3.48924e-05
2.8319e-06
3.53218e-05
3.53404e-05
5.7757e-05
0.000140845
6.0473e-05
0.000122419
5.91195e-05
0.000105646
5.53403e-05
9.12243e-05
5.03593e-05
7.91841e-05
4.49758e-05
6.93338e-05
3.96736e-05
6.14112e-05
3.47108e-05
5.5122e-05
3.01925e-05
5.01737e-05
2.61281e-05
4.63072e-05
2.24745e-05
4.33148e-05
1.91642e-05
4.10424e-05
1.61222e-05
3.93808e-05
1.32753e-05
3.82516e-05
1.05566e-05
3.75959e-05
7.90783e-06
3.73667e-05
5.2804e-06
3.75198e-05
2.63887e-06
3.79634e-05
3.79793e-05
4.20733e-05
0.000133298
4.57686e-05
0.000118724
4.63161e-05
0.000105099
4.46879e-05
9.28526e-05
4.174e-05
8.2132e-05
3.81173e-05
7.29565e-05
3.42623e-05
6.52662e-05
3.04493e-05
5.8935e-05
2.68254e-05
5.37976e-05
2.34504e-05
4.96823e-05
2.0329e-05
4.64361e-05
1.74352e-05
4.39362e-05
1.47276e-05
4.20885e-05
1.21594e-05
4.08198e-05
9.6843e-06
4.00711e-05
7.25948e-06
3.97916e-05
4.84793e-06
3.99314e-05
2.42192e-06
4.03894e-05
4.04012e-05
2.91187e-05
0.000126234
3.33306e-05
0.000114512
3.50744e-05
0.000103355
3.49512e-05
9.29758e-05
3.35523e-05
8.35309e-05
3.13683e-05
7.51404e-05
2.87674e-05
6.7867e-05
2.6003e-05
6.16995e-05
2.32328e-05
5.65678e-05
2.05433e-05
5.23718e-05
1.79712e-05
4.90083e-05
1.55211e-05
4.63863e-05
1.31792e-05
4.44304e-05
1.09215e-05
4.30777e-05
8.71991e-06
4.22727e-05
6.54635e-06
4.19652e-05
4.37481e-06
4.2103e-05
2.18561e-06
4.25786e-05
4.25868e-05
1.80423e-05
0.000119472
2.25865e-05
0.000109968
2.51535e-05
0.000100788
2.61334e-05
9.19959e-05
2.59354e-05
8.37287e-05
2.49229e-05
7.61529e-05
2.33889e-05
6.94009e-05
2.15529e-05
6.35355e-05
1.95676e-05
5.85532e-05
1.75305e-05
5.44089e-05
1.5498e-05
5.10409e-05
1.34966e-05
4.83878e-05
1.15332e-05
4.63939e-05
9.60259e-06
4.50084e-05
7.69252e-06
4.41829e-05
5.78771e-06
4.38701e-05
3.87249e-06
4.40182e-05
1.93514e-06
4.4516e-05
4.4522e-05
8.41992e-06
0.000112871
1.32217e-05
0.000105166
1.63994e-05
9.76102e-05
1.82177e-05
9.01775e-05
1.89627e-05
8.29837e-05
1.8901e-05
7.62145e-05
1.82622e-05
7.00398e-05
1.72309e-05
6.45667e-05
1.59476e-05
5.98365e-05
1.45124e-05
5.58441e-05
1.29919e-05
5.25614e-05
1.14272e-05
4.99525e-05
9.84057e-06
4.79806e-05
8.2412e-06
4.66078e-05
6.62995e-06
4.57942e-05
5.00258e-06
4.54975e-05
3.35267e-06
4.56682e-05
1.67602e-06
4.61927e-05
4.6198e-05
3.0879e-08
0.000106345
5.05769e-06
0.000100139
8.70928e-06
9.39585e-05
1.1177e-05
8.77098e-05
1.26652e-05
8.14954e-05
1.33711e-05
7.55085e-05
1.34741e-05
6.99367e-05
1.31287e-05
6.49121e-05
1.24606e-05
6.05045e-05
1.15672e-05
5.67375e-05
1.05199e-05
5.36087e-05
9.36841e-06
5.1104e-05
8.14563e-06
4.92034e-05
6.87174e-06
4.78818e-05
5.55786e-06
4.71081e-05
4.20898e-06
4.68464e-05
2.82672e-06
4.70505e-05
1.4137e-06
4.76057e-05
4.76118e-05
-7.22242e-06
9.98342e-05
-2.01509e-06
9.49319e-05
2.00407e-06
8.99393e-05
4.97523e-06
8.47386e-05
7.04649e-06
7.94241e-05
8.36638e-06
7.41886e-05
9.07686e-06
6.92262e-05
9.3072e-06
6.46818e-05
9.16909e-06
6.06426e-05
8.75431e-06
5.71523e-05
8.13497e-06
5.42281e-05
7.36558e-06
5.18734e-05
6.48593e-06
5.00831e-05
5.5241e-06
4.88436e-05
4.49908e-06
4.81331e-05
3.42332e-06
4.79222e-05
2.30517e-06
4.81687e-05
1.15329e-06
4.87577e-05
4.87651e-05
-1.34301e-05
9.33309e-05
-8.08008e-06
8.95819e-05
-3.78303e-06
8.56423e-05
-4.29807e-07
8.13854e-05
2.09209e-06
7.69022e-05
3.89667e-06
7.23839e-05
5.09783e-06
6.8025e-05
5.80465e-06
6.39749e-05
6.11593e-06
6.03313e-05
6.11673e-06
5.71515e-05
5.87753e-06
5.44673e-05
5.4547e-06
5.22962e-05
4.89218e-06
5.06455e-05
4.22343e-06
4.95123e-05
3.47331e-06
4.88832e-05
2.66001e-06
4.87355e-05
1.79742e-06
4.90313e-05
8.99259e-07
4.96559e-05
4.96644e-05
-1.8645e-05
8.68536e-05
-1.32067e-05
8.41437e-05
-8.71522e-06
8.11508e-05
-5.08251e-06
7.77526e-05
-2.2219e-06
7.40415e-05
-4.31804e-08
7.02051e-05
1.5474e-06
6.64344e-05
2.64231e-06
6.288e-05
3.32863e-06
5.9645e-05
3.68443e-06
5.67957e-05
3.77722e-06
5.43745e-05
3.66328e-06
5.24101e-05
3.38865e-06
5.09201e-05
2.9902e-06
4.99107e-05
2.49689e-06
4.93765e-05
1.93128e-06
4.93011e-05
1.31151e-06
4.96511e-05
6.55243e-07
5.03122e-05
5.03196e-05
-2.2924e-05
8.04442e-05
-1.74582e-05
7.8678e-05
-1.28509e-05
7.65435e-05
-9.02984e-06
7.39315e-05
-5.926e-06
7.09376e-05
-3.46678e-06
6.77459e-05
-1.57481e-06
6.45424e-05
-1.70683e-07
6.14759e-05
8.22655e-07
5.86517e-05
1.47674e-06
5.61416e-05
1.85466e-06
5.39965e-05
2.01146e-06
5.22532e-05
1.99374e-06
5.09378e-05
1.84036e-06
5.00641e-05
1.58295e-06
4.96339e-05
1.24712e-06
4.96369e-05
8.54151e-07
5.00441e-05
4.23613e-07
5.07427e-05
5.07432e-05
-2.63239e-05
7.41589e-05
-2.08952e-05
7.32493e-05
-1.62462e-05
7.18944e-05
-1.23172e-05
7.00025e-05
-9.05317e-06
6.76736e-05
-6.39507e-06
6.50878e-05
-4.27806e-06
6.24254e-05
-2.63382e-06
5.98317e-05
-1.39435e-06
5.74122e-05
-4.95215e-07
5.52424e-05
1.22851e-07
5.33784e-05
5.12686e-07
5.18633e-05
7.20577e-07
5.07298e-05
7.85751e-07
4.99989e-05
7.41446e-07
4.96782e-05
6.153e-07
4.97631e-05
4.30975e-07
5.02284e-05
2.04839e-07
5.09688e-05
5.0948e-05
-2.89052e-05
6.80604e-05
-2.35781e-05
6.79222e-05
-1.89557e-05
6.7272e-05
-1.49902e-05
6.60369e-05
-1.16381e-05
6.43215e-05
-8.85165e-06
6.23013e-05
-6.57639e-06
6.01502e-05
-4.75357e-06
5.80088e-05
-3.32328e-06
5.59819e-05
-2.22728e-06
5.41464e-05
-1.41087e-06
5.25619e-05
-8.24053e-07
5.12765e-05
-4.22087e-07
5.03279e-05
-1.65531e-07
4.97423e-05
-2.06233e-08
4.95333e-05
4.08784e-08
4.97015e-05
4.08226e-08
5.02284e-05
-1.52994e-09
5.10112e-05
5.09465e-05
-3.07326e-05
6.22108e-05
-2.55679e-05
6.27576e-05
-2.10339e-05
6.2738e-05
-1.70946e-05
6.20976e-05
-1.37172e-05
6.09441e-05
-1.08633e-05
5.94475e-05
-8.48797e-06
5.77748e-05
-6.54068e-06
5.60615e-05
-4.96887e-06
5.441e-05
-3.72031e-06
5.28977e-05
-2.74487e-06
5.15864e-05
-1.99569e-06
5.05273e-05
-1.42983e-06
4.9762e-05
-1.00877e-06
4.93212e-05
-6.98787e-07
4.92233e-05
-4.71126e-07
4.94739e-05
-3.02903e-07
5.00602e-05
-1.90387e-07
5.08986e-05
5.07561e-05
-3.18762e-05
5.66651e-05
-2.69275e-05
5.78089e-05
-2.25357e-05
5.83462e-05
-1.86768e-05
5.82387e-05
-1.53277e-05
5.7595e-05
-1.24591e-05
5.65789e-05
-1.00341e-05
5.53496e-05
-8.00973e-06
5.40371e-05
-6.34026e-06
5.27405e-05
-4.97915e-06
5.15366e-05
-3.88081e-06
5.0488e-05
-3.00168e-06
4.96481e-05
-2.30112e-06
4.90614e-05
-1.74196e-06
4.87621e-05
-1.29119e-06
4.87725e-05
-9.20395e-07
4.9103e-05
-6.07314e-07
4.97471e-05
-3.43765e-07
5.06351e-05
5.04124e-05
-3.24099e-05
5.14676e-05
-2.77213e-05
5.31203e-05
-2.35167e-05
5.41415e-05
-1.97835e-05
5.45055e-05
-1.65083e-05
5.43196e-05
-1.36697e-05
5.37402e-05
-1.12382e-05
5.29181e-05
-9.17808e-06
5.19768e-05
-7.44969e-06
5.1012e-05
-6.01192e-06
5.00987e-05
-4.82361e-06
4.92997e-05
-3.84468e-06
4.86691e-05
-3.03698e-06
4.82537e-05
-2.36513e-06
4.80902e-05
-1.79721e-06
4.82045e-05
-1.30539e-06
4.86112e-05
-8.67278e-07
4.9309e-05
-4.70801e-07
5.02387e-05
4.99416e-05
-3.24099e-05
4.6649e-05
-2.80146e-05
4.87248e-05
-2.40324e-05
5.01592e-05
-2.04618e-05
5.09348e-05
-1.72977e-05
5.11555e-05
-1.45265e-05
5.09689e-05
-1.21255e-05
5.05169e-05
-1.00651e-05
4.99163e-05
-8.31169e-06
4.92584e-05
-6.82915e-06
4.86161e-05
-5.58066e-06
4.80511e-05
-4.5296e-06
4.7618e-05
-3.64054e-06
4.73645e-05
-2.88008e-06
4.73297e-05
-2.21768e-06
4.75421e-05
-1.62632e-06
4.80199e-05
-1.08342e-06
4.87662e-05
-5.73787e-07
4.97291e-05
4.93678e-05
-3.19517e-05
4.22266e-05
-2.78717e-05
4.46448e-05
-2.41377e-05
4.64251e-05
-2.0758e-05
4.75549e-05
-1.7735e-05
4.81324e-05
-1.50619e-05
4.82956e-05
-1.2722e-05
4.81769e-05
-1.06916e-05
4.78859e-05
-8.94248e-06
4.75092e-05
-7.44326e-06
4.71168e-05
-6.16124e-06
4.6769e-05
-5.06325e-06
4.65199e-05
-4.11662e-06
4.64178e-05
-3.29012e-06
4.65031e-05
-2.55482e-06
4.68068e-05
-1.88465e-06
4.73497e-05
-1.2571e-06
4.81386e-05
-6.54642e-07
4.91266e-05
4.87132e-05
-3.11075e-05
3.82047e-05
-2.73547e-05
4.08919e-05
-2.38858e-05
4.29561e-05
-2.07173e-05
4.43864e-05
-1.78584e-05
4.52734e-05
-1.53076e-05
4.57448e-05
-1.30541e-05
4.59232e-05
-1.10792e-05
4.5911e-05
-9.35941e-06
4.57894e-05
-7.86798e-06
4.56252e-05
-6.57606e-06
4.54769e-05
-5.45382e-06
4.53976e-05
-4.47139e-06
4.54353e-05
-3.59983e-06
4.56315e-05
-2.81193e-06
4.60189e-05
-2.08278e-06
4.66205e-05
-1.39019e-06
4.7446e-05
-7.15046e-07
4.84514e-05
4.79981e-05
-2.99443e-05
3.45775e-05
-2.65213e-05
3.74689e-05
-2.33266e-05
3.97613e-05
-2.03829e-05
4.14427e-05
-1.77046e-05
4.25951e-05
-1.52951e-05
4.33353e-05
-1.31481e-05
4.37761e-05
-1.12496e-05
4.40124e-05
-9.58043e-06
4.41201e-05
-8.11789e-06
4.41626e-05
-6.83681e-06
4.41957e-05
-5.71058e-06
4.42713e-05
-4.71211e-06
4.44368e-05
-3.81477e-06
4.47341e-05
-2.99319e-06
4.51973e-05
-2.22379e-06
4.58511e-05
-1.4849e-06
4.67071e-05
-7.56475e-07
4.77229e-05
4.72415e-05
-2.8522e-05
3.1331e-05
-2.54245e-05
3.43714e-05
-2.25064e-05
3.68432e-05
-1.97952e-05
3.87314e-05
-1.73088e-05
4.01088e-05
-1.50545e-05
4.1081e-05
-1.30297e-05
4.17513e-05
-1.12245e-05
4.22071e-05
-9.62367e-06
4.25192e-05
-8.20802e-06
4.27469e-05
-6.95582e-06
4.29435e-05
-5.84354e-06
4.31589e-05
-4.8468e-06
4.344e-05
-3.94125e-06
4.38286e-05
-3.10344e-06
4.43594e-05
-2.31122e-06
4.50588e-05
-1.54371e-06
4.59395e-05
-7.80364e-07
4.69595e-05
4.64611e-05
-2.68932e-05
2.84455e-05
-2.41114e-05
3.15896e-05
-2.14674e-05
3.41992e-05
-1.89912e-05
3.62553e-05
-1.67035e-05
3.78211e-05
-1.46141e-05
3.89915e-05
-1.27235e-05
3.98607e-05
-1.10252e-05
4.05087e-05
-9.50712e-06
4.1001e-05
-8.15353e-06
4.13932e-05
-6.94576e-06
4.17357e-05
-5.86317e-06
4.20763e-05
-4.88397e-06
4.24608e-05
-3.98608e-06
4.29306e-05
-3.14798e-06
4.35212e-05
-2.34903e-06
4.42598e-05
-1.56929e-06
4.51596e-05
-7.88165e-07
4.61783e-05
4.56729e-05
-2.51024e-05
2.58984e-05
-2.2623e-05
2.91102e-05
-2.02468e-05
3.1823e-05
-1.80048e-05
3.40134e-05
-1.59189e-05
3.57352e-05
-1.40006e-05
3.70733e-05
-1.22529e-05
3.8113e-05
-1.06719e-05
3.89276e-05
-9.24832e-06
3.95775e-05
-7.96942e-06
4.01143e-05
-6.81935e-06
4.05856e-05
-5.78013e-06
4.10371e-05
-4.83244e-06
4.15131e-05
-3.95642e-06
4.20546e-05
-3.13242e-06
4.26972e-05
-2.34139e-06
4.34687e-05
-1.56447e-06
4.43826e-05
-7.81346e-07
4.5395e-05
4.48915e-05
-2.31871e-05
2.36658e-05
-2.09948e-05
2.6918e-05
-1.88776e-05
2.97059e-05
-1.68662e-05
3.20019e-05
-1.49824e-05
3.38514e-05
-1.32388e-05
3.53297e-05
-1.16399e-05
3.65141e-05
-1.01839e-05
3.74716e-05
-8.86422e-06
3.82577e-05
-7.6704e-06
3.89204e-05
-6.5892e-06
3.95043e-05
-5.60513e-06
4.0053e-05
-4.70117e-06
4.06091e-05
-3.85959e-06
4.12129e-05
-3.0626e-06
4.19001e-05
-2.2927e-06
4.26987e-05
-1.53221e-06
4.36221e-05
-7.61413e-07
4.46242e-05
4.41301e-05
-2.11781e-05
2.17243e-05
-1.92569e-05
2.49968e-05
-1.73887e-05
2.78378e-05
-1.56024e-05
3.02156e-05
-1.3919e-05
3.2168e-05
-1.23514e-05
3.3762e-05
-1.09051e-05
3.50678e-05
-9.5799e-06
3.61464e-05
-8.37116e-06
3.70489e-05
-7.27076e-06
3.782e-05
-6.26771e-06
3.85013e-05
-5.34878e-06
3.9134e-05
-4.49914e-06
3.97594e-05
-3.70304e-06
4.04168e-05
-2.94447e-06
4.11415e-05
-2.20747e-06
4.19617e-05
-1.4756e-06
4.28902e-05
-7.29941e-07
4.38785e-05
4.34002e-05
-1.91014e-05
2.0052e-05
-1.74358e-05
2.33313e-05
-1.5806e-05
2.6208e-05
-1.42383e-05
2.86479e-05
-1.27522e-05
3.06818e-05
-1.13602e-05
3.23699e-05
-1.00683e-05
3.37758e-05
-8.87754e-06
3.49556e-05
-7.78504e-06
3.59564e-05
-6.78455e-06
3.68195e-05
-5.86716e-06
3.75838e-05
-5.02171e-06
3.82885e-05
-4.23538e-06
3.8973e-05
-3.4943e-06
3.96756e-05
-2.78415e-06
4.04313e-05
-2.09042e-06
4.12679e-05
-1.3979e-06
4.21976e-05
-6.88616e-07
4.31693e-05
4.27116e-05
-1.69801e-05
1.86296e-05
-1.55556e-05
2.19068e-05
-1.41539e-05
2.48063e-05
-1.27977e-05
2.72916e-05
-1.15046e-05
2.93886e-05
-1.02862e-05
3.11514e-05
-9.14885e-06
3.26384e-05
-8.09456e-06
3.39012e-05
-7.12175e-06
3.49835e-05
-6.2259e-06
3.59236e-05
-5.39995e-06
3.67578e-05
-4.63466e-06
3.75232e-05
-3.91909e-06
3.82574e-05
-3.24112e-06
3.89976e-05
-2.58796e-06
3.97781e-05
-1.94644e-06
4.06264e-05
-1.30252e-06
4.15537e-05
-6.39256e-07
4.2506e-05
4.20723e-05
-1.48379e-05
1.74407e-05
-1.36419e-05
2.07108e-05
-1.24581e-05
2.36225e-05
-1.13057e-05
2.61391e-05
-1.02001e-05
2.82829e-05
-9.15187e-06
3.01032e-05
-8.16753e-06
3.1654e-05
-7.24976e-06
3.29834e-05
-6.3982e-06
3.41319e-05
-5.60984e-06
3.51352e-05
-4.8793e-06
3.60272e-05
-4.19913e-06
3.6843e-05
-3.56013e-06
3.76184e-05
-2.95178e-06
3.83893e-05
-2.3627e-06
3.91891e-05
-1.78086e-06
4.00446e-05
-1.19323e-06
4.09661e-05
-5.83872e-07
4.18967e-05
4.14885e-05
-1.27046e-05
1.64728e-05
-1.17256e-05
1.97317e-05
-1.07497e-05
2.26465e-05
-9.79232e-06
2.51817e-05
-8.86695e-06
2.73574e-05
-7.98347e-06
2.92196e-05
-7.14833e-06
3.08188e-05
-6.3649e-06
3.21999e-05
-5.63391e-06
3.34009e-05
-4.95369e-06
3.44549e-05
-4.32042e-06
3.53939e-05
-3.72828e-06
3.62508e-05
-3.16971e-06
3.70598e-05
-2.63569e-06
3.78552e-05
-2.11606e-06
3.86694e-05
-1.59972e-06
3.95282e-05
-1.07433e-06
4.04408e-05
-5.24849e-07
4.13472e-05
4.09636e-05
-1.06233e-05
1.57167e-05
-9.85046e-06
1.89589e-05
-9.07085e-06
2.18668e-05
-8.29743e-06
2.44083e-05
-7.54228e-06
2.66022e-05
-6.81494e-06
2.84922e-05
-6.12209e-06
3.01259e-05
-5.46778e-06
3.15456e-05
-4.85369e-06
3.27867e-05
-4.2794e-06
3.38806e-05
-3.7425e-06
3.4857e-05
-3.23867e-06
3.5747e-05
-2.7619e-06
3.6583e-05
-2.30454e-06
3.73979e-05
-1.85754e-06
3.82224e-05
-1.41044e-06
3.90811e-05
-9.51187e-07
3.99815e-05
-4.65244e-07
4.08612e-05
4.04983e-05
-8.66064e-06
1.51654e-05
-8.08127e-06
1.83795e-05
-7.48273e-06
2.12683e-05
-6.87754e-06
2.38031e-05
-6.27779e-06
2.60025e-05
-5.69331e-06
2.79077e-05
-5.1313e-06
2.95639e-05
-4.59652e-06
3.10108e-05
-4.09157e-06
3.22818e-05
-3.61707e-06
3.34061e-05
-3.17184e-06
3.44118e-05
-2.75298e-06
3.53281e-05
-2.35586e-06
3.61859e-05
-1.9742e-06
3.70162e-05
-1.59996e-06
3.78482e-05
-1.2231e-06
3.87042e-05
-8.31235e-07
3.95896e-05
-4.09517e-07
4.04395e-05
4.00888e-05
-6.91776e-06
1.48084e-05
-6.51306e-06
1.79749e-05
-6.07315e-06
2.08284e-05
-5.61316e-06
2.33431e-05
-5.14685e-06
2.55362e-05
-4.68516e-06
2.7446e-05
-4.23612e-06
2.91148e-05
-3.80525e-06
3.05799e-05
-3.39591e-06
3.18725e-05
-3.0096e-06
3.30198e-05
-2.64615e-06
3.40484e-05
-2.30381e-06
3.49858e-05
-1.97928e-06
3.58614e-05
-1.66763e-06
3.67046e-05
-1.36198e-06
3.75425e-05
-1.05275e-06
3.8395e-05
-7.26292e-07
3.92631e-05
-3.65397e-07
4.00785e-05
3.97234e-05
-5.53996e-06
1.4622e-05
-5.27895e-06
1.77139e-05
-4.96355e-06
2.0513e-05
-4.6151e-06
2.29946e-05
-4.25054e-06
2.51716e-05
-3.88249e-06
2.7078e-05
-3.52001e-06
2.87524e-05
-3.16931e-06
3.02292e-05
-2.83431e-06
3.15375e-05
-2.51712e-06
3.27026e-05
-2.21826e-06
3.37495e-05
-1.93686e-06
3.47044e-05
-1.67075e-06
3.55952e-05
-1.41638e-06
3.64502e-05
-1.16862e-06
3.72947e-05
-9.19668e-07
3.8146e-05
-6.55918e-07
3.89993e-05
-3.51784e-07
3.97744e-05
3.93716e-05
-4.72903e-06
-4.55603e-06
-4.31232e-06
-4.02657e-06
-3.71895e-06
-3.40359e-06
-3.09024e-06
-2.78547e-06
-2.49342e-06
-2.21635e-06
-1.95502e-06
-1.70887e-06
-1.47625e-06
-1.25451e-06
-1.03993e-06
-8.27013e-07
-6.05189e-07
-3.4687e-07
)
;

boundaryField
{
    leftWall
    {
        type            calculated;
        value           uniform 0;
    }
    rightWall
    {
        type            calculated;
        value           uniform 0;
    }
    lowerWall
    {
        type            calculated;
        value           uniform 0;
    }
    atmosphere
    {
        type            calculated;
        value           nonuniform List<scalar> 
46
(
-3.84309e-05
-5.35807e-05
-4.94893e-05
-4.7112e-05
-4.51265e-05
-4.31996e-05
-4.11943e-05
-3.90406e-05
-3.67061e-05
-3.41842e-05
-3.14855e-05
-2.8631e-05
-2.56481e-05
-2.25667e-05
-1.94165e-05
-1.62251e-05
-1.30155e-05
-9.80677e-06
-6.61877e-06
-3.49421e-06
-6.10731e-07
2.2873e-06
5.25836e-06
3.4508e-06
4.05973e-06
4.65798e-06
5.24355e-06
1.45636e-05
1.75409e-05
2.02693e-05
2.27089e-05
2.4864e-05
2.67626e-05
2.8439e-05
2.99245e-05
3.12454e-05
3.24256e-05
3.34882e-05
3.44583e-05
3.53626e-05
3.62284e-05
3.70801e-05
3.79331e-05
3.87774e-05
3.9516e-05
3.90247e-05
)
;
    }
    defaultFaces
    {
        type            empty;
        value           nonuniform List<scalar> 0();
    }
}


// ************************************************************************* //
