/*--------------------------------*- C++ -*----------------------------------*\
| =========                 |                                                 |
| \\      /  F ield         | OpenFOAM: The Open Source CFD Toolbox           |
|  \\    /   O peration     | Version:  v2012                                 |
|   \\  /    A nd           | Website:  www.openfoam.com                      |
|    \\/     M anipulation  |                                                 |
\*---------------------------------------------------------------------------*/
FoamFile
{
    version     2.0;
    format      ascii;
    class       surfaceScalarField;
    location    "0.4";
    object      phi;
}
// * * * * * * * * * * * * * * * * * * * * * * * * * * * * * * * * * * * * * //

dimensions      [0 3 -1 0 0 0 0];
oriented        oriented;


internalField   nonuniform List<scalar> 
4432
(
-5.29432e-06
5.29432e-06
-5.66705e-06
3.72725e-07
-2.43527e-06
-3.23178e-06
1.98762e-06
-4.42288e-06
6.71759e-06
-4.72998e-06
1.13005e-05
-4.58289e-06
1.55797e-05
-4.27924e-06
1.95294e-05
-3.94973e-06
2.31653e-05
-3.6359e-06
2.65054e-05
-3.34005e-06
2.95505e-05
-3.04513e-06
3.22713e-05
-2.72075e-06
3.45957e-05
-2.32447e-06
3.63839e-05
-1.78819e-06
3.73849e-05
-1.00093e-06
3.70638e-05
3.21122e-07
3.46325e-05
2.43128e-06
2.9444e-05
5.18847e-06
2.10097e-05
8.43429e-06
9.62741e-06
1.13823e-05
-3.47868e-06
1.31061e-05
-1.14677e-05
7.98898e-06
-1.14677e-05
-3.18873e-06
8.48305e-06
-1.81488e-06
-1.00113e-06
1.39568e-06
-6.44234e-06
5.55118e-06
-8.57838e-06
9.95819e-06
-9.13698e-06
1.42854e-05
-8.91007e-06
1.83879e-05
-8.38178e-06
2.22206e-05
-7.78241e-06
2.57791e-05
-7.19438e-06
2.90648e-05
-6.62583e-06
3.2066e-05
-6.04631e-06
3.47451e-05
-5.39979e-06
3.70281e-05
-4.60748e-06
3.87944e-05
-3.55454e-06
3.98733e-05
-2.07977e-06
4.00871e-05
1.07262e-07
3.91504e-05
3.36801e-06
3.63397e-05
7.99918e-06
3.07263e-05
1.40477e-05
2.15497e-05
2.05589e-05
9.59762e-06
2.50582e-05
8.80059e-08
1.74986e-05
-1.13796e-05
-1.03933e-06
9.52238e-06
8.85825e-07
-2.92628e-06
4.11188e-06
-9.6684e-06
8.05476e-06
-1.25213e-05
1.2188e-05
-1.32702e-05
1.62556e-05
-1.29777e-05
2.01393e-05
-1.22655e-05
2.37956e-05
-1.14388e-05
2.72122e-05
-1.0611e-05
3.03802e-05
-9.79384e-06
3.32793e-05
-8.9454e-06
3.58676e-05
-7.98801e-06
3.80727e-05
-6.81262e-06
3.97852e-05
-5.26701e-06
4.08486e-05
-3.1432e-06
4.10992e-05
-1.43372e-07
4.03325e-05
4.13479e-06
3.82299e-05
1.01018e-05
3.43073e-05
1.79702e-05
2.7921e-05
2.69452e-05
1.88083e-05
3.4171e-05
8.25076e-06
2.80561e-05
-3.12889e-06
7.65109e-07
8.75727e-06
3.01735e-06
-5.17852e-06
6.34689e-06
-1.29979e-05
1.0156e-05
-1.63303e-05
1.40679e-05
-1.71822e-05
1.78988e-05
-1.68085e-05
2.15669e-05
-1.59336e-05
2.50402e-05
-1.49121e-05
2.83042e-05
-1.3875e-05
3.13437e-05
-1.28333e-05
3.41323e-05
-1.17341e-05
3.66259e-05
-1.04815e-05
3.87553e-05
-8.94202e-06
4.04221e-05
-6.93383e-06
4.14957e-05
-4.21676e-06
4.18303e-05
-4.78002e-07
4.12765e-05
4.68856e-06
3.96622e-05
1.17161e-05
3.67475e-05
2.08849e-05
3.2081e-05
3.16117e-05
2.49519e-05
4.13001e-05
1.44241e-05
3.8584e-05
1.12952e-05
1.95393e-06
6.80334e-06
4.73228e-06
-7.95687e-06
8.23347e-06
-1.64991e-05
1.19827e-05
-2.00796e-05
1.57182e-05
-2.09177e-05
1.93358e-05
-2.04261e-05
2.27984e-05
-1.93963e-05
2.60913e-05
-1.82049e-05
2.92018e-05
-1.69855e-05
3.2111e-05
-1.57425e-05
3.47889e-05
-1.4412e-05
3.71904e-05
-1.2883e-05
3.92512e-05
-1.10028e-05
4.08851e-05
-8.56773e-06
4.19846e-05
-5.31629e-06
4.24335e-05
-9.26918e-07
4.21278e-05
4.99423e-06
4.09726e-05
1.28713e-05
3.88412e-05
2.30163e-05
3.53764e-05
3.50765e-05
2.96677e-05
4.70088e-05
1.93257e-05
4.89259e-05
3.06209e-05
2.68902e-06
4.11432e-06
6.09162e-06
-1.13595e-05
9.8417e-06
-2.02492e-05
1.35809e-05
-2.38189e-05
1.71687e-05
-2.45055e-05
2.059e-05
-2.38473e-05
2.38574e-05
-2.26637e-05
2.69758e-05
-2.13233e-05
2.99363e-05
-1.9946e-05
3.27177e-05
-1.85239e-05
3.52873e-05
-1.69816e-05
3.76008e-05
-1.51966e-05
3.96e-05
-1.3002e-05
4.12117e-05
-1.01794e-05
4.23502e-05
-6.45475e-06
4.29301e-05
-1.50684e-06
4.28889e-05
5.0354e-06
4.21892e-05
1.35711e-05
4.07775e-05
2.44279e-05
3.83585e-05
3.74954e-05
3.39355e-05
5.14318e-05
2.40486e-05
5.88128e-05
5.46695e-05
3.2005e-06
9.13822e-07
7.21912e-06
-1.53781e-05
1.12479e-05
-2.4278e-05
1.49918e-05
-2.75628e-05
1.84378e-05
-2.79514e-05
2.16689e-05
-2.70785e-05
2.47487e-05
-2.57435e-05
2.76997e-05
-2.42743e-05
3.05155e-05
-2.27618e-05
3.31728e-05
-2.11812e-05
3.56375e-05
-1.94463e-05
3.78671e-05
-1.74261e-05
3.98103e-05
-1.49452e-05
4.14073e-05
-1.17764e-05
4.25932e-05
-7.64072e-06
4.33126e-05
-2.22619e-06
4.35427e-05
4.80533e-06
4.33009e-05
1.38128e-05
4.26117e-05
2.51172e-05
4.12821e-05
3.8825e-05
3.84309e-05
5.4283e-05
2.95842e-05
6.76596e-05
8.42537e-05
3.64753e-06
-2.73371e-06
8.25293e-06
-1.99835e-05
1.25432e-05
-2.85683e-05
1.62604e-05
-3.12799e-05
1.95426e-05
-3.12336e-05
2.25785e-05
-3.01144e-05
2.54755e-05
-2.86405e-05
2.82667e-05
-2.70656e-05
3.09448e-05
-2.54399e-05
3.34834e-05
-2.37198e-05
3.5847e-05
-2.18099e-05
3.79958e-05
-1.95749e-05
3.98866e-05
-1.68359e-05
4.14728e-05
-1.33626e-05
4.27097e-05
-8.87761e-06
4.35692e-05
-3.08564e-06
4.40673e-05
4.30724e-06
4.42788e-05
1.36012e-05
4.43283e-05
2.50677e-05
4.42216e-05
3.89318e-05
4.34337e-05
5.50708e-05
3.66183e-05
7.4475e-05
0.000120872
-1.72234e-06
1.72234e-06
-1.39293e-05
1.22069e-05
-2.47625e-05
1.08332e-05
-2.97146e-05
4.95205e-06
-2.93273e-05
-3.87266e-07
-2.56585e-05
-3.66883e-06
-1.88675e-05
-6.791e-06
-8.81782e-06
-1.00497e-05
3.38717e-06
-1.2205e-05
1.61624e-05
-1.27752e-05
2.80114e-05
-1.1849e-05
3.76013e-05
-9.58974e-06
4.3651e-05
-6.04978e-06
4.48304e-05
-1.17937e-06
4.05215e-05
4.30888e-06
3.17833e-05
8.73821e-06
2.03301e-05
1.14533e-05
8.55049e-06
1.17795e-05
8.55045e-06
-6.12783e-06
7.85016e-06
-1.78401e-05
2.39191e-05
-2.71659e-05
2.0159e-05
-2.99433e-05
7.72934e-06
-2.84759e-05
-1.85461e-06
-2.45787e-05
-7.56605e-06
-1.79256e-05
-1.34441e-05
-8.13926e-06
-1.9836e-05
3.77263e-06
-2.41169e-05
1.61947e-05
-2.51971e-05
2.77752e-05
-2.34295e-05
3.73012e-05
-1.91157e-05
4.36466e-05
-1.23952e-05
4.6085e-05
-3.61776e-06
4.40077e-05
6.38623e-06
3.67867e-05
1.59592e-05
2.51956e-05
2.30444e-05
1.17244e-05
2.52508e-05
2.02748e-05
-7.84817e-06
1.56983e-05
-1.79542e-05
3.40251e-05
-2.64655e-05
2.86703e-05
-2.8638e-05
9.90177e-06
-2.65249e-05
-3.96774e-06
-2.25458e-05
-1.15451e-05
-1.62611e-05
-1.97288e-05
-6.81631e-06
-2.92808e-05
4.86411e-06
-3.57973e-05
1.70093e-05
-3.73423e-05
2.83258e-05
-3.4746e-05
3.7701e-05
-2.84908e-05
4.40626e-05
-1.87569e-05
4.65374e-05
-6.09251e-06
4.44774e-05
8.44634e-06
3.75087e-05
2.29278e-05
2.62499e-05
3.43032e-05
1.28152e-05
3.86856e-05
3.309e-05
-7.68971e-06
2.3388e-05
-1.66287e-05
4.2964e-05
-2.51467e-05
3.71884e-05
-2.64544e-05
1.12095e-05
-2.3188e-05
-7.23424e-06
-1.90784e-05
-1.56547e-05
-1.34127e-05
-2.53945e-05
-4.49115e-06
-3.82024e-05
6.93684e-06
-4.72253e-05
1.88236e-05
-4.9229e-05
2.99075e-05
-4.58298e-05
3.91587e-05
-3.7742e-05
4.55127e-05
-2.51108e-05
4.80366e-05
-8.61637e-06
4.60182e-05
1.04647e-05
3.90702e-05
2.98758e-05
2.76926e-05
4.56808e-05
1.38205e-05
5.25577e-05
4.69105e-05
-5.9345e-06
2.93225e-05
-1.36061e-05
5.06357e-05
-2.23318e-05
4.59141e-05
-2.20244e-05
1.09021e-05
-1.68409e-05
-1.24178e-05
-1.24627e-05
-2.00329e-05
-7.83242e-06
-3.00248e-05
1.03756e-07
-4.61386e-05
1.07818e-05
-5.79033e-05
2.21225e-05
-6.05697e-05
3.27965e-05
-5.65039e-05
4.18414e-05
-4.67868e-05
4.81412e-05
-3.14106e-05
5.06629e-05
-1.11381e-05
4.86287e-05
1.2499e-05
4.15603e-05
3.69442e-05
2.97609e-05
5.74803e-05
1.4997e-05
6.73215e-05
6.19075e-05
-2.64574e-06
3.19683e-05
-7.91402e-06
5.5904e-05
-1.55664e-05
5.35664e-05
-1.22004e-05
7.5361e-06
-4.81987e-06
-1.97983e-05
-3.44607e-07
-2.45082e-05
3.02893e-06
-3.33983e-05
8.58011e-06
-5.16898e-05
1.76574e-05
-6.69805e-05
2.76496e-05
-7.05619e-05
3.73987e-05
-6.6253e-05
4.59597e-05
-5.53477e-05
5.20823e-05
-3.75332e-05
5.45207e-05
-1.35765e-05
5.23616e-05
1.46582e-05
4.49831e-05
4.43227e-05
3.24735e-05
6.99899e-05
1.64405e-05
8.33546e-05
7.8348e-05
4.57401e-06
2.73943e-05
4.17196e-06
5.63062e-05
2.50393e-06
5.52344e-05
1.01242e-05
-8.41425e-08
1.76249e-05
-2.72989e-05
2.01719e-05
-2.70552e-05
2.1135e-05
-3.43612e-05
2.35716e-05
-5.41265e-05
2.92376e-05
-7.26465e-05
3.63361e-05
-7.76604e-05
4.41686e-05
-7.40855e-05
5.17304e-05
-6.29095e-05
5.74525e-05
-4.32553e-05
5.97103e-05
-1.58344e-05
5.73315e-05
1.7037e-05
4.94599e-05
5.21942e-05
3.59491e-05
8.35006e-05
1.82829e-05
0.000101021
9.6631e-05
2.6732e-05
6.62293e-07
3.41198e-05
4.89184e-05
4.60406e-05
4.33135e-05
5.97926e-05
-1.38362e-05
5.62224e-05
-2.37287e-05
4.93429e-05
-2.01758e-05
4.69828e-05
-3.20009e-05
4.63271e-05
-5.34709e-05
4.70142e-05
-7.33335e-05
4.89432e-05
-7.95895e-05
5.33107e-05
-7.8453e-05
5.92168e-05
-6.88156e-05
6.42926e-05
-4.8331e-05
6.6296e-05
-1.78379e-05
6.36688e-05
1.96641e-05
5.51812e-05
6.06818e-05
4.039e-05
9.82918e-05
2.06713e-05
0.00012074
0.000117302
9.49055e-06
-1.22243e-05
2.13675e-05
-3.18605e-05
3.09659e-05
-3.81666e-05
3.83827e-05
-3.86968e-05
4.46426e-05
-3.74935e-05
5.0424e-05
-3.58957e-05
5.60132e-05
-3.42297e-05
6.14671e-05
-3.25194e-05
6.67476e-05
-3.07204e-05
7.1784e-05
-2.87562e-05
7.64976e-05
-2.65235e-05
8.08148e-05
-2.38921e-05
8.46719e-05
-2.0693e-05
8.80169e-05
-1.67076e-05
9.08155e-05
-1.16762e-05
9.30867e-05
-5.35684e-06
9.49867e-05
2.4073e-06
9.68443e-05
1.17436e-05
9.93106e-05
2.26014e-05
0.000103283
3.49591e-05
0.000110003
4.83516e-05
0.000122975
6.15028e-05
7.99602e-05
0.000163887
1.37054e-05
-2.59297e-05
2.85032e-05
-4.66583e-05
3.6978e-05
-4.66414e-05
4.25218e-05
-4.42406e-05
4.73349e-05
-4.23066e-05
5.21574e-05
-4.07182e-05
5.70813e-05
-3.91536e-05
6.20171e-05
-3.74553e-05
6.68535e-05
-3.55568e-05
7.14873e-05
-3.33899e-05
7.58321e-05
-3.08683e-05
7.98288e-05
-2.78888e-05
8.34544e-05
-2.43186e-05
8.6721e-05
-1.99743e-05
8.96669e-05
-1.46221e-05
9.23719e-05
-8.06175e-06
9.51303e-05
-3.51135e-07
9.82624e-05
8.61148e-06
0.000102616
1.82474e-05
0.00010923
2.83459e-05
0.000119784
3.7797e-05
0.000136321
4.49663e-05
5.18087e-05
0.000164472
2.29206e-05
-4.88503e-05
3.83322e-05
-6.20699e-05
4.17434e-05
-5.00526e-05
4.43067e-05
-4.68038e-05
4.78495e-05
-4.58494e-05
5.21274e-05
-4.49961e-05
5.67212e-05
-4.37475e-05
6.13715e-05
-4.21055e-05
6.59183e-05
-4.01037e-05
7.02434e-05
-3.7715e-05
7.42588e-05
-3.48837e-05
7.79173e-05
-3.15473e-05
8.12303e-05
-2.76316e-05
8.42803e-05
-2.30243e-05
8.72022e-05
-1.7544e-05
9.01866e-05
-1.10461e-05
9.33999e-05
-3.56447e-06
9.73169e-05
4.6945e-06
0.000102513
1.3051e-05
0.000109369
2.14898e-05
0.00011871
2.84561e-05
0.000131683
3.19939e-05
3.26881e-05
0.000150803
3.98365e-05
-8.86868e-05
4.57197e-05
-6.79532e-05
4.14025e-05
-4.57355e-05
4.25094e-05
-4.79106e-05
4.61138e-05
-4.94538e-05
5.05065e-05
-4.93889e-05
5.50496e-05
-4.82905e-05
5.9535e-05
-4.65909e-05
6.38368e-05
-4.44055e-05
6.78482e-05
-4.17264e-05
7.14918e-05
-3.85273e-05
7.47391e-05
-3.47945e-05
7.76447e-05
-3.05372e-05
8.03859e-05
-2.57655e-05
8.32434e-05
-2.04015e-05
8.65819e-05
-1.43847e-05
9.07117e-05
-7.69423e-06
9.52779e-05
1.28253e-07
0.000101239
7.08982e-06
0.000108246
1.44831e-05
0.000117098
1.96041e-05
0.000128936
2.01558e-05
1.81989e-05
0.000143425
3.00895e-05
-0.000118776
2.94073e-05
-6.72709e-05
3.50673e-05
-5.13954e-05
4.04257e-05
-5.3269e-05
4.5265e-05
-5.42931e-05
4.97137e-05
-5.38375e-05
5.3991e-05
-5.25678e-05
5.8115e-05
-5.07148e-05
6.19973e-05
-4.82878e-05
6.55349e-05
-4.5264e-05
6.86503e-05
-4.16428e-05
7.13042e-05
-3.74484e-05
7.35099e-05
-3.2743e-05
7.53852e-05
-2.76408e-05
7.7279e-05
-2.22953e-05
7.99609e-05
-1.70665e-05
8.41008e-05
-1.18342e-05
9.04571e-05
-6.22809e-06
9.84029e-05
-8.55939e-07
0.000108317
4.56927e-06
0.000119632
8.28889e-06
0.000130964
8.82369e-06
6.84864e-06
0.000142314
-1.28716e-05
-0.000105905
1.03786e-06
-8.11803e-05
1.82287e-05
-6.85863e-05
3.1277e-05
-6.63172e-05
4.24784e-05
-6.54944e-05
5.24234e-05
-6.37825e-05
6.12651e-05
-6.14095e-05
6.9183e-05
-5.86328e-05
7.63279e-05
-5.54327e-05
8.27893e-05
-5.17254e-05
8.85874e-05
-4.74409e-05
9.36671e-05
-4.25281e-05
9.78818e-05
-3.69577e-05
0.000100956
-3.07147e-05
0.000102423
-2.3763e-05
0.000101481
-1.61247e-05
9.80506e-05
-8.4034e-06
9.40662e-05
-2.24367e-06
9.6458e-05
-3.24774e-06
0.000107425
-6.3975e-06
0.00012238
-6.66615e-06
0.000134613
-3.40922e-06
-3.88162e-06
0.000145343
-1.12641e-05
-9.46406e-05
2.06933e-06
-9.45137e-05
1.86837e-05
-8.52006e-05
3.2701e-05
-8.03344e-05
4.4465e-05
-7.72584e-05
5.49448e-05
-7.42622e-05
6.45831e-05
-7.10479e-05
7.35472e-05
-6.75969e-05
8.19488e-05
-6.38344e-05
8.98799e-05
-5.96564e-05
9.74042e-05
-5.49653e-05
0.000104553
-4.96765e-05
0.000111322
-4.37268e-05
0.000117688
-3.7081e-05
0.000123672
-2.97474e-05
0.000129415
-2.1867e-05
0.00013501
-1.39987e-05
0.000140916
-8.14936e-06
0.000145842
-8.17449e-06
0.000149757
-1.03124e-05
0.000151573
-8.4824e-06
0.000149759
-1.59516e-06
-8.09869e-06
0.000153976
7.03273e-07
-9.53438e-05
9.52162e-06
-0.000103332
2.18373e-05
-9.75163e-05
3.37883e-05
-9.22854e-05
4.47071e-05
-8.81771e-05
5.48832e-05
-8.44384e-05
6.45555e-05
-8.07202e-05
7.3847e-05
-7.68885e-05
8.28479e-05
-7.28353e-05
9.16459e-05
-6.84544e-05
0.00010033
-6.36498e-05
0.000108997
-5.83433e-05
0.000117756
-5.2486e-05
0.000126752
-4.60768e-05
0.000136201
-3.91967e-05
0.000146424
-3.20894e-05
0.000157804
-2.53793e-05
0.000170204
-2.05486e-05
0.000181021
-1.89917e-05
0.000189135
-1.8427e-05
0.000196551
-1.58981e-05
0.00020827
-1.33141e-05
-1.84322e-05
0.000218603
4.14893e-06
-9.94927e-05
1.30727e-05
-0.000112256
2.30463e-05
-0.00010749
3.31174e-05
-0.000102356
4.2915e-05
-9.79747e-05
5.2455e-05
-9.39784e-05
6.18173e-05
-9.00826e-05
7.10649e-05
-8.61361e-05
8.02613e-05
-8.20317e-05
8.94841e-05
-7.76772e-05
9.88298e-05
-7.29955e-05
0.000108418
-6.79318e-05
0.000118398
-6.24657e-05
0.000128953
-5.66315e-05
0.000140307
-5.0551e-05
0.000152708
-4.44903e-05
0.000166292
-3.89639e-05
0.000180536
-3.47919e-05
0.000193992
-3.24486e-05
0.000206512
-3.09462e-05
0.000219885
-2.92712e-05
0.000235491
-2.89206e-05
-3.27609e-05
0.00024982
5.8586e-06
-0.000105351
1.38572e-05
-0.000120254
2.22374e-05
-0.00011587
3.08861e-05
-0.000111005
3.96441e-05
-0.000106733
4.84538e-05
-0.000102788
5.73196e-05
-9.89484e-05
6.62667e-05
-9.50832e-05
7.53392e-05
-9.11042e-05
8.4604e-05
-8.69419e-05
9.4153e-05
-8.25445e-05
0.000104104
-7.78832e-05
0.000114602
-7.29632e-05
0.00012581
-6.78398e-05
0.0001379
-6.26411e-05
0.000151007
-5.75972e-05
0.000165113
-5.30695e-05
0.000179823
-4.95021e-05
0.000194486
-4.71114e-05
0.000209089
-4.5549e-05
0.000224347
-4.45288e-05
0.00024018
-4.47543e-05
-4.71009e-05
0.000254521
6.53669e-06
-0.000111888
1.32387e-05
-0.000126956
2.02771e-05
-0.000122908
2.77708e-05
-0.000118499
3.55876e-05
-0.00011455
4.364e-05
-0.00011084
5.18989e-05
-0.000107207
6.037e-05
-0.000103554
6.90845e-05
-9.98187e-05
7.80993e-05
-9.59567e-05
8.74955e-05
-9.19408e-05
9.73776e-05
-8.77653e-05
0.000107868
-8.34538e-05
0.000119098
-7.90696e-05
0.000131185
-7.47283e-05
0.000144197
-7.06094e-05
0.000158084
-6.6956e-05
0.000172609
-6.4027e-05
0.000187455
-6.19573e-05
0.00020256
-6.06543e-05
0.000218087
-6.00558e-05
0.000233776
-6.04433e-05
-6.20393e-05
0.000248714
6.36256e-06
-0.000118251
1.18956e-05
-0.000132489
1.78635e-05
-0.000128876
2.43944e-05
-0.00012503
3.13534e-05
-0.000121509
3.8648e-05
-0.000118135
4.62398e-05
-0.000114799
5.41263e-05
-0.000111441
6.23314e-05
-0.000108024
7.09024e-05
-0.000104528
7.99083e-05
-0.000100947
8.94365e-05
-9.72934e-05
9.95857e-05
-9.36031e-05
0.000110456
-8.99396e-05
0.000122128
-8.64006e-05
0.000134639
-8.31206e-05
0.000147947
-8.02637e-05
0.000161911
-7.79912e-05
0.000176352
-7.63985e-05
0.000191179
-7.54814e-05
0.00020636
-7.52367e-05
0.000221668
-7.57511e-05
-7.69814e-05
0.00023661
5.77359e-06
-0.000124024
1.03655e-05
-0.000137081
1.54834e-05
-0.000133994
2.1195e-05
-0.000130741
2.73712e-05
-0.000127685
3.39302e-05
-0.000124694
4.08372e-05
-0.000121706
4.8089e-05
-0.000118692
5.57055e-05
-0.00011564
6.3727e-05
-0.000112549
7.22111e-05
-0.000109431
8.12293e-05
-0.000106312
9.086e-05
-0.000103234
0.000101179
-0.000100258
0.000112243
-9.74652e-05
0.000124077
-9.49544e-05
0.00013665
-9.28372e-05
0.000149877
-9.12179e-05
0.000163643
-9.01647e-05
0.000177858
-8.96965e-05
0.000192437
-8.98159e-05
0.000207206
-9.05197e-05
-9.16663e-05
0.000221891
5.05273e-06
-0.000129077
8.94525e-06
-0.000140974
1.33949e-05
-0.000138444
1.84102e-05
-0.000135757
2.38835e-05
-0.000133158
2.97534e-05
-0.000130564
3.59957e-05
-0.000127949
4.26108e-05
-0.000125308
4.96182e-05
-0.000122648
5.70533e-05
-0.000119984
6.49651e-05
-0.000117343
7.34122e-05
-0.000114759
8.24568e-05
-0.000112278
9.21568e-05
-0.000109958
0.000102555
-0.000107863
0.000113668
-0.000106067
0.000125475
-0.000104645
0.000137921
-0.000103664
0.000150928
-0.000103172
0.000164418
-0.000103186
0.000178305
-0.000103703
0.000192468
-0.000104682
-0.000105958
0.000206759
4.35848e-06
-0.000133435
7.76956e-06
-0.000144385
1.1699e-05
-0.000142373
1.61301e-05
-0.000140188
2.09877e-05
-0.000138016
2.62349e-05
-0.000135811
3.18608e-05
-0.000133574
3.78724e-05
-0.000131319
4.42908e-05
-0.000129066
5.11494e-05
-0.000126843
5.84909e-05
-0.000124684
6.63645e-05
-0.000122632
7.48205e-05
-0.000120735
8.39038e-05
-0.000119042
9.36467e-05
-0.000117606
0.000104061
-0.000116481
0.000115133
-0.000115717
0.000126823
-0.000115354
0.000139075
-0.000115424
0.000151826
-0.000115938
0.000165011
-0.000116888
0.000178551
-0.000118223
-0.000119786
0.000192379
3.78291e-06
-0.000137218
6.87552e-06
-0.000147477
1.04024e-05
-0.0001459
1.43519e-05
-0.000144137
1.8684e-05
-0.000142348
2.33854e-05
-0.000140513
2.84593e-05
-0.000138648
3.39205e-05
-0.00013678
3.97935e-05
-0.000134939
4.6111e-05
-0.00013316
5.29122e-05
-0.000131485
6.0239e-05
-0.000129959
6.8133e-05
-0.000128628
7.66296e-05
-0.000127538
8.57532e-05
-0.00012673
9.55116e-05
-0.00012624
0.000105893
-0.000126098
0.000116868
-0.000126329
0.000128394
-0.000126949
0.000140422
-0.000127966
0.000152907
-0.000129373
0.000165808
-0.000131123
-0.000133085
0.000179106
3.35547e-06
-0.000140574
6.24282e-06
-0.000150365
9.46038e-06
-0.000149118
1.30192e-05
-0.000147696
1.69123e-05
-0.000146241
2.11467e-05
-0.000144747
2.57384e-05
-0.00014324
3.07099e-05
-0.000141752
3.60896e-05
-0.000140319
4.19109e-05
-0.000138982
4.82103e-05
-0.000137785
5.50249e-05
-0.000136774
6.23892e-05
-0.000135993
7.03313e-05
-0.00013548
7.88688e-05
-0.000135267
8.8006e-05
-0.000135377
9.77311e-05
-0.000135823
0.000108019
-0.000136617
0.000118834
-0.000137765
0.000130142
-0.000139274
0.000141913
-0.000141144
0.000154131
-0.000143342
-0.000145765
0.000166812
3.06607e-06
-0.00014364
5.82263e-06
-0.000153121
8.80371e-06
-0.000152099
1.20503e-05
-0.000150942
1.55822e-05
-0.000149773
1.94227e-05
-0.000148588
2.35986e-05
-0.000147416
2.81391e-05
-0.000146292
3.30764e-05
-0.000145256
3.84445e-05
-0.00014435
4.42782e-05
-0.000143619
5.06104e-05
-0.000143106
5.74701e-05
-0.000142852
6.48792e-05
-0.000142889
7.28498e-05
-0.000143238
8.13817e-05
-0.000143909
9.04617e-05
-0.000144904
0.000100066
-0.000146221
0.000110164
-0.000147863
0.00012073
-0.000149839
0.000131744
-0.000152158
0.000143209
-0.000154807
-0.000157712
0.000155156
2.8867e-06
-0.000146526
5.55721e-06
-0.000155792
8.35694e-06
-0.000154898
1.13551e-05
-0.000153941
1.45911e-05
-0.000153009
1.81009e-05
-0.000152097
2.1919e-05
-0.000151234
2.60799e-05
-0.000150453
3.06185e-05
-0.000149795
3.55694e-05
-0.000149301
4.09654e-05
-0.000149015
4.68359e-05
-0.000148977
5.3205e-05
-0.000149222
6.00895e-05
-0.000149774
6.74964e-05
-0.000150645
7.54215e-05
-0.000151834
8.3849e-05
-0.000153331
9.27539e-05
-0.000155126
0.000102108
-0.000157218
0.000111889
-0.00015962
0.000122085
-0.000162354
0.000132707
-0.000165429
-0.000168799
0.000143794
2.78364e-06
-0.00014931
5.39079e-06
-0.000158399
8.04825e-06
-0.000157556
1.08467e-05
-0.000156739
1.38388e-05
-0.000156001
1.70686e-05
-0.000155327
2.0576e-05
-0.000154741
2.43991e-05
-0.000154276
2.85741e-05
-0.00015397
3.3135e-05
-0.000153862
3.81127e-05
-0.000153992
4.3533e-05
-0.000154397
4.9416e-05
-0.000155105
5.57739e-05
-0.000156132
6.26094e-05
-0.00015748
6.99143e-05
-0.000159139
7.76697e-05
-0.000161086
8.58488e-05
-0.000163305
9.4423e-05
-0.000165792
0.00010337
-0.000168566
0.00011268
-0.000171665
0.000122369
-0.000175117
-0.000178906
0.000132475
2.72586e-06
-0.000152036
5.27575e-06
-0.000160949
7.81538e-06
-0.000160095
1.04485e-05
-0.000159372
1.32349e-05
-0.000158787
1.62231e-05
-0.000158315
1.9456e-05
-0.000157974
2.2973e-05
-0.000157793
2.68104e-05
-0.000157807
3.10011e-05
-0.000158052
3.55729e-05
-0.000158564
4.05484e-05
-0.000159373
4.59439e-05
-0.0001605
5.17678e-05
-0.000161955
5.80192e-05
-0.000163732
6.46863e-05
-0.000165806
7.17467e-05
-0.000168147
7.91712e-05
-0.00017073
8.69292e-05
-0.00017355
9.49966e-05
-0.000176634
0.000103364
-0.000180032
0.000112045
-0.000183798
-0.000187942
0.000121081
2.68848e-06
-0.000154724
5.17439e-06
-0.000163435
7.60795e-06
-0.000162529
1.00969e-05
-0.000161861
1.27036e-05
-0.000161394
1.54773e-05
-0.000161089
1.84616e-05
-0.000160958
2.16958e-05
-0.000161027
2.52148e-05
-0.000161326
2.90489e-05
-0.000161887
3.32228e-05
-0.000162738
3.77556e-05
-0.000163905
4.26603e-05
-0.000165405
4.7942e-05
-0.000167237
5.35968e-05
-0.000169386
5.96096e-05
-0.000171819
6.59553e-05
-0.000174493
7.26019e-05
-0.000177376
7.9516e-05
-0.000180464
8.66701e-05
-0.000183788
9.40526e-05
-0.000187415
0.000101677
-0.000191423
-0.000195854
0.000109589
2.65295e-06
-0.000157377
5.05889e-06
-0.000165841
7.38779e-06
-0.000164858
9.74324e-06
-0.000164217
1.21856e-05
-0.000163836
1.47625e-05
-0.000163666
1.75163e-05
-0.000163712
2.04843e-05
-0.000163995
2.36986e-05
-0.000164541
2.71861e-05
-0.000165374
3.09679e-05
-0.00016652
3.50596e-05
-0.000167997
3.94709e-05
-0.000169816
4.42045e-05
-0.000171971
4.92535e-05
-0.000174435
5.46008e-05
-0.000177166
6.02188e-05
-0.000180111
6.60732e-05
-0.000183231
7.21271e-05
-0.000186518
7.83494e-05
-0.00019001
8.47261e-05
-0.000193791
9.12727e-05
-0.000197969
-0.000202622
9.8041e-05
2.60563e-06
-0.000159983
4.91039e-06
-0.000168145
7.12841e-06
-0.000167076
9.35275e-06
-0.000166441
1.1638e-05
-0.000166121
1.40286e-05
-0.000166057
1.65639e-05
-0.000166247
1.92774e-05
-0.000166709
2.21975e-05
-0.000167461
2.53467e-05
-0.000168523
2.87422e-05
-0.000169915
3.23959e-05
-0.000171651
3.63145e-05
-0.000173735
4.04978e-05
-0.000176154
4.49373e-05
-0.000178875
4.96141e-05
-0.000181843
5.44997e-05
-0.000184996
5.95575e-05
-0.000188289
6.47475e-05
-0.000191708
7.00348e-05
-0.000195298
7.54035e-05
-0.00019916
8.08735e-05
-0.000203439
-0.000208255
8.65067e-05
2.53702e-06
-0.00016252
4.71777e-06
-0.000170326
6.81391e-06
-0.000169172
8.90377e-06
-0.000168531
1.10337e-05
-0.000168251
1.32435e-05
-0.000168266
1.55679e-05
-0.000168572
1.80356e-05
-0.000169177
2.06703e-05
-0.000170095
2.34895e-05
-0.000171342
2.65058e-05
-0.000172932
2.97274e-05
-0.000174872
3.31575e-05
-0.000177165
3.67937e-05
-0.00017979
4.06258e-05
-0.000182707
4.46344e-05
-0.000185852
4.87909e-05
-0.000189153
5.30572e-05
-0.000192555
5.73904e-05
-0.000196041
6.17518e-05
-0.000199659
6.61248e-05
-0.000203533
7.05332e-05
-0.000207848
-0.000212773
7.50511e-05
2.442e-06
-0.000164962
4.4768e-06
-0.000172361
6.43787e-06
-0.000171133
8.38609e-06
-0.000170479
1.03592e-05
-0.000170224
1.2391e-05
-0.000170298
1.45101e-05
-0.000170691
1.67395e-05
-0.000171406
1.90971e-05
-0.000172453
2.15951e-05
-0.00017384
2.42414e-05
-0.000175578
2.70396e-05
-0.000177671
2.99898e-05
-0.000180115
3.3087e-05
-0.000182887
3.63198e-05
-0.00018594
3.96693e-05
-0.000189201
4.31075e-05
-0.000192591
4.65957e-05
-0.000196043
5.00881e-05
-0.000199534
5.35429e-05
-0.000203114
5.69412e-05
-0.000206931
6.03089e-05
-0.000211215
-0.000216194
6.37294e-05
2.3211e-06
-0.000167283
4.18996e-06
-0.00017423
6.00166e-06
-0.000172945
7.79924e-06
-0.000172277
9.61281e-06
-0.000172038
1.14684e-05
-0.000172154
1.33873e-05
-0.00017261
1.53859e-05
-0.000173405
1.74756e-05
-0.000174543
1.9663e-05
-0.000176028
2.19506e-05
-0.000177866
2.43377e-05
-0.000180058
2.68205e-05
-0.000182597
2.93913e-05
-0.000185458
3.20384e-05
-0.000188587
3.47437e-05
-0.000191906
3.74806e-05
-0.000195328
4.02104e-05
-0.000198773
4.28851e-05
-0.000202208
4.54593e-05
-0.000205688
4.79101e-05
-0.000209382
5.02598e-05
-0.000213565
-0.000218529
5.25952e-05
2.18211e-06
-0.000169465
3.86543e-06
-0.000175913
5.51225e-06
-0.000174592
7.15021e-06
-0.000173915
8.80168e-06
-0.000173689
1.04834e-05
-0.000173836
1.22081e-05
-0.000174335
1.39846e-05
-0.000175181
1.58174e-05
-0.000176375
1.77071e-05
-0.000177918
1.96505e-05
-0.000179809
2.16422e-05
-0.000182049
2.36741e-05
-0.000184629
2.5736e-05
-0.00018752
2.78155e-05
-0.000190666
2.98962e-05
-0.000193987
3.19532e-05
-0.000197385
3.39486e-05
-0.000200768
3.58334e-05
-0.000204093
3.75582e-05
-0.000207413
3.90925e-05
-0.000210916
4.04486e-05
-0.000214921
-0.000219789
4.17082e-05
2.03962e-06
-0.000171505
3.5134e-06
-0.000177387
4.97933e-06
-0.000176058
6.45061e-06
-0.000175386
7.93959e-06
-0.000175178
9.45176e-06
-0.000175348
1.09901e-05
-0.000175873
1.25553e-05
-0.000176747
1.41447e-05
-0.000177965
1.57523e-05
-0.000179525
1.73694e-05
-0.000181426
1.89851e-05
-0.000183665
2.0587e-05
-0.000186231
2.21619e-05
-0.000189095
2.36967e-05
-0.000192201
2.51763e-05
-0.000195467
2.65784e-05
-0.000198787
2.78672e-05
-0.000202057
2.89935e-05
-0.00020522
2.99038e-05
-0.000208323
3.05567e-05
-0.000211569
3.09485e-05
-0.000215313
-0.000219986
3.1146e-05
1.90918e-06
-0.000173414
3.13981e-06
-0.000178617
4.41177e-06
-0.00017733
5.71359e-06
-0.000176688
7.04379e-06
-0.000176509
8.39413e-06
-0.000176698
9.75699e-06
-0.000177236
1.11244e-05
-0.000178114
1.24866e-05
-0.000179327
1.3831e-05
-0.00018087
1.51431e-05
-0.000182738
1.64064e-05
-0.000184928
1.76036e-05
-0.000187428
1.87181e-05
-0.00019021
1.97357e-05
-0.000193219
2.06425e-05
-0.000196373
2.14188e-05
-0.000199563
2.20322e-05
-0.00020267
2.24351e-05
-0.000205622
2.25693e-05
-0.000208457
2.23797e-05
-0.00021138
2.18412e-05
-0.000214774
-0.000219141
2.09954e-05
1.79915e-06
-0.000175213
2.74088e-06
-0.000179559
3.81475e-06
-0.000178403
4.95157e-06
-0.000177825
6.1323e-06
-0.000177689
7.33262e-06
-0.000177899
8.53402e-06
-0.000178437
9.72027e-06
-0.0001793
1.08745e-05
-0.000180481
1.1978e-05
-0.000181973
1.30104e-05
-0.000183771
1.39493e-05
-0.000185867
1.47723e-05
-0.000188251
1.54589e-05
-0.000190896
1.59931e-05
-0.000193753
1.63611e-05
-0.000196741
1.65459e-05
-0.000199748
1.65196e-05
-0.000202644
1.62375e-05
-0.00020534
1.56373e-05
-0.000207857
1.46486e-05
-0.000210391
1.32197e-05
-0.000213345
-0.000217282
1.13609e-05
1.69478e-06
-0.000176908
2.30237e-06
-0.000180167
3.19017e-06
-0.000179291
4.17616e-06
-0.000178811
5.22291e-06
-0.000178736
6.28892e-06
-0.000178965
7.34565e-06
-0.000179494
8.36965e-06
-0.000180324
9.33792e-06
-0.00018145
1.02262e-05
-0.000182862
1.10083e-05
-0.000184553
1.16563e-05
-0.000186515
1.21423e-05
-0.000188737
1.24416e-05
-0.000191195
1.25345e-05
-0.000193846
1.24061e-05
-0.000196613
1.20411e-05
-0.000199383
1.14164e-05
-0.000202019
1.04918e-05
-0.000204416
9.20299e-06
-0.000206568
7.46606e-06
-0.000208654
5.20381e-06
-0.000211083
-0.000214456
2.37791e-06
1.55209e-06
-0.00017846
1.80958e-06
-0.000180424
2.54219e-06
-0.000180024
3.4012e-06
-0.00017967
4.33402e-06
-0.000179669
5.2835e-06
-0.000179914
6.21359e-06
-0.000180424
7.09555e-06
-0.000181206
7.9017e-06
-0.000182256
8.60303e-06
-0.000183563
9.16835e-06
-0.000185118
9.56462e-06
-0.000186911
9.75885e-06
-0.000188932
9.72089e-06
-0.000191157
9.42582e-06
-0.000193551
8.85461e-06
-0.000196041
7.99194e-06
-0.00019852
6.81938e-06
-0.000200847
5.30251e-06
-0.000202899
3.3775e-06
-0.000204643
9.50465e-07
-0.000206227
-2.08593e-06
-0.000208047
-0.000210738
-5.80406e-06
1.32317e-06
-0.000179783
1.26301e-06
-0.000180364
1.88691e-06
-0.000180648
2.64633e-06
-0.000180429
3.48497e-06
-0.000180508
4.33472e-06
-0.000180764
5.15558e-06
-0.000181245
5.91567e-06
-0.000181967
6.58414e-06
-0.000182924
7.12854e-06
-0.000184107
7.5139e-06
-0.000185503
7.70306e-06
-0.000187101
7.65818e-06
-0.000188887
7.34297e-06
-0.000190842
6.72531e-06
-0.000192933
5.77966e-06
-0.000195096
4.48789e-06
-0.000197228
2.83413e-06
-0.000199193
7.8977e-07
-0.000200855
-1.70633e-06
-0.000202147
-4.75267e-06
-0.00020318
-8.47692e-06
-0.000204322
-0.000206215
-1.29999e-05
9.96897e-07
-0.00018078
6.93789e-07
-0.000180061
1.25457e-06
-0.000181208
1.93221e-06
-0.000181107
2.69262e-06
-0.000181268
3.45706e-06
-0.000181528
4.18423e-06
-0.000181972
4.84113e-06
-0.000182623
5.3955e-06
-0.000183479
5.81317e-06
-0.000184525
6.05712e-06
-0.000185747
6.08748e-06
-0.000187131
5.8623e-06
-0.000188662
5.33928e-06
-0.000190319
4.47828e-06
-0.000192072
3.24527e-06
-0.000193863
1.61563e-06
-0.000195599
-4.28901e-07
-0.000197149
-2.91411e-06
-0.000198369
-5.89382e-06
-0.000199168
-9.46905e-06
-0.000199605
-1.37865e-05
-0.000200005
-0.000200993
-1.90081e-05
5.30058e-07
-0.00018131
2.01739e-07
-0.000179733
6.45814e-07
-0.000181652
1.26701e-06
-0.000181728
1.96853e-06
-0.000181969
2.66084e-06
-0.000182221
3.30684e-06
-0.000182618
3.87581e-06
-0.000183192
4.33655e-06
-0.000183939
4.65547e-06
-0.000184844
4.79571e-06
-0.000185887
4.71665e-06
-0.000187052
4.37405e-06
-0.000188319
3.72104e-06
-0.000189666
2.71012e-06
-0.000191061
1.29734e-06
-0.00019245
-5.52729e-07
-0.000193749
-2.86608e-06
-0.000194835
-5.66954e-06
-0.000195566
-9.01273e-06
-0.000195824
-1.29947e-05
-0.000195623
-1.77778e-05
-0.000195222
-0.000195206
-2.35651e-05
-2.23129e-07
-0.000181087
-3.96308e-07
-0.000179559
-9.80353e-09
-0.000182039
6.6401e-07
-0.000182401
1.32782e-06
-0.000182633
1.95462e-06
-0.000182847
2.52606e-06
-0.00018319
3.01706e-06
-0.000183683
3.39985e-06
-0.000184322
3.64379e-06
-0.000185088
3.71459e-06
-0.000185958
3.57352e-06
-0.000186911
3.17692e-06
-0.000187922
2.47603e-06
-0.000188965
1.41786e-06
-0.000190003
-5.11889e-08
-0.000190981
-1.97908e-06
-0.000191821
-4.40377e-06
-0.000192411
-7.35829e-06
-0.000192611
-1.08912e-05
-0.000192291
-1.51001e-05
-0.000191414
-2.01609e-05
-0.000190161
-0.000189046
-2.63209e-05
-1.12379e-06
-0.000179963
-1.06084e-06
-0.000179622
-4.80859e-07
-0.000182619
1.96693e-07
-0.000183079
7.84515e-07
-0.000183221
1.34076e-06
-0.000183404
1.83992e-06
-0.000183689
2.25894e-06
-0.000184102
2.57496e-06
-0.000184638
2.7625e-06
-0.000185275
2.79248e-06
-0.000185988
2.63112e-06
-0.00018675
2.23848e-06
-0.00018753
1.56729e-06
-0.000188294
5.63216e-07
-0.000188999
-8.32328e-07
-0.000189586
-2.67646e-06
-0.000189977
-5.01991e-06
-0.000190067
-7.90746e-06
-0.000189724
-1.13926e-05
-0.000188806
-1.55715e-05
-0.000187235
-2.06274e-05
-0.000185105
-0.000182826
-2.68474e-05
-2.60981e-06
-0.000177353
-1.68019e-06
-0.000180552
-9.40811e-07
-0.000183358
-2.53195e-07
-0.000183767
3.14185e-07
-0.000183788
8.15368e-07
-0.000183905
1.24629e-06
-0.00018412
1.59689e-06
-0.000184453
1.8527e-06
-0.000184894
1.99641e-06
-0.000185419
2.00698e-06
-0.000185999
1.85783e-06
-0.000186601
1.51547e-06
-0.000187188
9.38807e-07
-0.000187718
7.89536e-08
-0.000188139
-1.11987e-06
-0.000188387
-2.71776e-06
-0.000188379
-4.77405e-06
-0.000188011
-7.34366e-06
-0.000187154
-1.04844e-05
-0.000185666
-1.4287e-05
-0.000183433
-1.89301e-05
-0.000180462
-0.000177027
-2.47289e-05
-4.71467e-06
-0.000172639
-2.2533e-06
-0.000183013
-1.41062e-06
-0.000184201
-6.42466e-07
-0.000184535
-6.25679e-08
-0.000184368
3.89774e-07
-0.000184357
7.50193e-07
-0.00018448
1.0288e-06
-0.000184732
1.22426e-06
-0.00018509
1.32995e-06
-0.000185525
1.33401e-06
-0.000186003
1.21829e-06
-0.000186485
9.58298e-07
-0.000186928
5.23514e-07
-0.000187283
-1.2361e-07
-0.000187492
-1.02883e-06
-0.000187482
-2.2447e-06
-0.000187163
-3.82615e-06
-0.000186429
-5.82654e-06
-0.000185154
-8.3009e-06
-0.000183191
-1.13267e-05
-0.000180407
-1.50558e-05
-0.000176733
-0.000172288
-1.9795e-05
-7.67284e-06
-0.000164966
-2.88012e-06
-0.000187806
-1.71625e-06
-0.000185365
-8.46301e-07
-0.000185405
-2.76807e-07
-0.000184938
9.7746e-08
-0.000184732
3.61195e-07
-0.000184744
5.49947e-07
-0.00018492
6.77472e-07
-0.000185217
7.4495e-07
-0.000185592
7.47044e-07
-0.000186005
6.74634e-07
-0.000186413
5.14679e-07
-0.000186768
2.48776e-07
-0.000187017
-1.47344e-07
-0.000187096
-7.02353e-07
-0.000186927
-1.44939e-06
-0.000186416
-2.42614e-06
-0.000185453
-3.67205e-06
-0.000183908
-5.22426e-06
-0.000181639
-7.12379e-06
-0.000178507
-9.44967e-06
-0.000174407
-0.00016934
-1.23977e-05
-1.05552e-05
-2.74221e-06
-1.11965e-06
-4.93498e-07
-1.89212e-07
-1.84588e-08
8.757e-08
1.57147e-07
2.01439e-07
2.23729e-07
2.23263e-07
1.97351e-07
1.42007e-07
5.14751e-08
-8.18029e-08
-2.681e-07
-5.19172e-07
-8.47874e-07
-1.26706e-06
-1.78736e-06
-2.41409e-06
-3.14604e-06
-3.99631e-06
0.000131025
3.28618e-05
0.000105476
2.55485e-05
8.62006e-05
1.92757e-05
1.33356e-05
7.2865e-05
0.000173221
2.41126e-05
0.000177312
2.14575e-05
0.000178222
1.83661e-05
1.48935e-05
0.000176664
0.000160795
1.41208e-05
0.000169423
1.28296e-05
0.000176504
1.12853e-05
9.43797e-06
0.000181959
0.000150114
7.43197e-06
0.000156538
6.40605e-06
0.000162646
5.17688e-06
3.65938e-06
0.000168425
0.00014758
2.16599e-06
0.000152795
1.19117e-06
0.000157821
1.51215e-07
-1.35483e-06
0.000162835
0.000150557
-3.04783e-06
0.000155759
-4.01139e-06
0.00016072
-4.80892e-06
-6.30547e-06
0.00016567
0.00015791
-6.98105e-06
0.000162755
-8.85724e-06
0.000168211
-1.02645e-05
-1.11876e-05
0.000173093
0.000223836
-1.22134e-05
0.000229
-1.4021e-05
0.000234148
-1.54126e-05
-1.64946e-05
0.000239455
0.000254826
-1.722e-05
0.000259178
-1.83726e-05
0.000263151
-1.93856e-05
-2.02918e-05
0.000266948
0.000260669
-2.33686e-05
0.000266415
-2.41182e-05
0.000271841
-2.4812e-05
-2.54478e-05
0.000276997
0.000255355
-3.00089e-05
0.00026168
-3.0444e-05
0.000267716
-3.08475e-05
-3.12275e-05
0.000273496
0.00024344
-3.68384e-05
0.0002501
-3.71041e-05
0.000256581
-3.7329e-05
-3.75239e-05
0.000262878
0.000228746
-4.36941e-05
0.000235532
-4.38894e-05
0.000242231
-4.40287e-05
-4.41194e-05
0.000248827
0.000213537
-5.04714e-05
0.000220317
-5.06703e-05
0.000227087
-5.0798e-05
-5.0853e-05
0.00023382
0.000199012
-5.71045e-05
0.000205703
-5.73606e-05
0.000212435
-5.75298e-05
-5.76001e-05
0.000219182
0.00018554
-6.35385e-05
0.000192068
-6.38882e-05
0.000198672
-6.41345e-05
-6.42543e-05
0.000205327
0.000172984
-6.97107e-05
0.00017927
-7.01738e-05
0.000185652
-7.05164e-05
-7.07051e-05
0.000192102
0.000160992
-7.55465e-05
0.000166947
-7.61287e-05
0.000173004
-7.65732e-05
-7.68357e-05
0.000179134
0.000149217
-8.0969e-05
0.000154753
-8.16648e-05
0.000160386
-8.22063e-05
-8.2538e-05
0.000166088
0.000137416
-8.59101e-05
0.000142459
-8.67074e-05
0.000147587
-8.73346e-05
-8.77266e-05
0.000152776
0.000125493
-9.03221e-05
0.000129993
-9.12074e-05
0.000134567
-9.19088e-05
-9.23528e-05
0.000139193
0.000113448
-9.41813e-05
0.000117384
-9.51434e-05
0.000121387
-9.59119e-05
-9.64068e-05
0.000125441
0.000101343
-9.74837e-05
0.000104716
-9.85158e-05
0.000108155
-9.93514e-05
-9.99071e-05
0.000111656
8.92605e-05
-0.000100238
9.20821e-05
-0.000101337
9.49781e-05
-0.000102247
-0.000102883
9.79539e-05
7.72674e-05
-0.000102454
7.95527e-05
-0.000103623
8.19243e-05
-0.000104619
-0.000105357
8.43986e-05
6.54165e-05
-0.000104141
6.71733e-05
-0.00010538
6.90284e-05
-0.000106474
-0.000107337
7.10083e-05
5.37551e-05
-0.000105301
5.49815e-05
-0.000106606
5.6313e-05
-0.000107806
-0.00010881
5.77859e-05
4.23358e-05
-0.000105929
4.30197e-05
-0.00010729
4.38068e-05
-0.000108593
-0.000109747
4.47442e-05
3.12351e-05
-0.000106018
3.13612e-05
-0.000107416
3.1577e-05
-0.000108808
-0.000110109
3.1939e-05
2.05436e-05
-0.000105566
2.01e-05
-0.000106973
1.97209e-05
-0.000108429
-0.000109856
1.94676e-05
1.03742e-05
-0.000104579
9.35949e-06
-0.000105958
8.37403e-06
-0.000107444
-0.000108959
7.47708e-06
8.73773e-07
-0.000103075
-7.00677e-07
-0.000104383
-2.28987e-06
-0.000105855
-0.000107408
-3.84062e-06
-7.79476e-06
-0.000101084
-9.90211e-06
-0.000102276
-1.20752e-05
-0.000103681
-0.000105218
-1.42657e-05
-1.54341e-05
-9.86503e-05
-1.80324e-05
-9.96776e-05
-2.0753e-05
-0.000100961
-0.00010242
-2.35507e-05
-2.18322e-05
-9.58262e-05
-2.48672e-05
-9.66427e-05
-2.80822e-05
-9.77457e-05
-9.9063e-05
-3.14394e-05
-2.67124e-05
-9.26789e-05
-3.01183e-05
-9.32367e-05
-3.37624e-05
-9.41016e-05
-9.52046e-05
-3.76207e-05
-2.97011e-05
-8.92986e-05
-3.33896e-05
-8.95482e-05
-3.73786e-05
-9.01126e-05
-9.09244e-05
-4.16588e-05
-3.03124e-05
-8.58336e-05
-3.41371e-05
-8.57235e-05
-3.83332e-05
-8.59165e-05
-8.63524e-05
-4.29052e-05
-2.80243e-05
-8.25381e-05
-3.17246e-05
-8.20232e-05
-3.5867e-05
-8.1774e-05
-8.17406e-05
-4.04788e-05
-2.2537e-05
-7.9796e-05
-2.56848e-05
-7.88753e-05
-2.93133e-05
-7.81455e-05
-7.75662e-05
-3.34878e-05
-1.41532e-05
-7.80405e-05
-1.62193e-05
-7.68092e-05
-1.86934e-05
-7.56713e-05
-7.45848e-05
-2.16748e-05
-4.49616e-06
-5.09406e-06
-5.84145e-06
-6.79224e-06
6.15752e-05
1.19521e-05
0.000106456
4.03752e-06
0.000156121
-6.35167e-06
0.00016216
-1.98752e-05
0.000166087
-2.76548e-05
0.000177176
-3.12656e-05
0.000186468
-4.12925e-05
0.000185468
-5.24712e-05
0.000171737
-5.96028e-05
0.00015509
-6.29419e-05
0.000149987
-7.33506e-05
0.000155667
-7.44954e-05
0.000163924
-5.65883e-05
0.000167106
-2.10196e-05
0.000160874
2.5896e-05
0.000140833
8.07225e-05
0.000104204
0.000134921
5.37158e-05
0.000171227
0.000171018
0.000169099
1.95175e-05
0.000168618
4.51772e-06
0.000171519
-9.25225e-06
0.000174194
-2.25507e-05
0.000179865
-3.33251e-05
0.000189714
-4.11146e-05
0.000196561
-4.81396e-05
0.000198995
-5.49057e-05
0.000199887
-6.04949e-05
0.000202218
-6.52728e-05
0.000199992
-7.11243e-05
0.000197075
-7.1578e-05
0.00020413
-6.36432e-05
0.000209957
-2.68472e-05
0.000205204
3.0649e-05
0.000183284
0.000102643
0.000138393
0.000179812
7.29238e-05
0.000236696
0.000243942
0.000188357
1.31195e-05
0.000193236
-3.61398e-07
0.000197011
-1.30266e-05
0.000200168
-2.57084e-05
0.000203328
-3.64842e-05
0.000206821
-4.46079e-05
0.000209774
-5.10923e-05
0.000211481
-5.66129e-05
0.000211832
-6.08464e-05
0.000210955
-6.43954e-05
0.000209002
-6.9171e-05
0.000212532
-7.51081e-05
0.000223363
-7.44746e-05
0.000243342
-4.68258e-05
0.000253915
2.00756e-05
0.000237971
0.000118587
0.000185838
0.000231945
0.000100602
0.000321932
0.000344544
0.000180125
1.41914e-06
0.000189337
-9.57336e-06
0.000197297
-2.09866e-05
0.000203839
-3.22503e-05
0.000209328
-4.19738e-05
0.000214382
-4.96613e-05
0.000218935
-5.56459e-05
0.00022239
-6.00677e-05
0.000224231
-6.26869e-05
0.000223906
-6.40711e-05
0.000220534
-6.57984e-05
0.000214701
-6.92758e-05
0.000215654
-7.54272e-05
0.000242841
-7.40131e-05
0.000281904
-1.89871e-05
0.000296965
0.000103526
0.000248196
0.000280714
0.000140011
0.000430118
0.000484554
0.000174552
-1.02981e-05
0.000185066
-2.00875e-05
0.000194674
-3.0594e-05
0.000203145
-4.0721e-05
0.000210529
-4.93583e-05
0.000217102
-5.62344e-05
0.00022281
-6.13534e-05
0.000227397
-6.46549e-05
0.000230585
-6.58753e-05
0.000232077
-6.55626e-05
0.000231301
-6.50223e-05
0.000227589
-6.55645e-05
0.000220631
-6.84687e-05
0.000219957
-7.33387e-05
0.000264729
-6.37598e-05
0.00032283
4.54259e-05
0.000313667
0.000289877
0.000192005
0.00055178
0.000676559
0.000176469
-2.10974e-05
0.000186755
-3.03734e-05
0.000196814
-4.06529e-05
0.000205797
-4.97037e-05
0.000213699
-5.72609e-05
0.000220367
-6.29024e-05
0.00022605
-6.70357e-05
0.000231168
-6.97736e-05
0.000235323
-7.00295e-05
0.000237757
-6.79972e-05
0.000237874
-6.51393e-05
0.000235867
-6.35576e-05
0.000231505
-6.41064e-05
0.000225067
-6.69008e-05
0.000227817
-6.65091e-05
0.000292514
-1.92716e-05
0.000345224
0.000237167
0.000246341
0.000650663
0.0009229
0.000183867
-3.18717e-05
0.000194716
-4.12223e-05
0.000204409
-5.03455e-05
0.000212847
-5.81413e-05
0.000220219
-6.46333e-05
0.000223285
-6.59683e-05
0.000226935
-7.06857e-05
0.00023187
-7.4709e-05
0.000237521
-7.56806e-05
0.000242192
-7.26677e-05
0.000243312
-6.62591e-05
0.000241688
-6.19342e-05
0.000238108
-6.05262e-05
0.000233149
-6.19415e-05
0.000228755
-6.21152e-05
0.000254136
-4.46525e-05
0.000333776
0.000157527
0.00028052
0.000703919
0.00120342
0.000248777
-4.11932e-05
0.000255356
-4.7802e-05
0.000258292
-5.32817e-05
0.000257236
-5.70847e-05
0.000250829
-5.82267e-05
0.000241623
-5.67617e-05
0.000233744
-6.28066e-05
0.000232824
-7.37894e-05
0.000236378
-7.92341e-05
0.000237185
-7.34755e-05
0.000245368
-7.44414e-05
0.000245723
-6.22895e-05
0.000242272
-5.70746e-05
0.00023766
-5.73299e-05
0.00023321
-5.76652e-05
0.00023214
-4.3583e-05
0.000294506
9.51614e-05
0.000272402
0.000726023
0.00147582
0.000277182
-5.14267e-05
0.000284657
-5.5277e-05
0.000289366
-5.79905e-05
0.000291376
-5.90951e-05
0.000291455
-5.83053e-05
0.0002913
-5.6607e-05
0.000287303
-5.88097e-05
0.000277401
-6.38869e-05
0.000263428
-6.52616e-05
0.000253028
-6.30755e-05
0.000241692
-6.31056e-05
0.000245842
-6.6439e-05
0.000243789
-5.50216e-05
0.000239359
-5.29003e-05
0.000234538
-5.28438e-05
0.000230455
-3.95007e-05
0.000262438
6.31792e-05
0.000237831
0.00075063
0.00171365
0.000287789
-6.22187e-05
0.000297028
-6.45159e-05
0.000304403
-6.53654e-05
0.000309889
-6.45808e-05
0.000313663
-6.2079e-05
0.000315665
-5.86092e-05
0.000313005
-5.61498e-05
0.000303362
-5.4244e-05
0.000288713
-5.0613e-05
0.000272798
-4.71602e-05
0.000259281
-4.95884e-05
0.000246801
-5.39597e-05
0.000243814
-5.2034e-05
0.00023933
-4.8417e-05
0.000234121
-4.7634e-05
0.000229322
-3.47016e-05
0.000242161
5.03393e-05
0.000202123
0.000790669
0.00191577
0.00028611
-7.48335e-05
0.000297388
-7.57937e-05
0.000307172
-7.5149e-05
0.000315173
-7.25818e-05
0.000321024
-6.79298e-05
0.000323932
-6.1517e-05
0.000321996
-5.42143e-05
0.000313959
-4.62072e-05
0.000300819
-3.74727e-05
0.000283602
-2.99435e-05
0.000262817
-2.88037e-05
0.000250633
-4.17753e-05
0.000243467
-4.48675e-05
0.000238203
-4.31534e-05
0.000232764
-4.21953e-05
0.000227026
-2.89632e-05
0.000227936
4.94286e-05
0.000174738
0.000843867
0.00209051
0.000276934
-8.889e-05
0.000289903
-8.87622e-05
0.000301546
-8.67924e-05
0.000311412
-8.2448e-05
0.00031884
-7.53575e-05
0.000322828
-6.55052e-05
0.000321959
-5.33452e-05
0.000315264
-3.95123e-05
0.000302893
-2.51011e-05
0.000285545
-1.25964e-05
0.000265039
-8.29755e-06
0.000251782
-2.85178e-05
0.000242733
-3.58188e-05
0.000236362
-3.67822e-05
0.000230866
-3.66995e-05
0.000225128
-2.32246e-05
0.000221003
5.35537e-05
0.000146309
0.000918561
0.00223682
0.000263854
-0.000103918
0.000278049
-0.000102957
0.000291076
-9.98197e-05
0.000302363
-9.37344e-05
0.000311078
-8.40731e-05
0.000316101
-7.05281e-05
0.000316142
-5.33858e-05
0.000310254
-3.36248e-05
0.000298296
-1.31427e-05
0.000281182
4.51734e-06
0.000262059
1.08258e-05
0.000248386
-1.48456e-05
0.00024026
-2.76922e-05
0.000233339
-2.9861e-05
0.00022813
-3.14906e-05
0.000223527
-1.86219e-05
0.000214183
6.28978e-05
9.4805e-05
0.00103794
0.00233163
0.000249406
-0.000119503
0.000264402
-0.000117953
0.000278392
-0.000113809
0.000290698
-0.000106041
0.000300355
-9.37295e-05
0.000306109
-7.62827e-05
0.000306626
-5.39024e-05
0.000300941
-2.794e-05
0.000288928
-1.1292e-06
0.000271913
2.15324e-05
0.000253989
2.87493e-05
0.000243102
-3.9584e-06
0.000235277
-1.98668e-05
0.000228457
-2.30417e-05
0.000223411
-2.64441e-05
0.000218961
-1.41717e-05
0.000186697
9.51613e-05
3.23605e-05
0.00119228
0.00236399
0.000234986
-0.000135308
0.000250407
-0.000133373
0.000264961
-0.000128364
0.000277893
-0.000118972
0.000288086
-0.000103923
0.000294126
-8.2323e-05
0.000294569
-5.43456e-05
0.000288488
-2.18591e-05
0.000276004
1.13554e-05
0.000259189
3.83475e-05
0.000243111
4.48269e-05
0.000236481
2.67158e-06
0.000227913
-1.12985e-05
0.000221257
-1.63859e-05
0.000216025
-2.12116e-05
0.000211863
-1.00099e-05
0.000129662
0.000177362
-2.18746e-05
0.00134381
0.00234211
0.00022104
-0.000151021
0.000236519
-0.000148853
0.000251241
-0.000143086
0.000264373
-0.000132104
0.000274658
-0.000114208
0.000280487
-8.81523e-05
0.000280292
-5.41505e-05
0.000273274
-1.48408e-05
0.000260098
2.4531e-05
0.000244178
5.42679e-05
0.000231686
5.73185e-05
0.000228717
5.64096e-06
0.000218914
-1.49546e-06
0.000212327
-9.79907e-06
0.000206226
-1.51112e-05
0.00020398
-7.76333e-06
5.65047e-05
0.000324837
-5.85921e-05
0.00145891
0.00228352
0.000207408
-0.000166326
0.000222567
-0.000164012
0.000237032
-0.000157552
0.000249909
-0.00014498
0.000259807
-0.000124106
0.000264904
-9.3249e-05
0.000263526
-5.27726e-05
0.000255115
-6.43038e-06
0.000241196
3.84507e-05
0.000227602
6.78612e-05
0.000225086
5.98342e-05
0.000218571
1.21561e-05
0.000210825
6.25061e-06
0.000203674
-2.64772e-06
0.000194324
-5.76107e-06
0.000182858
3.70282e-06
-7.81218e-06
0.000515507
-8.62325e-05
0.00153733
0.00219729
0.00019371
-0.000180901
0.000208174
-0.000178477
0.000221954
-0.000171331
0.000234099
-0.000157125
0.000243102
-0.000133109
0.000246954
-9.7101e-05
0.000243897
-4.97155e-05
0.000233743
3.72397e-06
0.000219078
5.31152e-05
0.000207788
7.91511e-05
0.000214792
5.28303e-05
0.000211961
1.49878e-05
0.000204112
1.40993e-05
0.000197569
3.89505e-06
0.00018635
5.45762e-06
0.000155704
3.43496e-05
-4.09034e-05
0.000712114
-9.48984e-05
0.00159132
0.00210239
0.000179644
-0.000194458
0.000193075
-0.000191907
0.000205778
-0.000184035
0.000216751
-0.000168098
0.000224385
-0.000140743
0.000226522
-9.9238e-05
0.000221426
-4.46193e-05
0.000209711
1.54386e-05
0.000196324
6.65023e-05
0.000193945
8.15299e-05
0.000219539
2.72363e-05
0.000204903
2.96236e-05
0.000200183
1.88189e-05
0.000195426
8.65263e-06
0.000183502
1.7381e-05
0.000128581
8.9271e-05
-4.54411e-05
0.000886136
-8.18431e-05
0.00162773
0.00202055
0.000165103
-0.000206785
0.000177262
-0.000204065
0.000188608
-0.000195382
0.000198075
-0.000177565
0.000203983
-0.00014665
0.000203992
-9.92472e-05
0.000196322
-3.69496e-05
0.000182714
2.90468e-05
0.000171884
7.7332e-05
0.000181878
7.15366e-05
0.000193602
1.55118e-05
0.000196342
2.68836e-05
0.000197918
1.72437e-05
0.000196473
1.00968e-05
0.000177463
3.63918e-05
8.57223e-05
0.000181011
-4.3141e-05
0.001015
-6.48351e-05
0.00164942
0.00195571
0.000150183
-0.000217775
0.000160969
-0.000214851
0.000170856
-0.000205269
0.000178712
-0.00018542
0.000182838
-0.000150777
0.000180677
-9.70855e-05
0.000169807
-2.60796e-05
0.000152826
4.60274e-05
0.000142497
8.76607e-05
0.00015526
5.8774e-05
0.000160837
9.93517e-06
0.000180517
7.20356e-06
0.000191286
6.47416e-06
0.000195954
5.42881e-06
0.000153818
7.85275e-05
3.03364e-05
0.000304493
-5.10266e-05
0.00109636
-5.94397e-05
0.00165783
0.00189627
0.000135098
-0.000227432
0.000144569
-0.000224322
0.000153125
-0.000213824
0.000159611
-0.000191906
0.000162433
-0.000153598
0.000158944
-9.35972e-05
0.000145241
-1.23767e-05
0.000122915
6.83535e-05
0.00010655
0.000104026
0.000108041
5.72827e-05
0.000122624
-4.64769e-06
0.000157764
-2.79362e-05
0.00017792
-1.36825e-05
0.000159285
2.40637e-05
8.72175e-05
0.000150595
-4.68613e-05
0.000438572
-8.11151e-05
0.00113062
-7.31082e-05
0.00164983
0.00182316
0.00012007
-0.000235846
0.000128416
-0.000232668
0.000135994
-0.000221402
0.000141759
-0.000197672
0.000144441
-0.00015628
0.000141662
-9.08181e-05
0.000128552
7.33261e-07
0.000103276
9.36292e-05
7.98639e-05
0.000127438
5.56908e-05
8.14559e-05
1.74486e-05
3.35945e-05
1.9966e-05
-3.04535e-05
7.07787e-05
-6.44953e-05
6.90233e-05
2.58191e-05
-9.33805e-06
0.000228957
-0.000116148
0.000545382
-0.000119565
0.00113403
-9.28573e-05
0.00162312
0.00173031
0.000105246
-0.000243138
0.000112699
-0.000240121
0.000119745
-0.000228448
0.000125639
-0.000203566
0.000129813
-0.000160453
0.000131738
-9.27428e-05
0.000127268
5.20335e-06
0.000115852
0.000105045
0.000126348
0.000116942
0.000120178
8.76259e-05
8.46182e-05
6.91539e-05
2.8076e-05
2.60887e-05
1.45449e-05
-5.09643e-05
-1.2238e-05
5.26022e-05
-7.02175e-05
0.000286936
-0.000149831
0.000624996
-0.000141515
0.00112572
-0.000101855
0.00158346
0.00162845
9.06525e-05
-0.000249392
9.7376e-05
-0.000246844
0.000104206
-0.000235278
0.000110797
-0.000210157
0.000117289
-0.000166946
0.000125739
-0.000101192
0.00013639
-5.4476e-06
0.000145745
9.56902e-05
0.000172188
9.04995e-05
0.000163396
9.64178e-05
0.000139657
9.28926e-05
8.97239e-05
7.6022e-05
2.09833e-05
1.77761e-05
-2.45535e-05
9.81391e-05
-8.63807e-05
0.000348763
-0.000143271
0.000681886
-0.000137162
0.00111961
-9.38068e-05
0.0015401
0.00153464
7.62383e-05
-0.000254622
8.2259e-05
-0.000252865
8.89399e-05
-0.000241959
9.62724e-05
-0.00021749
0.000104766
-0.000175439
0.000118174
-0.000114601
0.000143263
-3.05367e-05
0.000165876
7.30773e-05
0.000170939
8.54373e-05
0.000171227
9.61294e-05
0.000160507
0.000103613
0.000133635
0.000102893
6.78623e-05
8.35491e-05
5.22435e-06
0.000160777
-6.17247e-05
0.000415712
-0.000113688
0.000733849
-0.000115741
0.00112166
-7.47494e-05
0.00149911
0.00145989
6.19304e-05
-0.000258766
6.71511e-05
-0.000258086
7.35423e-05
-0.000248351
8.12837e-05
-0.000225231
9.08073e-05
-0.000184962
0.000104441
-0.000128235
0.000131402
-5.74975e-05
0.000151389
5.30908e-05
0.000163155
7.36708e-05
0.000166213
9.30714e-05
0.000161314
0.000108512
0.000145006
0.000119201
0.000105757
0.000122798
6.19288e-05
0.000204605
-1.32831e-05
0.000490924
-7.17974e-05
0.000792364
-8.48484e-05
0.00113471
-5.15751e-05
0.00146584
0.00140832
4.76921e-05
-0.000261714
5.19273e-05
-0.000262321
5.77828e-05
-0.000254206
6.56982e-05
-0.000233147
7.62207e-05
-0.000195485
8.94718e-05
-0.000141486
0.000111533
-7.95585e-05
0.000149492
1.51314e-05
0.000153731
6.94324e-05
0.000158083
8.87184e-05
0.000156176
0.00011042
0.000145457
0.00012992
0.000123974
0.000144281
0.000104154
0.000224426
3.79518e-05
0.000557126
-2.64791e-05
0.000856795
-5.07851e-05
0.00115902
-2.87874e-05
0.00144384
0.00137953
3.35367e-05
-0.000263312
3.65302e-05
-0.000265314
4.14961e-05
-0.000259172
4.9266e-05
-0.000240916
6.06904e-05
-0.000206909
7.47034e-05
-0.000155499
9.3772e-05
-9.8627e-05
0.000136343
-2.74394e-05
0.000145662
6.0113e-05
0.000150858
8.35226e-05
0.000150405
0.000110873
0.000142342
0.000137984
0.000124278
0.000162345
0.0001217
0.000227003
8.20848e-05
0.000596741
1.38636e-05
0.000925016
-2.06701e-05
0.00119355
-1.0789e-05
0.00143396
0.00136874
1.95455e-05
-0.00026339
2.09865e-05
-0.000266755
2.45631e-05
-0.000262749
3.1434e-05
-0.000247787
4.27227e-05
-0.000218198
5.85557e-05
-0.000171332
7.73039e-05
-0.000117375
0.000111693
-6.18283e-05
0.000131705
4.01011e-05
0.000142824
7.24032e-05
0.000144531
0.000109166
0.000138973
0.000143542
0.000122968
0.000178349
0.000122327
0.000227644
0.000123758
0.000595311
4.73392e-05
0.00100143
1.88249e-06
0.00123901
-1.04158e-06
0.00143689
0.0013677
5.89517e-06
-0.000261808
5.4836e-06
-0.000266344
7.12408e-06
-0.000264389
1.22042e-05
-0.000252867
2.24101e-05
-0.000228404
3.89808e-05
-0.000187903
5.64288e-05
-0.000134823
7.86386e-05
-8.40382e-05
0.000115815
2.92444e-06
0.000128868
5.93502e-05
0.000134897
0.000103137
0.000133198
0.000145242
0.000123743
0.000187804
0.000108309
0.000243079
0.000144802
0.000558817
6.46713e-05
0.00108157
1.05179e-05
0.00129316
-2.70737e-06
0.00145011
0.00136499
-7.16493e-06
-0.000258484
-9.64636e-06
-0.000263862
-1.03981e-05
-0.000263637
-7.91488e-06
-0.000255351
-1.78219e-07
-0.000236141
1.46726e-05
-0.000202754
3.27724e-05
-0.000152923
5.09089e-05
-0.000102175
9.18453e-05
-3.80119e-05
0.000110369
4.08262e-05
0.000117525
9.59811e-05
0.000118701
0.000144065
0.000113118
0.000193387
9.49793e-05
0.000261218
0.000111113
0.000542684
4.51837e-05
0.00114749
-3.01602e-06
0.00134136
-1.86528e-05
0.00146575
0.00134634
-1.9338e-05
-0.000253411
-2.39971e-05
-0.000259203
-2.74392e-05
-0.000260195
-2.8241e-05
-0.000254549
-2.43702e-05
-0.000240011
-1.36149e-05
-0.000213509
5.75176e-06
-0.00017229
2.49567e-05
-0.00012138
5.175e-05
-6.48052e-05
6.95835e-05
2.29926e-05
8.47563e-05
8.08083e-05
9.06472e-05
0.000138174
9.22166e-05
0.000191818
6.94224e-05
0.000284012
2.34912e-05
0.000588615
-1.84035e-05
0.00118939
-4.32829e-05
0.00136624
-4.76018e-05
0.00147007
0.00129874
-3.0327e-05
-0.000246635
-3.71661e-05
-0.000252364
-4.34145e-05
-0.000253947
-4.78667e-05
-0.000250097
-4.86974e-05
-0.000239181
-4.33758e-05
-0.000218831
-2.91778e-05
-0.000186488
-9.77678e-06
-0.000140781
7.12745e-06
-8.17095e-05
3.57931e-05
-5.67305e-06
4.37808e-05
7.28206e-05
5.57822e-05
0.000126173
5.13578e-05
0.000196242
1.59804e-05
0.000319389
-9.17847e-05
0.00069638
-0.000106752
0.00120436
-0.000100645
0.00136013
-8.25504e-05
0.00145197
0.00121619
-3.98298e-05
-0.000238245
-4.87707e-05
-0.000243423
-5.7788e-05
-0.000244929
-6.59784e-05
-0.000241906
-7.19373e-05
-0.000233222
-7.3651e-05
-0.000217117
-6.87555e-05
-0.000191383
-5.5004e-05
-0.000154532
-3.2595e-05
-0.000104119
-1.85015e-06
-3.64179e-05
2.65232e-05
4.44473e-05
1.27516e-05
0.000139944
-2.47301e-05
0.000233724
-0.000115221
0.00040988
-0.00021777
0.000798928
-0.00019346
0.00118005
-0.000158144
0.00132482
-0.00011348
0.00140731
0.00110271
-4.74918e-05
-0.000228374
-5.83902e-05
-0.000232525
-7.00048e-05
-0.000233315
-8.1756e-05
-0.000230155
-9.27383e-05
-0.000222239
-0.000101564
-0.000208292
-0.000106336
-0.000186611
-0.000105616
-0.000155252
-9.87374e-05
-0.000110998
-8.68653e-05
-4.82901e-05
-7.92394e-05
3.68214e-05
-9.08574e-05
0.000151562
-0.000153495
0.000296361
-0.000256523
0.000512908
-0.000305616
0.000848021
-0.000256241
0.00113067
-0.000201882
0.00127046
-0.000132436
0.00133786
0.000970273
-5.28315e-05
-0.000217201
-6.55024e-05
-0.000219854
-7.94647e-05
-0.000219352
-9.4399e-05
-0.000215221
-0.000109887
-0.000206752
-0.000125408
-0.000192771
-0.00014046
-0.000171559
-0.000154818
-0.000140894
-0.00016818
-9.76352e-05
-0.000181272
-3.51981e-05
-0.000199559
5.51077e-05
-0.000231279
0.000183283
-0.000288471
0.000353554
-0.000351755
0.000576192
-0.000350545
0.000846811
-0.000288638
0.00106876
-0.000224148
0.00120597
-0.000136056
0.00124977
0.000834218
-5.51152e-05
-0.000204991
-6.93329e-05
-0.000205636
-8.53708e-05
-0.000203315
-0.000103002
-0.00019759
-0.000122053
-0.000187701
-0.000142537
-0.000172286
-0.000164922
-0.000149174
-0.000190312
-0.000115504
-0.000219331
-6.86167e-05
-0.000251882
-2.64686e-06
-0.000288343
9.15681e-05
-0.000327791
0.000222732
-0.000366998
0.000392761
-0.000388494
0.000597687
-0.000359341
0.000817658
-0.00029443
0.00100385
-0.00022445
0.00113599
-0.000125951
0.00115127
0.000708266
-5.32191e-05
-0.000192251
-6.86099e-05
-0.000190245
-8.64569e-05
-0.000185468
-0.000106457
-0.000177589
-0.000128271
-0.000165887
-0.000151714
-0.000148843
-0.000177443
-0.000123445
-0.000207935
-8.50113e-05
-0.00024419
-3.23617e-05
-0.000284586
3.77488e-05
-0.000325861
0.000132843
-0.000361869
0.00025874
-0.000384309
0.0004152
-0.000381075
0.000594454
-0.000341947
0.00077853
-0.000279783
0.00094169
-0.000207038
0.00106324
-0.000106351
0.00105058
0.000601916
-4.56596e-05
-0.000180079
-6.12639e-05
-0.000174641
-8.03185e-05
-0.000166413
-0.000102553
-0.000155354
-0.000127237
-0.000141204
-0.000153035
-0.000123044
-0.000178662
-9.78184e-05
-0.000208886
-5.47874e-05
-0.000245478
4.23057e-06
-0.000284937
7.72079e-05
-0.000322431
0.000170337
-0.000350901
0.00028721
-0.000362206
0.000426504
-0.000348994
0.000581242
-0.000309485
0.000739021
-0.000251817
0.000884022
-0.000178917
0.000990344
-8.30474e-05
0.000954713
0.000518868
-3.10238e-05
-0.00017073
-4.43187e-05
-0.000161346
-6.22886e-05
-0.000148443
-8.54036e-05
-0.000132239
-0.000113291
-0.000113317
-0.000143772
-9.25631e-05
-0.000169041
-7.25498e-05
-0.000197221
-2.6607e-05
-0.000231328
3.83374e-05
-0.000265758
0.000111638
-0.000296222
0.000200801
-0.000317204
0.000308192
-0.00032257
0.000431871
-0.000307788
0.000566459
-0.0002725
0.000703733
-0.000220027
0.000831549
-0.000149252
0.000919568
-6.07644e-05
0.000866225
0.000458104
-9.98853e-06
-1.53895e-05
-2.45697e-05
-3.98646e-05
-6.37184e-05
-9.7994e-05
-0.000139749
-0.000179808
-0.000214164
-0.000241571
-0.000261863
-0.000272546
-0.000270682
-0.000254308
-0.000223131
-0.00017743
-0.000116525
-4.69682e-05
)
;

boundaryField
{
    leftWall
    {
        type            calculated;
        value           uniform 0;
    }
    rightWall
    {
        type            calculated;
        value           uniform 0;
    }
    lowerWall
    {
        type            calculated;
        value           uniform 0;
    }
    atmosphere
    {
        type            calculated;
        value           nonuniform List<scalar> 
46
(
-0.000154411
-0.000195619
-0.000186987
-0.000186031
-0.000185242
-0.000184903
-0.00018485
-0.00018499
-0.000185262
-0.000185615
-0.000186005
-0.000186387
-0.000186712
-0.000186927
-0.000186963
-0.00018674
-0.000186165
-0.000185124
-0.000183489
-0.000181119
-0.000177881
-0.000173675
-0.000168489
-7.75407e-05
-7.62113e-05
-7.49239e-05
-7.36339e-05
-0.000167534
-0.000155945
-0.000139263
-0.000116944
-8.9463e-05
-5.82875e-05
-3.07953e-05
1.34525e-05
7.2693e-05
0.000139046
0.000221093
0.000318874
0.000430007
0.000550085
0.000672556
0.000785848
0.000858664
0.000796668
0.000411136
)
;
    }
    defaultFaces
    {
        type            empty;
        value           nonuniform List<scalar> 0();
    }
}


// ************************************************************************* //
