/*--------------------------------*- C++ -*----------------------------------*\
| =========                 |                                                 |
| \\      /  F ield         | OpenFOAM: The Open Source CFD Toolbox           |
|  \\    /   O peration     | Version:  v2012                                 |
|   \\  /    A nd           | Website:  www.openfoam.com                      |
|    \\/     M anipulation  |                                                 |
\*---------------------------------------------------------------------------*/
FoamFile
{
    version     2.0;
    format      ascii;
    class       volVectorField;
    location    "0.4";
    object      U;
}
// * * * * * * * * * * * * * * * * * * * * * * * * * * * * * * * * * * * * * //

dimensions      [0 1 -1 0 0 0 0];


internalField   nonuniform List<vector> 
2268
(
(-0.0523882 0.0175641 0)
(-0.074815 0.00244232 0)
(-0.0490709 -0.0133645 0)
(-0.00355536 -0.0172663 0)
(0.0498303 -0.0181226 0)
(0.103201 -0.0172551 0)
(0.15394 -0.0158621 0)
(0.201003 -0.0144562 0)
(0.244314 -0.0131793 0)
(0.284121 -0.0120256 0)
(0.320589 -0.0109247 0)
(0.353586 -0.00976289 0)
(0.382554 -0.00838759 0)
(0.406385 -0.00654273 0)
(0.422894 -0.0038147 0)
(0.429339 0.0011993 0)
(0.415862 0.00901649 0)
(0.375437 0.0201891 0)
(0.301362 0.0331237 0)
(0.185781 0.043439 0)
(0.0502546 0.0476591 0)
(-0.146852 0.00855744 0)
(-0.082886 -0.0601748 0)
(-0.0445566 0.0391813 0)
(-0.0334292 0.000343245 0)
(-0.00519966 -0.0257337 0)
(0.038688 -0.0357922 0)
(0.0885314 -0.0384967 0)
(0.138814 -0.0375445 0)
(0.187114 -0.0352425 0)
(0.232465 -0.0326443 0)
(0.274656 -0.0301177 0)
(0.313732 -0.0277004 0)
(0.349672 -0.0252613 0)
(0.382221 -0.0225568 0)
(0.410772 -0.0192435 0)
(0.434257 -0.0147982 0)
(0.450941 -0.00842463 0)
(0.458609 0.00145454 0)
(0.456195 0.0164848 0)
(0.437592 0.0376389 0)
(0.394351 0.0641718 0)
(0.311358 0.0908422 0)
(0.194459 0.107856 0)
(0.000840156 0.071422 0)
(0.00515531 -0.0758084 0)
(-0.0217987 0.0508114 0)
(-0.00437439 -0.010153 0)
(0.0262032 -0.0430931 0)
(0.0686311 -0.0569426 0)
(0.115545 -0.0606767 0)
(0.16275 -0.0593694 0)
(0.208302 -0.0560476 0)
(0.251397 -0.0521917 0)
(0.291787 -0.0483515 0)
(0.329403 -0.044591 0)
(0.36411 -0.0407164 0)
(0.395572 -0.0363645 0)
(0.423164 -0.0310218 0)
(0.44587 -0.0239577 0)
(0.462175 -0.0141553 0)
(0.470082 -9.95111e-05 0)
(0.467948 0.0204083 0)
(0.452889 0.0493344 0)
(0.421238 0.0874646 0)
(0.364352 0.12997 0)
(0.281246 0.161919 0)
(0.130374 0.124472 0)
(0.0764875 -0.046065 0)
(-0.00224953 0.0515609 0)
(0.0183595 -0.0209918 0)
(0.0517377 -0.0607163 0)
(0.093669 -0.0777012 0)
(0.138365 -0.0821925 0)
(0.182844 -0.0804748 0)
(0.225765 -0.0762149 0)
(0.266575 -0.0712233 0)
(0.305063 -0.0661783 0)
(0.341092 -0.0611506 0)
(0.37445 -0.0558855 0)
(0.404746 -0.0499126 0)
(0.431354 -0.0425719 0)
(0.453333 -0.0329543 0)
(0.469371 -0.019839 0)
(0.477799 -0.00157128 0)
(0.477061 0.0240416 0)
(0.465364 0.0593155 0)
(0.44097 0.105666 0)
(0.399339 0.159422 0)
(0.337549 0.20544 0)
(0.220217 0.180324 0)
(0.130727 0.0183711 0)
(0.00944753 0.0432227 0)
(0.0356577 -0.0344676 0)
(0.0729385 -0.0791394 0)
(0.115289 -0.0981261 0)
(0.158387 -0.102873 0)
(0.200487 -0.100616 0)
(0.240946 -0.0954907 0)
(0.279533 -0.089506 0)
(0.316121 -0.0833962 0)
(0.350545 -0.0772124 0)
(0.382536 -0.0706398 0)
(0.411672 -0.0631179 0)
(0.437346 -0.0538678 0)
(0.458703 -0.0418421 0)
(0.47463 -0.0256755 0)
(0.483784 -0.0036432 0)
(0.484926 0.0264224 0)
(0.476944 0.0668609 0)
(0.459016 0.119304 0)
(0.428624 0.181248 0)
(0.380979 0.239951 0)
(0.288491 0.236882 0)
(0.175736 0.11257 0)
(0.0148197 0.0301177 0)
(0.0484672 -0.0512917 0)
(0.0906614 -0.0987253 0)
(0.134112 -0.118356 0)
(0.176013 -0.122668 0)
(0.215967 -0.119645 0)
(0.254108 -0.113683 0)
(0.290562 -0.106833 0)
(0.3253 -0.099802 0)
(0.358147 -0.0925883 0)
(0.388795 -0.0848162 0)
(0.416805 -0.0758524 0)
(0.441603 -0.0648279 0)
(0.462438 -0.0505964 0)
(0.47839 -0.0317022 0)
(0.488423 -0.00639982 0)
(0.491673 0.0273875 0)
(0.487584 0.0719011 0)
(0.475986 0.128893 0)
(0.455658 0.197148 0)
(0.420133 0.267464 0)
(0.350337 0.292601 0)
(0.219991 0.231754 0)
(0.017444 0.0140228 0)
(0.0585061 -0.071437 0)
(0.105972 -0.119771 0)
(0.150775 -0.138592 0)
(0.191544 -0.141675 0)
(0.229404 -0.137606 0)
(0.26531 -0.13081 0)
(0.299718 -0.123206 0)
(0.332679 -0.115384 0)
(0.364 -0.10726 0)
(0.393343 -0.0983975 0)
(0.420265 -0.088108 0)
(0.444238 -0.0754607 0)
(0.464624 -0.0592457 0)
(0.480696 -0.037962 0)
(0.491703 -0.00989078 0)
(0.49716 0.0268954 0)
(0.497041 0.0744667 0)
(0.491848 0.134619 0)
(0.481639 0.20744 0)
(0.459513 0.287702 0)
(0.417736 0.346368 0)
(0.271357 0.373298 0)
(0.0196766 -0.00427455 0)
(0.067459 -0.0943788 0)
(0.120166 -0.142121 0)
(0.166005 -0.158743 0)
(0.20528 -0.15983 0)
(0.240894 -0.154473 0)
(0.274587 -0.14687 0)
(0.307036 -0.138629 0)
(0.338309 -0.13014 0)
(0.368174 -0.121218 0)
(0.396261 -0.11137 0)
(0.422132 -0.0998712 0)
(0.445315 -0.0857592 0)
(0.465296 -0.0677933 0)
(0.481534 -0.0444661 0)
(0.493544 -0.014133 0)
(0.501207 0.0249224 0)
(0.505016 0.0745109 0)
(0.506271 0.136265 0)
(0.506598 0.211185 0)
(0.501466 0.297387 0)
(0.492932 0.387043 0)
(0.344096 0.575241 0)
(0.0372329 -0.0017261 0)
(-0.0809154 0.0373486 0)
(-0.241738 0.0332315 0)
(-0.324512 0.0147337 0)
(-0.346643 -0.00100518 0)
(-0.319553 -0.0128961 0)
(-0.25814 -0.0233447 0)
(-0.160436 -0.0336274 0)
(-0.0317779 -0.0400681 0)
(0.111898 -0.0411219 0)
(0.253551 -0.0372499 0)
(0.378042 -0.0293688 0)
(0.470231 -0.0179101 0)
(0.517244 -0.00233342 0)
(0.498789 0.0132263 0)
(0.421496 0.0252434 0)
(0.30236 0.0317217 0)
(0.162058 0.0316684 0)
(0.0427302 0.0220489 0)
(-0.0103669 0.020541 0)
(-0.13529 0.0902293 0)
(-0.281316 0.0780928 0)
(-0.337341 0.0323433 0)
(-0.34029 -0.00432836 0)
(-0.310256 -0.0279292 0)
(-0.24919 -0.0511798 0)
(-0.153169 -0.0757057 0)
(-0.02636 -0.0920109 0)
(0.114931 -0.0960933 0)
(0.253967 -0.0890103 0)
(0.376857 -0.0720258 0)
(0.469933 -0.0457494 0)
(0.520911 -0.0109544 0)
(0.526729 0.0273751 0)
(0.47498 0.0618167 0)
(0.364029 0.0852928 0)
(0.211425 0.0907235 0)
(0.0638495 0.0686891 0)
(-0.03545 0.0565734 0)
(-0.148737 0.141213 0)
(-0.273895 0.118992 0)
(-0.324777 0.0434031 0)
(-0.321377 -0.013645 0)
(-0.287178 -0.0465709 0)
(-0.229154 -0.08106 0)
(-0.137309 -0.119689 0)
(-0.0130012 -0.145896 0)
(0.125905 -0.152376 0)
(0.262124 -0.141805 0)
(0.382808 -0.116084 0)
(0.475147 -0.0759607 0)
(0.527464 -0.0236696 0)
(0.531962 0.0362266 0)
(0.481299 0.0949286 0)
(0.373871 0.139592 0)
(0.225232 0.155081 0)
(0.0742971 0.128598 0)
(-0.0388197 0.0951244 0)
(-0.140705 0.186705 0)
(-0.257925 0.159531 0)
(-0.305172 0.0520595 0)
(-0.288081 -0.0261908 0)
(-0.24673 -0.0660065 0)
(-0.19328 -0.109887 0)
(-0.108567 -0.163859 0)
(0.0117973 -0.201177 0)
(0.148042 -0.209858 0)
(0.281414 -0.1954 0)
(0.400102 -0.160594 0)
(0.491825 -0.106387 0)
(0.544732 -0.0357091 0)
(0.549642 0.0458902 0)
(0.499248 0.128195 0)
(0.391169 0.194014 0)
(0.240273 0.220975 0)
(0.0830291 0.193884 0)
(-0.022957 0.130698 0)
(-0.112752 0.223445 0)
(-0.227055 0.199937 0)
(-0.263973 0.0542263 0)
(-0.223108 -0.047276 0)
(-0.170035 -0.088348 0)
(-0.122823 -0.13686 0)
(-0.0514662 -0.206252 0)
(0.0588334 -0.255923 0)
(0.188422 -0.267018 0)
(0.316193 -0.248786 0)
(0.431447 -0.205347 0)
(0.521993 -0.137235 0)
(0.574869 -0.0480128 0)
(0.579759 0.055621 0)
(0.528852 0.161997 0)
(0.418093 0.25 0)
(0.260067 0.290159 0)
(0.0915602 0.263825 0)
(0.0112408 0.151608 0)
(-0.0593616 0.242869 0)
(-0.161802 0.240968 0)
(-0.165157 0.0459844 0)
(-0.0906189 -0.0793877 0)
(-0.0287514 -0.113072 0)
(0.010801 -0.159241 0)
(0.0599908 -0.242464 0)
(0.146281 -0.307392 0)
(0.257914 -0.321375 0)
(0.37265 -0.299354 0)
(0.480093 -0.248498 0)
(0.567514 -0.167479 0)
(0.619412 -0.0600352 0)
(0.623376 0.0657432 0)
(0.570336 0.196836 0)
(0.45436 0.308652 0)
(0.285415 0.364529 0)
(0.100795 0.339926 0)
(0.097076 0.202237 0)
(0.0491848 0.446181 0)
(-0.00200394 0.32408 0)
(0.0800114 0.045736 0)
(0.181914 -0.10744 0)
(0.205499 -0.122371 0)
(0.232047 -0.164738 0)
(0.255521 -0.264437 0)
(0.29823 -0.349872 0)
(0.370168 -0.368027 0)
(0.458045 -0.344018 0)
(0.549493 -0.288356 0)
(0.630016 -0.196536 0)
(0.679521 -0.0713565 0)
(0.681766 0.0769086 0)
(0.625146 0.233793 0)
(0.501137 0.371427 0)
(0.317876 0.445799 0)
(0.111964 0.424094 0)
(0.253359 0.00988315 0)
(0.354099 0.204486 0)
(0.400886 0.256665 0)
(0.674476 -0.055627 0)
(0.713142 -0.126839 0)
(0.559783 -0.0884526 0)
(0.533694 -0.137725 0)
(0.545889 -0.260528 0)
(0.536862 -0.363782 0)
(0.53565 -0.387885 0)
(0.576778 -0.376999 0)
(0.641067 -0.32276 0)
(0.709761 -0.223817 0)
(0.755525 -0.0821124 0)
(0.755889 0.0892293 0)
(0.695078 0.273922 0)
(0.560482 0.440632 0)
(0.359908 0.537165 0)
(0.126584 0.517921 0)
(0.0238398 -0.0373141 0)
(0.0838796 -0.135798 0)
(0.143296 -0.178662 0)
(0.188281 -0.189333 0)
(0.223759 -0.186448 0)
(0.255444 -0.17906 0)
(0.285784 -0.170438 0)
(0.31543 -0.161451 0)
(0.344313 -0.152118 0)
(0.372097 -0.1421 0)
(0.398362 -0.130843 0)
(0.422687 -0.117609 0)
(0.444701 -0.101437 0)
(0.464094 -0.0810876 0)
(0.480615 -0.0550922 0)
(0.494162 -0.0219759 0)
(0.505133 0.0195197 0)
(0.514752 0.0705731 0)
(0.525676 0.131988 0)
(0.542423 0.204718 0)
(0.57076 0.288499 0)
(0.631345 0.387639 0)
(0.734302 0.609351 0)
(0.0324055 -0.0996044 0)
(0.120901 -0.207721 0)
(0.1811 -0.231273 0)
(0.215231 -0.227875 0)
(0.241318 -0.21885 0)
(0.266828 -0.20962 0)
(0.29305 -0.200535 0)
(0.319648 -0.191129 0)
(0.346011 -0.180996 0)
(0.371548 -0.169694 0)
(0.395739 -0.156692 0)
(0.418184 -0.141343 0)
(0.438655 -0.122821 0)
(0.457124 -0.100032 0)
(0.473714 -0.0716425 0)
(0.488721 -0.0364412 0)
(0.503033 0.00618091 0)
(0.518211 0.0558368 0)
(0.537434 0.111731 0)
(0.565653 0.172903 0)
(0.609302 0.235266 0)
(0.675249 0.293226 0)
(0.793049 0.351329 0)
(0.0645737 -0.186292 0)
(0.184193 -0.299452 0)
(0.22026 -0.28061 0)
(0.229959 -0.257782 0)
(0.246022 -0.244604 0)
(0.267696 -0.235486 0)
(0.29189 -0.226812 0)
(0.316934 -0.217325 0)
(0.341791 -0.206606 0)
(0.36573 -0.194278 0)
(0.388199 -0.179894 0)
(0.408824 -0.162936 0)
(0.427493 -0.142757 0)
(0.444443 -0.118475 0)
(0.46025 -0.0889691 0)
(0.475781 -0.0533937 0)
(0.492061 -0.0118419 0)
(0.510713 0.0343228 0)
(0.534595 0.0826403 0)
(0.566099 0.131973 0)
(0.608339 0.175502 0)
(0.665636 0.202455 0)
(0.752996 0.210168 0)
(0.1623 -0.32105 0)
(0.253248 -0.381546 0)
(0.231399 -0.276676 0)
(0.220254 -0.253129 0)
(0.236221 -0.248953 0)
(0.258979 -0.244756 0)
(0.283234 -0.238124 0)
(0.307637 -0.229349 0)
(0.331377 -0.218676 0)
(0.353803 -0.205948 0)
(0.374411 -0.190871 0)
(0.392895 -0.173145 0)
(0.409295 -0.152447 0)
(0.424188 -0.128245 0)
(0.438779 -0.0996035 0)
(0.45493 -0.0657529 0)
(0.47463 -0.0270716 0)
(0.497959 0.0140119 0)
(0.525867 0.0556811 0)
(0.559836 0.0962438 0)
(0.602325 0.12636 0)
(0.657254 0.134756 0)
(0.728791 0.128044 0)
(0.246638 -0.54649 0)
(0.145366 -0.346841 0)
(0.155097 -0.23636 0)
(0.203911 -0.256333 0)
(0.231448 -0.262901 0)
(0.25515 -0.260883 0)
(0.278348 -0.253875 0)
(0.301047 -0.243895 0)
(0.322726 -0.231535 0)
(0.342775 -0.216794 0)
(0.360715 -0.199531 0)
(0.376229 -0.179601 0)
(0.389211 -0.156884 0)
(0.399884 -0.131163 0)
(0.409342 -0.101691 0)
(0.420111 -0.0679634 0)
(0.437044 -0.0303099 0)
(0.467063 0.00233931 0)
(0.503842 0.0375457 0)
(0.551072 0.072799 0)
(0.612068 0.0924053 0)
(0.673498 0.0877389 0)
(0.733112 0.072941 0)
(-0.111367 -0.768208 0)
(-0.033663 -0.388815 0)
(0.0529121 -0.293417 0)
(0.135744 -0.319058 0)
(0.200524 -0.338973 0)
(0.256238 -0.341572 0)
(0.306197 -0.335522 0)
(0.351032 -0.324639 0)
(0.391358 -0.309343 0)
(0.42781 -0.289564 0)
(0.460722 -0.265504 0)
(0.490004 -0.237666 0)
(0.515079 -0.207028 0)
(0.534688 -0.175223 0)
(0.546998 -0.144293 0)
(0.551781 -0.116651 0)
(0.56 -0.0894137 0)
(0.500839 -0.0398391 0)
(0.49565 -0.00451445 0)
(0.53651 0.0328063 0)
(0.61892 0.0609297 0)
(0.693087 0.0520711 0)
(0.752689 0.0312596 0)
(-0.0755154 -0.489011 0)
(-0.0325569 -0.473273 0)
(0.0581831 -0.420274 0)
(0.140277 -0.398318 0)
(0.209004 -0.384589 0)
(0.268059 -0.370212 0)
(0.321653 -0.354381 0)
(0.371409 -0.337158 0)
(0.417911 -0.318123 0)
(0.46166 -0.296698 0)
(0.503089 -0.272342 0)
(0.542461 -0.244573 0)
(0.579838 -0.212993 0)
(0.615097 -0.177249 0)
(0.6481 -0.136866 0)
(0.679429 -0.0914698 0)
(0.711438 -0.0438689 0)
(0.738033 -0.0221325 0)
(0.768386 -0.0650298 0)
(0.802561 -0.126903 0)
(0.834299 -0.131793 0)
(0.787143 -0.0474896 0)
(0.804752 -0.0260188 0)
(-0.0075052 -0.510294 0)
(0.0181136 -0.534083 0)
(0.0842617 -0.496721 0)
(0.150273 -0.468413 0)
(0.211636 -0.447417 0)
(0.268004 -0.428258 0)
(0.321034 -0.408934 0)
(0.371795 -0.388806 0)
(0.420789 -0.367317 0)
(0.468456 -0.343879 0)
(0.51527 -0.317935 0)
(0.561725 -0.288996 0)
(0.60836 -0.256697 0)
(0.655815 -0.220865 0)
(0.705 -0.181664 0)
(0.757462 -0.140055 0)
(0.815719 -0.0994083 0)
(0.880026 -0.0696854 0)
(0.94335 -0.0589044 0)
(0.994937 -0.0513847 0)
(1.03721 -0.0343146 0)
(1.08235 -0.0419594 0)
(1.1436 -0.116685 0)
(0.00895622 -0.524985 0)
(0.0425523 -0.583803 0)
(0.0966265 -0.555728 0)
(0.150899 -0.527325 0)
(0.204308 -0.503738 0)
(0.256168 -0.482343 0)
(0.306809 -0.461416 0)
(0.356673 -0.440117 0)
(0.406086 -0.417828 0)
(0.455412 -0.393996 0)
(0.505115 -0.368143 0)
(0.555772 -0.339897 0)
(0.608095 -0.309072 0)
(0.662963 -0.275769 0)
(0.721479 -0.240581 0)
(0.785028 -0.204969 0)
(0.854976 -0.172021 0)
(0.930505 -0.147332 0)
(1.00575 -0.134914 0)
(1.07515 -0.127251 0)
(1.14346 -0.115419 0)
(1.22091 -0.10881 0)
(1.30428 -0.128227 0)
(0.0174033 -0.551273 0)
(0.051733 -0.629275 0)
(0.0964975 -0.604713 0)
(0.142308 -0.577401 0)
(0.189117 -0.553674 0)
(0.236311 -0.531924 0)
(0.283737 -0.510795 0)
(0.331496 -0.489502 0)
(0.379783 -0.467501 0)
(0.428894 -0.444345 0)
(0.479254 -0.419685 0)
(0.531429 -0.393296 0)
(0.586122 -0.365147 0)
(0.644168 -0.3355 0)
(0.706499 -0.305062 0)
(0.774036 -0.275202 0)
(0.847274 -0.248231 0)
(0.925183 -0.227288 0)
(1.00449 -0.214069 0)
(1.08279 -0.205407 0)
(1.16237 -0.198235 0)
(1.24629 -0.1978 0)
(1.32907 -0.213527 0)
(0.0218888 -0.586378 0)
(0.0528975 -0.668904 0)
(0.0893409 -0.64591 0)
(0.128422 -0.620621 0)
(0.169636 -0.598212 0)
(0.212304 -0.577367 0)
(0.256097 -0.55704 0)
(0.30097 -0.536612 0)
(0.347029 -0.515673 0)
(0.394517 -0.493913 0)
(0.443809 -0.47112 0)
(0.495406 -0.447208 0)
(0.549924 -0.422261 0)
(0.608058 -0.396611 0)
(0.67051 -0.370928 0)
(0.737843 -0.346311 0)
(0.810188 -0.324339 0)
(0.886763 -0.306793 0)
(0.965834 -0.294558 0)
(1.04616 -0.286637 0)
(1.12833 -0.282321 0)
(1.21266 -0.284023 0)
(1.29576 -0.294248 0)
(0.0218965 -0.621809 0)
(0.0491992 -0.701504 0)
(0.0791045 -0.68059 0)
(0.112756 -0.658186 0)
(0.149096 -0.637927 0)
(0.18743 -0.618718 0)
(0.227408 -0.599821 0)
(0.268929 -0.580816 0)
(0.31206 -0.561441 0)
(0.357002 -0.541522 0)
(0.404072 -0.520976 0)
(0.453695 -0.499827 0)
(0.506379 -0.478239 0)
(0.562673 -0.456562 0)
(0.623088 -0.435371 0)
(0.687983 -0.415501 0)
(0.757374 -0.39801 0)
(0.830748 -0.383972 0)
(0.907133 -0.373985 0)
(0.98574 -0.367884 0)
(1.06641 -0.365599 0)
(1.14861 -0.368005 0)
(1.23026 -0.375289 0)
(0.0197255 -0.654805 0)
(0.0435479 -0.728377 0)
(0.0685652 -0.710161 0)
(0.0977495 -0.690996 0)
(0.129778 -0.673229 0)
(0.164025 -0.656021 0)
(0.200186 -0.638911 0)
(0.238167 -0.621669 0)
(0.278022 -0.604168 0)
(0.319921 -0.586357 0)
(0.364132 -0.568257 0)
(0.411007 -0.549977 0)
(0.460957 -0.531732 0)
(0.514409 -0.513862 0)
(0.57174 -0.496844 0)
(0.63319 -0.481297 0)
(0.698754 -0.467939 0)
(0.768103 -0.457456 0)
(0.84065 -0.450279 0)
(0.915835 -0.446486 0)
(0.993268 -0.446104 0)
(1.07227 -0.44928 0)
(1.15157 -0.455389 0)
(0.0169234 -0.683955 0)
(0.0376964 -0.750886 0)
(0.0591942 -0.735716 0)
(0.0846989 -0.719752 0)
(0.112943 -0.704525 0)
(0.143435 -0.689458 0)
(0.175952 -0.674323 0)
(0.210437 -0.659041 0)
(0.246952 -0.643603 0)
(0.285653 -0.628055 0)
(0.326767 -0.612501 0)
(0.370591 -0.597114 0)
(0.417454 -0.582137 0)
(0.467693 -0.567888 0)
(0.521592 -0.554756 0)
(0.579321 -0.543197 0)
(0.640871 -0.533702 0)
(0.706027 -0.526716 0)
(0.774412 -0.522542 0)
(0.845607 -0.521291 0)
(0.919209 -0.52296 0)
(0.994631 -0.527389 0)
(1.07113 -0.533691 0)
(0.0142954 -0.709138 0)
(0.0325848 -0.770302 0)
(0.0515914 -0.758127 0)
(0.0740891 -0.745081 0)
(0.0990775 -0.732264 0)
(0.126223 -0.71934 0)
(0.1554 -0.706252 0)
(0.186605 -0.693035 0)
(0.219923 -0.679769 0)
(0.255503 -0.666573 0)
(0.293549 -0.653617 0)
(0.334313 -0.641114 0)
(0.378071 -0.629322 0)
(0.42509 -0.61853 0)
(0.475589 -0.609054 0)
(0.529687 -0.601225 0)
(0.587375 -0.595372 0)
(0.648505 -0.591783 0)
(0.71281 -0.590654 0)
(0.779979 -0.592071 0)
(0.84968 -0.595994 0)
(0.921476 -0.602147 0)
(0.994983 -0.609638 0)
(0.0122027 -0.730843 0)
(0.0285885 -0.787649 0)
(0.0458432 -0.778095 0)
(0.0659123 -0.767553 0)
(0.0881631 -0.756929 0)
(0.11241 -0.746066 0)
(0.138624 -0.735019 0)
(0.166865 -0.723903 0)
(0.197244 -0.712858 0)
(0.229915 -0.702059 0)
(0.265064 -0.69172 0)
(0.302916 -0.682077 0)
(0.343707 -0.673389 0)
(0.387655 -0.665914 0)
(0.434929 -0.659905 0)
(0.48561 -0.655596 0)
(0.539679 -0.653197 0)
(0.597022 -0.652882 0)
(0.657444 -0.654768 0)
(0.720704 -0.658908 0)
(0.786554 -0.66525 0)
(0.854708 -0.673517 0)
(0.925026 -0.682916 0)
(0.0107239 -0.749858 0)
(0.025729 -0.803649 0)
(0.0417516 -0.796174 0)
(0.0598873 -0.787689 0)
(0.0798798 -0.779003 0)
(0.101671 -0.770067 0)
(0.125324 -0.761 0)
(0.150952 -0.751965 0)
(0.178697 -0.743144 0)
(0.208715 -0.734747 0)
(0.241187 -0.727012 0)
(0.276321 -0.720186 0)
(0.314323 -0.714516 0)
(0.355373 -0.710227 0)
(0.399596 -0.707516 0)
(0.447042 -0.706537 0)
(0.49768 -0.707411 0)
(0.551408 -0.710223 0)
(0.608067 -0.715036 0)
(0.667472 -0.721883 0)
(0.729447 -0.730733 0)
(0.793824 -0.741369 0)
(0.860613 -0.753147 0)
(0.0097797 -0.766989 0)
(0.0238391 -0.818791 0)
(0.0389863 -0.812806 0)
(0.0556027 -0.805948 0)
(0.0737593 -0.798933 0)
(0.093504 -0.791756 0)
(0.114973 -0.784567 0)
(0.138328 -0.77755 0)
(0.163732 -0.770911 0)
(0.191347 -0.76488 0)
(0.221352 -0.759702 0)
(0.253944 -0.755621 0)
(0.289305 -0.752865 0)
(0.327582 -0.751624 0)
(0.368863 -0.752039 0)
(0.413168 -0.754198 0)
(0.460449 -0.758146 0)
(0.510607 -0.763901 0)
(0.563503 -0.771489 0)
(0.618982 -0.780945 0)
(0.676916 -0.792283 0)
(0.737221 -0.805383 0)
(0.799999 -0.819766 0)
(0.00923221 -0.78291 0)
(0.0226807 -0.833385 0)
(0.037183 -0.828334 0)
(0.0526095 -0.822716 0)
(0.0692825 -0.817111 0)
(0.0873305 -0.811507 0)
(0.106946 -0.80606 0)
(0.128324 -0.800959 0)
(0.151641 -0.79642 0)
(0.177065 -0.792675 0)
(0.204774 -0.789964 0)
(0.234955 -0.78852 0)
(0.26777 -0.788542 0)
(0.303333 -0.790182 0)
(0.341702 -0.79353 0)
(0.382868 -0.798611 0)
(0.426769 -0.805404 0)
(0.4733 -0.813875 0)
(0.522324 -0.824022 0)
(0.573698 -0.835903 0)
(0.627319 -0.849597 0)
(0.683155 -0.865096 0)
(0.741356 -0.882083 0)
(0.00894129 -0.798119 0)
(0.0220087 -0.847602 0)
(0.0359956 -0.843011 0)
(0.0504801 -0.838297 0)
(0.0659459 -0.833851 0)
(0.0825782 -0.829627 0)
(0.100607 -0.825764 0)
(0.120248 -0.822446 0)
(0.141683 -0.819884 0)
(0.165083 -0.818303 0)
(0.190623 -0.817929 0)
(0.218478 -0.81897 0)
(0.24879 -0.821595 0)
(0.281646 -0.825916 0)
(0.317073 -0.83197 0)
(0.355041 -0.839724 0)
(0.395475 -0.849097 0)
(0.438261 -0.860008 0)
(0.483251 -0.872444 0)
(0.530294 -0.886492 0)
(0.579293 -0.902309 0)
(0.630242 -0.920003 0)
(0.683305 -0.939402 0)
(0.00878985 -0.812937 0)
(0.021608 -0.861516 0)
(0.0351273 -0.857009 0)
(0.048842 -0.852913 0)
(0.0633008 -0.849396 0)
(0.078728 -0.846356 0)
(0.0953739 -0.843902 0)
(0.113461 -0.842207 0)
(0.13317 -0.841466 0)
(0.154668 -0.841888 0)
(0.178126 -0.843677 0)
(0.203705 -0.847012 0)
(0.231526 -0.852027 0)
(0.261649 -0.858793 0)
(0.294075 -0.867296 0)
(0.328763 -0.877445 0)
(0.365626 -0.889099 0)
(0.404534 -0.902139 0)
(0.445317 -0.916545 0)
(0.487809 -0.932442 0)
(0.531908 -0.950066 0)
(0.577624 -0.969641 0)
(0.62511 -0.991135 0)
(0.00868701 -0.827532 0)
(0.0213064 -0.875122 0)
(0.0343429 -0.870421 0)
(0.04739 -0.866714 0)
(0.0609738 -0.863919 0)
(0.0753417 -0.86187 0)
(0.0907511 -0.860644 0)
(0.107417 -0.860391 0)
(0.125512 -0.861287 0)
(0.145197 -0.863517 0)
(0.166633 -0.867258 0)
(0.189966 -0.872658 0)
(0.215292 -0.879816 0)
(0.242647 -0.888762 0)
(0.272014 -0.899431 0)
(0.303345 -0.911672 0)
(0.336544 -0.925288 0)
(0.371459 -0.940122 0)
(0.407896 -0.956151 0)
(0.44567 -0.973536 0)
(0.48467 -0.992593 0)
(0.524913 -1.01367 0)
(0.566544 -1.03689 0)
(0.00856536 -0.841953 0)
(0.0209754 -0.888352 0)
(0.0334686 -0.883278 0)
(0.0458897 -0.879779 0)
(0.0586732 -0.877528 0)
(0.0720753 -0.876289 0)
(0.0863458 -0.876106 0)
(0.101682 -0.877105 0)
(0.118245 -0.879437 0)
(0.136183 -0.883257 0)
(0.155643 -0.888712 0)
(0.176751 -0.895918 0)
(0.199579 -0.904944 0)
(0.224137 -0.915779 0)
(0.250403 -0.92831 0)
(0.278325 -0.942324 0)
(0.307798 -0.95757 0)
(0.338646 -0.973854 0)
(0.37065 -0.991146 0)
(0.40361 -1.00964 0)
(0.43741 -1.02973 0)
(0.472067 -1.05191 0)
(0.507735 -1.0765 0)
(0.00837847 -0.856167 0)
(0.0205249 -0.901095 0)
(0.0323852 -0.895561 0)
(0.0441772 -0.892137 0)
(0.0561897 -0.890278 0)
(0.0686786 -0.889681 0)
(0.0818703 -0.890364 0)
(0.0959396 -0.892421 0)
(0.111029 -0.895976 0)
(0.127273 -0.901154 0)
(0.1448 -0.908068 0)
(0.16371 -0.916806 0)
(0.184044 -0.927408 0)
(0.205798 -0.939826 0)
(0.228948 -0.953899 0)
(0.253441 -0.969358 0)
(0.279162 -0.985896 0)
(0.305912 -1.00328 0)
(0.333456 -1.02147 0)
(0.361588 -1.04068 0)
(0.390178 -1.06141 0)
(0.419245 -1.08432 0)
(0.44897 -1.10994 0)
(0.0080966 -0.870078 0)
(0.0198982 -0.913229 0)
(0.03102 -0.907218 0)
(0.0421518 -0.903784 0)
(0.0533925 -0.90219 0)
(0.0649906 -0.902087 0)
(0.0771381 -0.903465 0)
(0.0899834 -0.906389 0)
(0.103648 -0.910951 0)
(0.118248 -0.917245 0)
(0.133886 -0.925354 0)
(0.150631 -0.935341 0)
(0.168496 -0.94722 0)
(0.187464 -0.960909 0)
(0.207514 -0.9762 0)
(0.228593 -0.992773 0)
(0.250572 -1.01027 0)
(0.273241 -1.02842 0)
(0.296356 -1.04714 0)
(0.319709 -1.06669 0)
(0.343154 -1.08766 0)
(0.366698 -1.11094 0)
(0.390564 -1.13729 0)
(0.00770502 -0.883541 0)
(0.0190691 -0.924626 0)
(0.0293458 -0.91818 0)
(0.0397681 -0.914689 0)
(0.0502195 -0.913262 0)
(0.0609305 -0.913527 0)
(0.072055 -0.915445 0)
(0.0837112 -0.919051 0)
(0.0959966 -0.924406 0)
(0.109002 -0.931573 0)
(0.122801 -0.940611 0)
(0.137426 -0.951561 0)
(0.152865 -0.964414 0)
(0.169093 -0.979057 0)
(0.18609 -0.995243 0)
(0.203802 -1.01261 0)
(0.222088 -1.03074 0)
(0.240732 -1.04931 0)
(0.2595 -1.06822 0)
(0.278179 -1.08773 0)
(0.296586 -1.10858 0)
(0.314716 -1.13187 0)
(0.332826 -1.15867 0)
(0.00721767 -0.896406 0)
(0.018042 -0.935171 0)
(0.027375 -0.928368 0)
(0.0370284 -0.9248 0)
(0.0466634 -0.923476 0)
(0.0564838 -0.924009 0)
(0.0666037 -0.926328 0)
(0.0771065 -0.930444 0)
(0.0880603 -0.936386 0)
(0.0995262 -0.944191 0)
(0.111544 -0.953898 0)
(0.124109 -0.965527 0)
(0.137186 -0.979049 0)
(0.150745 -0.994328 0)
(0.164765 -1.01109 0)
(0.179184 -1.02892 0)
(0.193854 -1.04737 0)
(0.208571 -1.06605 0)
(0.223114 -1.08482 0)
(0.237255 -1.10395 0)
(0.250766 -1.12431 0)
(0.263616 -1.14725 0)
(0.276077 -1.17418 0)
(0.00669938 -0.908556 0)
(0.0168524 -0.944765 0)
(0.0251469 -0.937709 0)
(0.0339721 -0.934069 0)
(0.0427597 -0.932818 0)
(0.0516898 -0.93354 0)
(0.0608286 -0.936142 0)
(0.0702196 -0.940608 0)
(0.0798972 -0.946944 0)
(0.0898886 -0.955164 0)
(0.100196 -0.965286 0)
(0.110779 -0.977313 0)
(0.121582 -0.991202 0)
(0.132567 -1.0068 0)
(0.143709 -1.02381 0)
(0.154931 -1.04179 0)
(0.166088 -1.06026 0)
(0.177001 -1.07876 0)
(0.187467 -1.09707 0)
(0.197228 -1.1155 0)
(0.206006 -1.13501 0)
(0.213739 -1.15722 0)
(0.220673 -1.18388 0)
(0.00626202 -0.919941 0)
(0.0155612 -0.953311 0)
(0.0227056 -0.946125 0)
(0.0306583 -0.942461 0)
(0.0385752 -0.941285 0)
(0.0466279 -0.942145 0)
(0.0548203 -0.944927 0)
(0.0631517 -0.9496 0)
(0.071619 -0.95615 0)
(0.0802131 -0.96457 0)
(0.0888966 -0.97486 0)
(0.0975965 -0.987012 0)
(0.106237 -1.00097 0)
(0.11477 -1.01657 0)
(0.123153 -1.03351 0)
(0.131296 -1.05135 0)
(0.139067 -1.06955 0)
(0.146322 -1.08757 0)
(0.152872 -1.10514 0)
(0.158429 -1.12255 0)
(0.162663 -1.14085 0)
(0.165465 -1.16189 0)
(0.167022 -1.18779 0)
(0.00600816 -0.930585 0)
(0.0142313 -0.960662 0)
(0.020075 -0.953529 0)
(0.0271481 -0.949946 0)
(0.0341922 -0.948886 0)
(0.0414005 -0.949857 0)
(0.0486979 -0.952739 0)
(0.0560358 -0.957491 0)
(0.0633734 -0.964087 0)
(0.0706633 -0.972504 0)
(0.0778289 -0.982727 0)
(0.0847659 -0.994738 0)
(0.0913791 -1.00847 0)
(0.0976034 -1.02377 0)
(0.10337 -1.04034 0)
(0.108578 -1.05774 0)
(0.113115 -1.07538 0)
(0.116879 -1.09265 0)
(0.119693 -1.10921 0)
(0.121237 -1.12531 0)
(0.12114 -1.14204 0)
(0.119224 -1.16143 0)
(0.115553 -1.18599 0)
(0.00593594 -0.940571 0)
(0.0128862 -0.966592 0)
(0.0172401 -0.959856 0)
(0.0234949 -0.956514 0)
(0.0296948 -0.955646 0)
(0.0361172 -0.956721 0)
(0.042589 -0.959637 0)
(0.049016 -0.964358 0)
(0.0553206 -0.970848 0)
(0.0614169 -0.979074 0)
(0.0671902 -0.989011 0)
(0.0725075 -1.00063 0)
(0.0772539 -1.01387 0)
(0.0813399 -1.02858 0)
(0.0846663 -1.04447 0)
(0.0871175 -1.06113 0)
(0.0886083 -1.07792 0)
(0.089072 -1.09418 0)
(0.0883416 -1.10948 0)
(0.086083 -1.12398 0)
(0.0818907 -1.13879 0)
(0.075499 -1.15604 0)
(0.0667886 -1.17861 0)
(0.00586446 -0.949976 0)
(0.0114761 -0.970821 0)
(0.0141502 -0.965117 0)
(0.0197513 -0.96221 0)
(0.0251642 -0.961625 0)
(0.0308852 -0.962805 0)
(0.0366172 -0.965698 0)
(0.0422296 -0.970288 0)
(0.0476116 -0.976538 0)
(0.0526405 -0.984406 0)
(0.0571667 -0.993858 0)
(0.061033 -1.00486 0)
(0.0641041 -1.01735 0)
(0.0662612 -1.03118 0)
(0.0673687 -1.04611 0)
(0.0672942 -1.06171 0)
(0.0659693 -1.07736 0)
(0.0633541 -1.09235 0)
(0.0592943 -1.10614 0)
(0.0534647 -1.1188 0)
(0.0454422 -1.13134 0)
(0.0348574 -1.14598 0)
(0.0213869 -1.16588 0)
(0.00544848 -0.958793 0)
(0.00989287 -0.973125 0)
(0.0107555 -0.969453 0)
(0.0159947 -0.967145 0)
(0.0206863 -0.966927 0)
(0.0258098 -0.968207 0)
(0.0308964 -0.971024 0)
(0.035797 -0.975393 0)
(0.0403734 -0.981283 0)
(0.0444713 -0.988647 0)
(0.0479139 -0.997441 0)
(0.0505244 -1.00762 0)
(0.0521482 -1.01912 0)
(0.0526328 -1.03181 0)
(0.0518006 -1.04548 0)
(0.0494932 -1.05973 0)
(0.0456421 -1.07396 0)
(0.0402189 -1.08741 0)
(0.0330887 -1.09947 0)
(0.02396 -1.11004 0)
(0.0124081 -1.12001 0)
(-0.00202782 -1.13157 0)
(-0.0198974 -1.1481 0)
(0.00431223 -0.966826 0)
(0.00809121 -0.973502 0)
(0.00704938 -0.973094 0)
(0.0123607 -0.971463 0)
(0.016359 -0.971673 0)
(0.0209919 -0.973037 0)
(0.0255248 -0.975725 0)
(0.0298129 -0.979796 0)
(0.0336999 -0.985227 0)
(0.037009 -0.991965 0)
(0.0395459 -0.999951 0)
(0.0411209 -1.00913 0)
(0.0415597 -1.01943 0)
(0.0406734 -1.03075 0)
(0.0382391 -1.0429 0)
(0.0340633 -1.05552 0)
(0.0280576 -1.06803 0)
(0.0201876 -1.07968 0)
(0.0103368 -1.08976 0)
(-0.00174097 -1.09801 0)
(-0.0164592 -1.10512 0)
(-0.0343563 -1.1132 0)
(-0.0561655 -1.12572 0)
(0.00210754 -0.973483 0)
(0.0062816 -0.972356 0)
(0.00308198 -0.976191 0)
(0.00902849 -0.975283 0)
(0.0122758 -0.975966 0)
(0.0165179 -0.977383 0)
(0.0205767 -0.979892 0)
(0.0243399 -0.983603 0)
(0.027645 -0.988502 0)
(0.0303062 -0.994525 0)
(0.0321231 -1.0016 0)
(0.0328978 -1.00965 0)
(0.0324376 -1.01861 0)
(0.0305199 -1.02837 0)
(0.0268811 -1.03878 0)
(0.0212888 -1.0495 0)
(0.0136147 -1.06 0)
(0.00379131 -1.06955 0)
(-0.00829486 -1.07739 0)
(-0.0228587 -1.08308 0)
(-0.0402901 -1.0871 0)
(-0.061163 -1.09134 0)
(-0.0863724 -1.09924 0)
(-0.00187589 -0.977606 0)
(0.00493456 -0.970535 0)
(-0.00102499 -0.978758 0)
(0.00609503 -0.978763 0)
(0.00848699 -0.979907 0)
(0.0124514 -0.981308 0)
(0.0160997 -0.983586 0)
(0.0194049 -0.986896 0)
(0.0222184 -0.99122 0)
(0.0243611 -0.996481 0)
(0.0256359 -1.00259 0)
(0.0258429 -1.00945 0)
(0.0247782 -1.01699 0)
(0.0221997 -1.0251 0)
(0.017816 -1.03361 0)
(0.0113548 -1.04221 0)
(0.00262671 -1.05043 0)
(-0.00850135 -1.05759 0)
(-0.0221692 -1.06291 0)
(-0.0385731 -1.06582 0)
(-0.0580714 -1.06651 0)
(-0.0812535 -1.06657 0)
(-0.109158 -1.0693 0)
(-0.00936007 -0.97805 0)
(0.00431157 -0.968942 0)
(-0.00511948 -0.981018 0)
(0.00345177 -0.982248 0)
(0.00504572 -0.983561 0)
(0.00885201 -0.984841 0)
(0.012121 -0.986846 0)
(0.0150059 -0.989731 0)
(0.0173938 -0.993469 0)
(0.0191239 -0.997964 0)
(0.0200112 -1.00311 0)
(0.0198637 -1.0088 0)
(0.0184839 -1.01493 0)
(0.0156305 -1.02135 0)
(0.011 -1.02789 0)
(0.004282 -1.03426 0)
(-0.00478356 -1.04002 0)
(-0.0164083 -1.04457 0)
(-0.030782 -1.04711 0)
(-0.0481086 -1.04699 0)
(-0.0687248 -1.04411 0)
(-0.0932315 -1.03969 0)
(-0.122793 -1.03674 0)
(-0.0227955 -0.975343 0)
(0.00417584 -0.967756 0)
(-0.00931209 -0.983548 0)
(0.00101578 -0.985811 0)
(0.00216252 -0.986868 0)
(0.00575982 -0.987987 0)
(0.00864131 -0.989704 0)
(0.0111245 -0.992159 0)
(0.0131308 -0.99532 0)
(0.0145256 -0.999083 0)
(0.015147 -1.00332 0)
(0.0148283 -1.00791 0)
(0.0133965 -1.0127 0)
(0.0106288 -1.01751 0)
(0.00622697 -1.02215 0)
(-0.000135885 -1.02631 0)
(-0.00876318 -1.02958 0)
(-0.01993 -1.03138 0)
(-0.0338951 -1.03097 0)
(-0.050912 -1.02762 0)
(-0.0713241 -1.02101 0)
(-0.0957208 -1.01187 0)
(-0.125339 -1.00278 0)
(-0.0444654 -0.969803 0)
(0.00495054 -0.967814 0)
(-0.0138835 -0.986377 0)
(-0.000991186 -0.989346 0)
(-0.00013438 -0.989951 0)
(0.00311303 -0.990841 0)
(0.00564425 -0.992226 0)
(0.00774765 -0.994243 0)
(0.00939419 -0.99686 0)
(0.010499 -0.999964 0)
(0.0109432 -1.00341 0)
(0.0105973 -1.00702 0)
(0.00932226 -1.01064 0)
(0.00692969 -1.01404 0)
(0.00315965 -1.01698 0)
(-0.00228775 -1.01913 0)
(-0.00971807 -1.02005 0)
(-0.0194412 -1.01919 0)
(-0.0317708 -1.01584 0)
(-0.0470073 -1.00925 0)
(-0.0654971 -0.998863 0)
(-0.087793 -0.984955 0)
(-0.115096 -0.969431 0)
(-0.0788642 -0.953284 0)
(0.00813535 -0.975844 0)
(-0.0188337 -0.990001 0)
(-0.00292727 -0.993238 0)
(-0.00187095 -0.993143 0)
(0.000989813 -0.993509 0)
(0.00317802 -0.994441 0)
(0.00487879 -0.996014 0)
(0.00615085 -0.998155 0)
(0.00698045 -1.00072 0)
(0.00729859 -1.00352 0)
(0.00701569 -1.00639 0)
(0.00603508 -1.00909 0)
(0.00422405 -1.0114 0)
(0.00138776 -1.01299 0)
(-0.00271356 -1.01351 0)
(-0.00834063 -1.01249 0)
(-0.0157711 -1.00937 0)
(-0.0252981 -1.00344 0)
(-0.0372196 -0.993939 0)
(-0.0518629 -0.980172 0)
(-0.0696886 -0.961942 0)
(-0.0917165 -0.940265 0)
(-0.131667 -0.908866 0)
(0.0117617 -1.00377 0)
(-0.0217736 -0.997219 0)
(-0.00465974 -0.998077 0)
(-0.00269038 -0.996446 0)
(-0.000324562 -0.995837 0)
(0.00133862 -0.996175 0)
(0.00251734 -0.997301 0)
(0.00335604 -0.999036 0)
(0.0038925 -1.00119 0)
(0.00409389 -1.00357 0)
(0.00391094 -1.00594 0)
(0.00329973 -1.00805 0)
(0.0021897 -1.00962 0)
(0.000454869 -1.01033 0)
(-0.0020613 -1.00976 0)
(-0.00551696 -1.00742 0)
(-0.0100868 -1.00271 0)
(-0.0159832 -0.994949 0)
(-0.0234308 -0.983374 0)
(-0.0326311 -0.967225 0)
(-0.0437898 -0.945988 0)
(-0.0574472 -0.91987 0)
(-0.164442 -0.839018 0)
(0.00648696 -1.04848 0)
(-0.0139489 -1.00785 0)
(-0.00344522 -1.00341 0)
(-0.00164866 -0.999304 0)
(-0.000477545 -0.997534 0)
(0.000229201 -0.997271 0)
(0.00068415 -0.998033 0)
(0.000983032 -0.999493 0)
(0.0011612 -1.00139 0)
(0.00122221 -1.00348 0)
(0.00115523 -1.00553 0)
(0.000942418 -1.00728 0)
(0.000558404 -1.00842 0)
(-3.31816e-05 -1.00859 0)
(-0.000879219 -1.00737 0)
(-0.00203779 -1.00424 0)
(-0.00357634 -0.998597 0)
(-0.0055633 -0.989735 0)
(-0.00806176 -0.976898 0)
(-0.0111187 -0.959355 0)
(-0.0147393 -0.936547 0)
(-0.0188557 -0.908381 0)
(0.815999 0.514912 0)
(0.684437 0.376088 0)
(0.507334 0.251074 0)
(0.394205 0.144426 0)
(0.913735 0.326598 0)
(0.95114 0.284383 0)
(0.956874 0.240837 0)
(0.952223 0.194199 0)
(0.835571 0.197337 0)
(0.887667 0.183824 0)
(0.93088 0.166461 0)
(0.964729 0.14278 0)
(0.787375 0.114668 0)
(0.823497 0.102172 0)
(0.857257 0.087035 0)
(0.889107 0.0688577 0)
(0.77775 0.0572892 0)
(0.806158 0.0455617 0)
(0.83378 0.0317093 0)
(0.860752 0.0141737 0)
(0.794099 0.010336 0)
(0.820639 -0.00318578 0)
(0.849896 -0.0173765 0)
(0.877386 -0.0333936 0)
(0.835674 -0.0314704 0)
(0.85984 -0.0418501 0)
(0.889341 -0.0501333 0)
(0.91664 -0.05949 0)
(1.18758 -0.172077 0)
(1.21525 -0.199341 0)
(1.24311 -0.217791 0)
(1.27078 -0.233511 0)
(1.3551 -0.149602 0)
(1.38036 -0.163512 0)
(1.40205 -0.1762 0)
(1.42277 -0.188047 0)
(1.38331 -0.231506 0)
(1.41501 -0.243054 0)
(1.44483 -0.25313 0)
(1.47303 -0.261609 0)
(1.35311 -0.30371 0)
(1.38789 -0.309815 0)
(1.42103 -0.315647 0)
(1.45263 -0.321309 0)
(1.28845 -0.381347 0)
(1.32468 -0.385044 0)
(1.35995 -0.388352 0)
(1.39417 -0.391395 0)
(1.20936 -0.459779 0)
(1.24602 -0.462171 0)
(1.28223 -0.46401 0)
(1.31786 -0.465422 0)
(1.12782 -0.537831 0)
(1.16427 -0.539902 0)
(1.20066 -0.54125 0)
(1.23686 -0.541913 0)
(1.05017 -0.614546 0)
(1.086 -0.617017 0)
(1.12205 -0.618588 0)
(1.1582 -0.619185 0)
(0.978342 -0.689282 0)
(1.0132 -0.692661 0)
(1.04849 -0.694957 0)
(1.08405 -0.69597 0)
(0.911626 -0.761442 0)
(0.945136 -0.766042 0)
(0.979177 -0.769371 0)
(1.0136 -0.771105 0)
(0.848162 -0.830219 0)
(0.879879 -0.836186 0)
(0.912157 -0.840683 0)
(0.944865 -0.84327 0)
(0.786078 -0.894698 0)
(0.815563 -0.902021 0)
(0.845572 -0.907678 0)
(0.876003 -0.911103 0)
(0.724061 -0.954023 0)
(0.750923 -0.962583 0)
(0.778246 -0.969292 0)
(0.805943 -0.973459 0)
(0.661518 -1.00751 0)
(0.685489 -1.01715 0)
(0.709856 -1.02476 0)
(0.734561 -1.02955 0)
(0.598381 -1.05475 0)
(0.619338 -1.06532 0)
(0.640649 -1.07372 0)
(0.662282 -1.07907 0)
(0.534927 -1.09561 0)
(0.552849 -1.107 0)
(0.571131 -1.11615 0)
(0.589753 -1.12211 0)
(0.471558 -1.13016 0)
(0.486504 -1.14232 0)
(0.501835 -1.15226 0)
(0.517599 -1.15901 0)
(0.408633 -1.1585 0)
(0.420683 -1.17145 0)
(0.433136 -1.18229 0)
(0.446174 -1.19008 0)
(0.346448 -1.18076 0)
(0.355651 -1.1945 0)
(0.365277 -1.2064 0)
(0.375607 -1.21549 0)
(0.285284 -1.19701 0)
(0.291633 -1.21154 0)
(0.298422 -1.22463 0)
(0.30598 -1.23526 0)
(0.225443 -1.20725 0)
(0.228886 -1.22252 0)
(0.232756 -1.23683 0)
(0.237417 -1.24915 0)
(0.167335 -1.21136 0)
(0.167816 -1.22718 0)
(0.168672 -1.24262 0)
(0.170252 -1.25668 0)
(0.111447 -1.20926 0)
(0.108932 -1.22537 0)
(0.106672 -1.24172 0)
(0.105009 -1.2574 0)
(0.0583484 -1.20102 0)
(0.0528788 -1.21703 0)
(0.0474402 -1.23394 0)
(0.0424469 -1.25088 0)
(0.00879772 -1.18672 0)
(0.00045879 -1.20218 0)
(-0.00811892 -1.2192 0)
(-0.0164612 -1.23689 0)
(-0.0363566 -1.16665 0)
(-0.0474323 -1.18106 0)
(-0.0590012 -1.19765 0)
(-0.0706061 -1.21546 0)
(-0.0760934 -1.14125 0)
(-0.089694 -1.15405 0)
(-0.104018 -1.16957 0)
(-0.11871 -1.18683 0)
(-0.109317 -1.11104 0)
(-0.125137 -1.12169 0)
(-0.141933 -1.13547 0)
(-0.15944 -1.1515 0)
(-0.134578 -1.07671 0)
(-0.152236 -1.0847 0)
(-0.171185 -1.09609 0)
(-0.191162 -1.11011 0)
(-0.149932 -1.03915 0)
(-0.168946 -1.04391 0)
(-0.189577 -1.05225 0)
(-0.211595 -1.06338 0)
(-0.152924 -0.999532 0)
(-0.172504 -1.00048 0)
(-0.194031 -1.005 0)
(-0.217385 -1.01234 0)
(-0.141049 -0.95992 0)
(-0.159806 -0.956471 0)
(-0.180823 -0.956329 0)
(-0.204126 -0.958853 0)
(-0.113093 -0.924182 0)
(-0.128844 -0.915852 0)
(-0.14694 -0.910253 0)
(-0.167686 -0.906867 0)
(-0.0708901 -0.898378 0)
(-0.0810538 -0.885608 0)
(-0.0931258 -0.874499 0)
(-0.107555 -0.864637 0)
(-0.022692 -0.884479 0)
(-0.0255965 -0.869246 0)
(-0.0291476 -0.85452 0)
(-0.0336474 -0.839794 0)
(0.336102 0.0120371 0)
(0.398181 -0.0140886 0)
(0.758459 -0.031504 0)
(0.860852 -0.0980805 0)
(0.884268 -0.144877 0)
(0.91517 -0.169168 0)
(0.979368 -0.211859 0)
(1.01639 -0.25855 0)
(0.985845 -0.304821 0)
(0.853051 -0.334294 0)
(0.801766 -0.38713 0)
(0.81452 -0.35822 0)
(0.857627 -0.256723 0)
(0.896105 -0.0961556 0)
(0.893781 0.11049 0)
(0.827062 0.342813 0)
(0.673694 0.56258 0)
(0.442329 0.702694 0)
(0.160744 0.697201 0)
(0.92902 0.117335 0)
(0.903695 0.0424197 0)
(0.911205 -0.023123 0)
(0.928334 -0.085259 0)
(0.94967 -0.141102 0)
(0.990405 -0.186194 0)
(1.0418 -0.226266 0)
(1.07027 -0.263497 0)
(1.0808 -0.295036 0)
(1.08411 -0.319304 0)
(1.08066 -0.349038 0)
(1.05647 -0.36559 0)
(1.06742 -0.273281 0)
(1.11803 -0.0997674 0)
(1.13031 0.142073 0)
(1.06507 0.44621 0)
(0.884041 0.760606 0)
(0.595204 0.981957 0)
(0.224494 1.00394 0)
(1.00108 0.0896055 0)
(1.02767 0.017399 0)
(1.0474 -0.0504153 0)
(1.06553 -0.11309 0)
(1.08276 -0.160628 0)
(1.10127 -0.1925 0)
(1.11961 -0.221119 0)
(1.13294 -0.250653 0)
(1.14075 -0.279257 0)
(1.14422 -0.306228 0)
(1.14269 -0.33419 0)
(1.13162 -0.361117 0)
(1.13918 -0.37138 0)
(1.25273 -0.131233 0)
(1.35751 0.170922 0)
(1.35393 0.555045 0)
(1.1692 1.00037 0)
(0.812253 1.34659 0)
(0.316917 1.42224 0)
(0.938246 0.0314661 0)
(0.994072 -0.0234373 0)
(1.03929 -0.0815333 0)
(1.07782 -0.139077 0)
(1.10997 -0.18957 0)
(1.13789 -0.229672 0)
(1.16373 -0.26053 0)
(1.18589 -0.281741 0)
(1.2012 -0.291545 0)
(1.20714 -0.296233 0)
(1.20196 -0.308912 0)
(1.18788 -0.333383 0)
(1.16903 -0.362593 0)
(1.17607 -0.367488 0)
(1.4067 0.091114 0)
(1.60399 0.644307 0)
(1.52027 1.28414 0)
(1.11433 1.82218 0)
(0.452758 2.00278 0)
(0.90575 -0.0201895 0)
(0.966308 -0.0711599 0)
(1.02054 -0.126563 0)
(1.06881 -0.179681 0)
(1.11139 -0.22392 0)
(1.14876 -0.258523 0)
(1.1817 -0.28538 0)
(1.20961 -0.304405 0)
(1.23113 -0.313816 0)
(1.24443 -0.315158 0)
(1.24743 -0.312859 0)
(1.23941 -0.314238 0)
(1.22246 -0.330683 0)
(1.20382 -0.355754 0)
(1.23896 -0.323016 0)
(1.56925 0.461273 0)
(1.80945 1.51462 0)
(1.48889 2.42334 0)
(0.645211 2.80637 0)
(0.917284 -0.0609258 0)
(0.974788 -0.102193 0)
(1.03123 -0.147284 0)
(1.08158 -0.191216 0)
(1.12703 -0.231657 0)
(1.16634 -0.268149 0)
(1.19864 -0.298043 0)
(1.22744 -0.317995 0)
(1.25332 -0.326054 0)
(1.27257 -0.323954 0)
(1.27993 -0.317191 0)
(1.27495 -0.312341 0)
(1.26142 -0.314004 0)
(1.24413 -0.326213 0)
(1.23802 -0.328507 0)
(1.30508 -0.0211037 0)
(1.75981 1.39426 0)
(1.82054 3.03842 0)
(0.886643 3.88476 0)
(0.956569 -0.0815365 0)
(1.01678 -0.123954 0)
(1.07327 -0.172679 0)
(1.12118 -0.217786 0)
(1.16244 -0.257306 0)
(1.19531 -0.296751 0)
(1.20833 -0.329387 0)
(1.22959 -0.338455 0)
(1.25957 -0.334252 0)
(1.28945 -0.322065 0)
(1.30741 -0.311141 0)
(1.30611 -0.303961 0)
(1.29094 -0.301775 0)
(1.27234 -0.306597 0)
(1.2599 -0.304809 0)
(1.28514 -0.235032 0)
(1.4971 0.954574 0)
(1.92073 3.39731 0)
(1.13045 5.19506 0)
(1.31342 -0.265097 0)
(1.35764 -0.313801 0)
(1.38318 -0.355018 0)
(1.38911 -0.383018 0)
(1.37564 -0.395422 0)
(1.33237 -0.356331 0)
(1.259 -0.341723 0)
(1.2429 -0.354926 0)
(1.25384 -0.356008 0)
(1.26342 -0.34519 0)
(1.30771 -0.318505 0)
(1.326 -0.290773 0)
(1.31435 -0.2834 0)
(1.29143 -0.28782 0)
(1.27373 -0.28571 0)
(1.27819 -0.221741 0)
(1.29846 0.500096 0)
(1.75244 3.41169 0)
(1.2484 6.51367 0)
(1.4604 -0.207838 0)
(1.50995 -0.231448 0)
(1.54401 -0.248616 0)
(1.5617 -0.258993 0)
(1.56677 -0.261525 0)
(1.56641 -0.264386 0)
(1.55737 -0.308391 0)
(1.52382 -0.388931 0)
(1.46503 -0.434625 0)
(1.38785 -0.389373 0)
(1.28761 -0.351882 0)
(1.32056 -0.303827 0)
(1.32387 -0.269236 0)
(1.30055 -0.26685 0)
(1.27876 -0.265989 0)
(1.26947 -0.199461 0)
(1.24063 0.339325 0)
(1.51807 3.51624 0)
(1.18085 7.72407 0)
(1.51721 -0.273302 0)
(1.57156 -0.286857 0)
(1.61639 -0.294835 0)
(1.65096 -0.295506 0)
(1.67596 -0.288054 0)
(1.69292 -0.276632 0)
(1.69414 -0.274359 0)
(1.66235 -0.276236 0)
(1.59407 -0.267627 0)
(1.51993 -0.271283 0)
(1.44289 -0.316496 0)
(1.31518 -0.310505 0)
(1.32502 -0.261514 0)
(1.30277 -0.245864 0)
(1.27736 -0.243226 0)
(1.25991 -0.179321 0)
(1.22835 0.249614 0)
(1.31254 3.70943 0)
(1.02747 8.80073 0)
(1.50299 -0.330555 0)
(1.56745 -0.338473 0)
(1.62437 -0.338902 0)
(1.67259 -0.330722 0)
(1.71058 -0.313586 0)
(1.7358 -0.289952 0)
(1.74061 -0.265926 0)
(1.71456 -0.241242 0)
(1.65551 -0.212073 0)
(1.57813 -0.187316 0)
(1.49822 -0.193528 0)
(1.33707 -0.243299 0)
(1.32131 -0.237079 0)
(1.29941 -0.223419 0)
(1.27116 -0.218292 0)
(1.24985 -0.154254 0)
(1.22367 0.242838 0)
(1.16182 3.96844 0)
(0.870078 9.71701 0)
(1.44954 -0.396187 0)
(1.52243 -0.397901 0)
(1.58901 -0.391358 0)
(1.64746 -0.374526 0)
(1.69501 -0.346177 0)
(1.72732 -0.306983 0)
(1.73752 -0.259928 0)
(1.71815 -0.207114 0)
(1.66614 -0.151469 0)
(1.58661 -0.102975 0)
(1.50596 -0.0903829 0)
(1.36013 -0.174576 0)
(1.31717 -0.198436 0)
(1.29012 -0.195012 0)
(1.26029 -0.191068 0)
(1.23647 -0.125248 0)
(1.21293 0.223242 0)
(1.06457 4.17117 0)
(0.715496 10.4486 0)
(1.37636 -0.467236 0)
(1.45523 -0.464258 0)
(1.52892 -0.451651 0)
(1.59504 -0.426263 0)
(1.65003 -0.385693 0)
(1.68863 -0.329169 0)
(1.70399 -0.258352 0)
(1.6895 -0.177178 0)
(1.64135 -0.0928629 0)
(1.56132 -0.0195036 0)
(1.47979 0.00710923 0)
(1.35562 -0.10246 0)
(1.30045 -0.152163 0)
(1.27268 -0.161845 0)
(1.24323 -0.164839 0)
(1.21868 -0.102183 0)
(1.18515 0.234399 0)
(0.935454 4.56295 0)
(0.452805 11.122 0)
(1.29699 -0.54202 0)
(1.37955 -0.535631 0)
(1.45806 -0.517747 0)
(1.52962 -0.484032 0)
(1.59002 -0.430777 0)
(1.63324 -0.355809 0)
(1.65196 -0.260294 0)
(1.63943 -0.149732 0)
(1.59163 -0.0351616 0)
(1.50982 0.0631758 0)
(1.4306 0.097826 0)
(1.33059 -0.0418392 0)
(1.26708 -0.12047 0)
(1.24464 -0.128458 0)
(1.21706 -0.139411 0)
(1.18883 -0.0775646 0)
(1.13116 0.350003 0)
(0.661152 5.45081 0)
(0.0671942 11.526 0)
(1.21875 -0.618629 0)
(1.30305 -0.609954 0)
(1.38427 -0.587577 0)
(1.45911 -0.545841 0)
(1.52283 -0.479545 0)
(1.56848 -0.385087 0)
(1.58787 -0.263369 0)
(1.57409 -0.121967 0)
(1.52341 0.0237685 0)
(1.43841 0.145556 0)
(1.37009 0.182484 0)
(1.28421 0.0148911 0)
(1.2302 -0.0803123 0)
(1.20524 -0.0960377 0)
(1.17974 -0.11341 0)
(1.13972 -0.0536791 0)
(1.03438 0.609096 0)
(0.317337 6.30516 0)
(-0.282943 11.5686 0)
(1.14397 -0.695549 0)
(1.22817 -0.685457 0)
(1.31003 -0.659201 0)
(1.38596 -0.609727 0)
(1.45063 -0.529892 0)
(1.49622 -0.414649 0)
(1.51348 -0.264787 0)
(1.49531 -0.0909319 0)
(1.43896 0.0856652 0)
(1.35217 0.225715 0)
(1.3126 0.254185 0)
(1.21841 0.0134011 0)
(1.1859 -0.0254985 0)
(1.15976 -0.0626995 0)
(1.13496 -0.0872394 0)
(1.08308 -0.0407985 0)
(0.858345 1.06832 0)
(-0.0770305 6.86518 0)
(-0.472809 11.2909 0)
(1.0718 -0.771274 0)
(1.15404 -0.760359 0)
(1.23433 -0.73064 0)
(1.30899 -0.67351 0)
(1.37212 -0.579595 0)
(1.41494 -0.441915 0)
(1.4272 -0.261765 0)
(1.40187 -0.0540759 0)
(1.33747 0.15138 0)
(1.25431 0.298706 0)
(1.25878 0.295485 0)
(1.16471 0.0322368 0)
(1.14212 0.0114335 0)
(1.11864 -0.0304866 0)
(1.09321 -0.054949 0)
(1.04001 -0.0211664 0)
(0.585962 2.1181 0)
(-0.452181 7.28829 0)
(-0.511349 10.8705 0)
(1.00022 -0.844225 0)
(1.07861 -0.832747 0)
(1.1552 -0.79978 0)
(1.2261 -0.734886 0)
(1.28501 -0.626184 0)
(1.3223 -0.46436 0)
(1.32685 -0.251618 0)
(1.29192 -0.00916636 0)
(1.21695 0.221923 0)
(1.14269 0.365323 0)
(1.18123 0.314005 0)
(1.12383 0.0391315 0)
(1.10482 0.0469918 0)
(1.0868 0.00328942 0)
(1.06316 -0.00342132 0)
(1.02905 0.0806165 0)
(0.405222 3.03118 0)
(-0.649041 7.62361 0)
(-0.434717 10.4067 0)
(0.927507 -0.912859 0)
(1.00037 -0.900834 0)
(1.07129 -0.864493 0)
(1.13619 -0.791537 0)
(1.18837 -0.66717 0)
(1.21757 -0.479563 0)
(1.21202 -0.232423 0)
(1.16653 0.04375 0)
(1.08549 0.291468 0)
(1.05316 0.399791 0)
(1.14543 0.171581 0)
(1.10961 0.147954 0)
(1.0835 0.090883 0)
(1.06911 0.0324411 0)
(1.04802 0.0513469 0)
(1.00396 0.247847 0)
(0.268022 3.85967 0)
(-0.671023 7.82195 0)
(-0.280061 10.0015 0)
(0.852816 -0.975885 0)
(0.918979 -0.96317 0)
(0.982863 -0.923088 0)
(1.04006 -0.841376 0)
(1.08362 -0.700268 0)
(1.10285 -0.485066 0)
(1.08476 -0.201906 0)
(1.02556 0.10487 0)
(0.93779 0.351664 0)
(0.919637 0.384084 0)
(1.03327 0.101757 0)
(1.05027 0.158441 0)
(1.05831 0.108332 0)
(1.0606 0.0602787 0)
(1.04183 0.116158 0)
(0.91927 0.556993 0)
(0.0444796 4.67599 0)
(-0.57 7.97858 0)
(-0.152281 9.66458 0)
(0.776363 -1.03253 0)
(0.835241 -1.01885 0)
(0.891599 -0.974559 0)
(0.94051 -0.883186 0)
(0.974881 -0.724078 0)
(0.984277 -0.478976 0)
(0.95276 -0.156673 0)
(0.873913 0.178765 0)
(0.771688 0.400744 0)
(0.721956 0.317022 0)
(0.86689 0.0617548 0)
(0.945589 0.127226 0)
(1.01059 0.0892402 0)
(1.02611 0.0662638 0)
(0.982596 0.228422 0)
(0.72637 1.14379 0)
(-0.265169 5.18563 0)
(-0.456125 8.03489 0)
(-0.130997 9.35747 0)
(0.698975 -1.08257 0)
(0.750672 -1.06781 0)
(0.799918 -1.01893 0)
(0.841508 -0.917243 0)
(0.868417 -0.739336 0)
(0.872036 -0.461858 0)
(0.831526 -0.0937429 0)
(0.729159 0.276458 0)
(0.608136 0.458917 0)
(0.535231 0.220703 0)
(0.533102 -0.0196801 0)
(0.779219 -0.0132688 0)
(0.985817 0.0226151 0)
(0.944578 0.0119078 0)
(0.611601 0.520474 0)
(0.313221 1.8226 0)
(-0.580125 5.4219 0)
(-0.482395 8.04114 0)
(-0.212532 9.04612 0)
(0.621572 -1.12631 0)
(0.666777 -1.11079 0)
(0.710186 -1.05756 0)
(0.747015 -0.945962 0)
(0.77079 -0.750684 0)
(0.777413 -0.44217 0)
(0.743058 -0.0202552 0)
(0.626784 0.401623 0)
(0.451815 0.567014 0)
(0.417936 0.349198 0)
(0.169324 0.00792627 0)
(0.0339112 -0.333678 0)
(0.291416 -0.225167 0)
(0.520739 0.106756 0)
(0.0375894 0.988669 0)
(-0.204421 2.4826 0)
(-0.822421 5.53534 0)
(-0.590312 7.97815 0)
(-0.324664 8.64931 0)
(0.544838 -1.16433 0)
(0.584434 -1.14895 0)
(0.623709 -1.09269 0)
(0.65903 -0.973623 0)
(0.685702 -0.766453 0)
(0.70719 -0.438125 0)
(0.708633 0.0295282 0)
(0.643816 0.499098 0)
(0.62668 0.610063 0)
(0.72085 0.410238 0)
(0.570538 0.26753 0)
(0.358915 -0.0128365 0)
(0.041765 -0.341875 0)
(0.101878 0.225794 0)
(-0.302196 1.28649 0)
(-0.548693 2.89027 0)
(-0.917599 5.528 0)
(-0.66745 7.81988 0)
(-0.387499 8.16768 0)
(0.46906 -1.19717 0)
(0.503654 -1.1833 0)
(0.5401 -1.12628 0)
(0.57613 -1.00393 0)
(0.610048 -0.793178 0)
(0.649778 -0.46646 0)
(0.697181 0.014574 0)
(0.734992 0.5047 0)
(0.899294 0.483192 0)
(0.907842 0.482219 0)
(0.840277 0.436085 0)
(0.714085 0.298095 0)
(0.287414 -0.118813 0)
(0.00252157 0.355436 0)
(-0.357179 1.51878 0)
(-0.625794 3.20516 0)
(-0.841399 5.45172 0)
(-0.651419 7.59667 0)
(-0.374422 7.6736 0)
(0.394226 -1.22509 0)
(0.423893 -1.21432 0)
(0.457776 -1.15917 0)
(0.494877 -1.03797 0)
(0.537219 -0.830054 0)
(0.588834 -0.522632 0)
(0.662064 -0.0788694 0)
(0.878508 0.412147 0)
(0.910205 0.448702 0)
(0.928055 0.473921 0)
(0.903366 0.490904 0)
(0.833748 0.458194 0)
(0.68306 0.282241 0)
(0.122315 0.645965 0)
(-0.140579 1.85374 0)
(-0.530618 3.43445 0)
(-0.674065 5.42734 0)
(-0.553895 7.37276 0)
(-0.30691 7.24619 0)
(0.320192 -1.24796 0)
(0.344484 -1.24178 0)
(0.375143 -1.19112 0)
(0.412391 -1.07473 0)
(0.460065 -0.873899 0)
(0.514108 -0.58987 0)
(0.582075 -0.215905 0)
(0.8081 0.318928 0)
(0.859698 0.40246 0)
(0.890992 0.460139 0)
(0.887833 0.518087 0)
(0.848623 0.550699 0)
(0.78594 0.530644 0)
(0.429055 0.917611 0)
(0.131835 2.19119 0)
(-0.28846 3.68671 0)
(-0.47673 5.46671 0)
(-0.411768 7.18441 0)
(-0.21218 6.93355 0)
(0.246945 -1.26536 0)
(0.265052 -1.265 0)
(0.291301 -1.22119 0)
(0.327394 -1.11305 0)
(0.377107 -0.922934 0)
(0.438708 -0.655045 0)
(0.509053 -0.3381 0)
(0.749246 0.18251 0)
(0.816863 0.326721 0)
(0.841446 0.442611 0)
(0.850934 0.533112 0)
(0.824326 0.611331 0)
(0.787787 0.657274 0)
(0.650128 1.05638 0)
(0.379996 2.55575 0)
(-0.00462945 3.99335 0)
(-0.270266 5.55291 0)
(-0.256958 7.0476 0)
(-0.1132 6.74124 0)
(0.174659 -1.27661 0)
(0.185571 -1.28293 0)
(0.205734 -1.24803 0)
(0.238432 -1.15187 0)
(0.287694 -0.976754 0)
(0.365747 -0.717674 0)
(0.429015 -0.433762 0)
(0.627164 -0.0385277 0)
(0.793175 0.329916 0)
(0.79678 0.426103 0)
(0.813982 0.540373 0)
(0.795113 0.65482 0)
(0.762468 0.749948 0)
(0.691664 1.10491 0)
(0.560592 2.81747 0)
(0.240451 4.31913 0)
(-0.0802045 5.69438 0)
(-0.123703 6.96877 0)
(-0.0308092 6.65261 0)
(0.103845 -1.28086 0)
(0.106389 -1.29411 0)
(0.118317 -1.26949 0)
(0.144298 -1.18852 0)
(0.189907 -1.03312 0)
(0.273193 -0.79247 0)
(0.349256 -0.524495 0)
(0.46965 -0.235543 0)
(0.710863 0.280878 0)
(0.741819 0.396067 0)
(0.775572 0.536592 0)
(0.767685 0.686608 0)
(0.73929 0.824568 0)
(0.709086 1.0761 0)
(0.646948 3.06138 0)
(0.472299 4.68391 0)
(0.0720564 5.88923 0)
(-0.0394359 6.95052 0)
(0.0174105 6.63413 0)
(0.0353876 -1.27734 0)
(0.0284887 -1.29692 0)
(0.0301046 -1.28281 0)
(0.0458297 -1.21872 0)
(0.0831142 -1.08747 0)
(0.156199 -0.876 0)
(0.274418 -0.613814 0)
(0.305695 -0.363146 0)
(0.578216 0.100935 0)
(0.652468 0.31422 0)
(0.709814 0.517808 0)
(0.72741 0.701557 0)
(0.702925 0.898964 0)
(0.694637 1.12513 0)
(0.649388 2.81 0)
(0.63101 5.03841 0)
(0.143205 6.13427 0)
(-0.0257355 6.99063 0)
(0.0182842 6.63889 0)
(-0.0295369 -1.26545 0)
(-0.0465872 -1.29006 0)
(-0.056901 -1.28539 0)
(-0.054727 -1.23797 0)
(-0.0316262 -1.13248 0)
(0.0250027 -0.952674 0)
(0.14986 -0.697755 0)
(0.185863 -0.44502 0)
(0.378395 -0.106188 0)
(0.595945 0.246026 0)
(0.592852 0.502415 0)
(0.641209 0.705272 0)
(0.633815 0.929548 0)
(0.616463 1.21996 0)
(0.544598 2.47847 0)
(0.489654 5.38033 0)
(0.0494959 6.39526 0)
(-0.107085 7.07137 0)
(-0.0353678 6.60388 0)
(-0.089612 -1.24499 0)
(-0.117035 -1.27271 0)
(-0.140232 -1.27536 0)
(-0.153939 -1.24255 0)
(-0.149885 -1.16181 0)
(-0.114549 -1.01721 0)
(-0.0176288 -0.79615 0)
(0.0832361 -0.53902 0)
(0.152328 -0.238498 0)
(0.389305 0.16721 0)
(0.401345 0.466811 0)
(0.479322 0.716392 0)
(0.49301 0.974553 0)
(0.472733 1.30168 0)
(0.303199 2.65627 0)
(-0.0273341 5.70065 0)
(-0.214325 6.59557 0)
(-0.287831 7.14132 0)
(-0.139346 6.4589 0)
(-0.143439 -1.21606 0)
(-0.181069 -1.24464 0)
(-0.217375 -1.25174 0)
(-0.247991 -1.22989 0)
(-0.265613 -1.16976 0)
(-0.258108 -1.05816 0)
(-0.202926 -0.882421 0)
(-0.0927356 -0.650062 0)
(-0.0369202 -0.358477 0)
(0.118395 0.0362165 0)
(0.224586 0.37779 0)
(0.283772 0.691474 0)
(0.308343 0.97764 0)
(0.183133 1.50798 0)
(-0.0802941 3.07531 0)
(-0.67286 5.86661 0)
(-0.564777 6.66149 0)
(-0.530166 7.1301 0)
(-0.268648 6.1507 0)
(-0.18956 -1.17902 0)
(-0.23691 -1.20608 0)
(-0.285988 -1.21439 0)
(-0.333521 -1.19892 0)
(-0.37396 -1.15315 0)
(-0.397791 -1.06721 0)
(-0.389003 -0.929339 0)
(-0.339822 -0.732859 0)
(-0.252129 -0.469963 0)
(-0.109302 -0.115978 0)
(0.128646 0.234592 0)
(0.118006 0.604399 0)
(0.0212738 0.907956 0)
(-0.402017 1.64039 0)
(-0.871412 3.74853 0)
(-1.2258 5.84707 0)
(-0.918892 6.56347 0)
(-0.769299 6.98661 0)
(-0.38373 5.66891 0)
(-0.226184 -1.13443 0)
(-0.282548 -1.1576 0)
(-0.343564 -1.16388 0)
(-0.407078 -1.14992 0)
(-0.4695 -1.11127 0)
(-0.524679 -1.04086 0)
(-0.562818 -0.929529 0)
(-0.573946 -0.769625 0)
(-0.55606 -0.549149 0)
(-0.511856 -0.238332 0)
(-0.432081 0.167844 0)
(-0.406008 0.63776 0)
(-0.635839 1.27594 0)
(-1.13602 2.27746 0)
(-1.56688 4.09865 0)
(-1.58418 5.65399 0)
(-1.19905 6.3328 0)
(-0.942186 6.70277 0)
(-0.450445 5.05366 0)
(-0.250823 -1.08303 0)
(-0.315297 -1.10002 0)
(-0.387188 -1.10127 0)
(-0.465136 -1.0843 0)
(-0.547317 -1.04563 0)
(-0.630985 -0.97967 0)
(-0.713008 -0.878359 0)
(-0.791956 -0.731246 0)
(-0.869323 -0.521945 0)
(-0.941748 -0.222701 0)
(-1.01517 0.211559 0)
(-1.13481 0.821967 0)
(-1.38952 1.63156 0)
(-1.7627 2.7296 0)
(-1.956 4.16842 0)
(-1.75234 5.35784 0)
(-1.35935 6.02879 0)
(-1.01501 6.30545 0)
(-0.453925 4.37933 0)
(-0.25973 -1.02576 0)
(-0.331031 -1.03426 0)
(-0.412624 -1.02785 0)
(-0.503292 -1.00426 0)
(-0.601897 -0.959998 0)
(-0.707411 -0.889156 0)
(-0.82097 -0.782777 0)
(-0.948301 -0.628552 0)
(-1.09552 -0.411486 0)
(-1.26347 -0.0997065 0)
(-1.45032 0.357366 0)
(-1.65506 1.00415 0)
(-1.8807 1.85024 0)
(-2.07604 2.89868 0)
(-2.06165 4.06316 0)
(-1.77007 5.03372 0)
(-1.39316 5.69263 0)
(-0.988047 5.83648 0)
(-0.399715 3.72443 0)
(-0.247412 -0.964138 0)
(-0.323133 -0.961585 0)
(-0.41277 -0.945078 0)
(-0.514987 -0.912524 0)
(-0.627881 -0.860154 0)
(-0.748755 -0.780984 0)
(-0.877903 -0.663072 0)
(-1.02669 -0.488127 0)
(-1.20737 -0.24565 0)
(-1.41767 0.0871568 0)
(-1.64355 0.551508 0)
(-1.86037 1.18137 0)
(-2.03083 1.97924 0)
(-2.09714 2.91053 0)
(-1.97745 3.87866 0)
(-1.67929 4.72009 0)
(-1.32077 5.34335 0)
(-0.883487 5.34399 0)
(-0.307123 3.15302 0)
(-0.207585 -0.901869 0)
(-0.281837 -0.884812 0)
(-0.375126 -0.855059 0)
(-0.487081 -0.811538 0)
(-0.615101 -0.751006 0)
(-0.751393 -0.665988 0)
(-0.885975 -0.539978 0)
(-1.03233 -0.33985 0)
(-1.21383 -0.0664127 0)
(-1.42369 0.283952 0)
(-1.63822 0.743295 0)
(-1.82586 1.33347 0)
(-1.94345 2.04943 0)
(-1.94375 2.85361 0)
(-1.79384 3.67513 0)
(-1.5197 4.4211 0)
(-1.17766 4.97738 0)
(-0.736056 4.85074 0)
(-0.204011 2.68586 0)
(-0.136614 -0.847528 0)
(-0.195909 -0.81108 0)
(-0.279087 -0.760951 0)
(-0.390329 -0.698562 0)
(-0.530366 -0.623943 0)
(-0.688375 -0.532403 0)
(-0.83646 -0.407461 0)
(-0.98102 -0.187454 0)
(-1.1471 0.113512 0)
(-1.33655 0.46888 0)
(-1.51729 0.910605 0)
(-1.66369 1.45337 0)
(-1.74215 2.08974 0)
(-1.71937 2.79041 0)
(-1.57964 3.50815 0)
(-1.33984 4.17918 0)
(-1.01557 4.66307 0)
(-0.585086 4.44645 0)
(-0.11076 2.37368 0)
(-0.0431464 -0.812819 0)
(-0.0644992 -0.757068 0)
(-0.100884 -0.677406 0)
(-0.16384 -0.572019 0)
(-0.267725 -0.444617 0)
(-0.418815 -0.306322 0)
(-0.60327 -0.198483 0)
(-0.899531 0.00900313 0)
(-1.06286 0.319379 0)
(-1.22928 0.65194 0)
(-1.36169 1.05666 0)
(-1.44933 1.53733 0)
(-1.47668 2.08297 0)
(-1.42858 2.67211 0)
(-1.29934 3.27286 0)
(-1.09443 3.82909 0)
(-0.810207 4.18793 0)
(-0.441888 3.88833 0)
(-0.0652818 2.01139 0)
)
;

boundaryField
{
    leftWall
    {
        type            noSlip;
    }
    rightWall
    {
        type            noSlip;
    }
    lowerWall
    {
        type            noSlip;
    }
    atmosphere
    {
        type            pressureInletOutletVelocity;
        value           nonuniform List<vector> 
46
(
(0 -0.839018 0)
(0 -1.04848 0)
(0 -1.00785 0)
(0 -1.00341 0)
(0 -0.999304 0)
(0 -0.997534 0)
(0 -0.997271 0)
(0 -0.998033 0)
(0 -0.999493 0)
(0 -1.00139 0)
(0 -1.00348 0)
(0 -1.00553 0)
(0 -1.00728 0)
(0 -1.00842 0)
(0 -1.00859 0)
(0 -1.00737 0)
(0 -1.00424 0)
(0 -0.998597 0)
(0 -0.989735 0)
(0 -0.976898 0)
(0 -0.959355 0)
(0 -0.936547 0)
(0 -0.908381 0)
(0 -0.884479 0)
(0 -0.869246 0)
(0 -0.85452 0)
(0 -0.839794 0)
(0 -0.812819 0)
(0 -0.757068 0)
(0 -0.677406 0)
(0 -0.572019 0)
(0 -0.444617 0)
(0 -0.306322 0)
(0 -0.198483 0)
(-0.899531 0.00900313 0)
(-1.06286 0.319379 0)
(-1.22928 0.65194 0)
(-1.36169 1.05666 0)
(-1.44933 1.53733 0)
(-1.47668 2.08297 0)
(-1.42858 2.67211 0)
(-1.29934 3.27286 0)
(-1.09443 3.82909 0)
(-0.810207 4.18793 0)
(-0.441888 3.88833 0)
(-0.0652818 2.01139 0)
)
;
    }
    defaultFaces
    {
        type            empty;
    }
}


// ************************************************************************* //
