/*--------------------------------*- C++ -*----------------------------------*\
| =========                 |                                                 |
| \\      /  F ield         | OpenFOAM: The Open Source CFD Toolbox           |
|  \\    /   O peration     | Version:  v2012                                 |
|   \\  /    A nd           | Website:  www.openfoam.com                      |
|    \\/     M anipulation  |                                                 |
\*---------------------------------------------------------------------------*/
FoamFile
{
    version     2.0;
    format      ascii;
    class       surfaceScalarField;
    location    "0.8";
    object      phi;
}
// * * * * * * * * * * * * * * * * * * * * * * * * * * * * * * * * * * * * * //

dimensions      [0 3 -1 0 0 0 0];
oriented        oriented;


internalField   nonuniform List<scalar> 
4432
(
-5.12897e-06
5.12897e-06
-9.74737e-06
4.61839e-06
-1.24067e-05
2.65932e-06
-1.39758e-05
1.56914e-06
-1.517e-05
1.19422e-06
-1.6256e-05
1.08591e-06
-1.72663e-05
1.01038e-06
-1.81638e-05
8.97494e-07
-1.89045e-05
7.40698e-07
-1.94564e-05
5.51858e-07
-1.98023e-05
3.45935e-07
-1.99329e-05
1.30612e-07
-1.98434e-05
-8.95755e-08
-1.95525e-05
-2.90857e-07
-1.90803e-05
-4.72176e-07
-1.84387e-05
-6.41645e-07
-1.7617e-05
-8.21653e-07
-1.65243e-05
-1.09276e-06
-1.50649e-05
-1.45935e-06
-1.26636e-05
-2.40127e-06
-8.78021e-06
-3.88344e-06
-3.76798e-06
-5.01221e-06
-3.76798e-06
-6.04808e-06
1.1177e-05
-9.78441e-06
8.35472e-06
-1.19329e-05
4.80779e-06
-1.35518e-05
3.18804e-06
-1.50166e-05
2.65909e-06
-1.63686e-05
2.43784e-06
-1.75703e-05
2.2121e-06
-1.85818e-05
1.90902e-06
-1.93773e-05
1.53618e-06
-1.99468e-05
1.12132e-06
-2.0296e-05
6.95206e-07
-2.04398e-05
2.7435e-07
-2.03854e-05
-1.43955e-07
-2.01168e-05
-5.59398e-07
-1.96221e-05
-9.66907e-07
-1.88841e-05
-1.37962e-06
-1.78336e-05
-1.8722e-06
-1.63382e-05
-2.58816e-06
-1.411e-05
-3.68753e-06
-1.09664e-05
-5.54488e-06
-6.87786e-06
-7.97195e-06
-2.59879e-06
-9.29128e-06
-6.36676e-06
-5.45685e-06
1.66339e-05
-8.59418e-06
1.1492e-05
-1.08264e-05
7.04002e-06
-1.27257e-05
5.08731e-06
-1.44412e-05
4.37465e-06
-1.5983e-05
3.97965e-06
-1.73227e-05
3.55175e-06
-1.84365e-05
3.02278e-06
-1.9312e-05
2.41173e-06
-1.99486e-05
1.7579e-06
-2.03568e-05
1.10344e-06
-2.05495e-05
4.67061e-07
-2.0527e-05
-1.66529e-07
-2.0273e-05
-8.1338e-07
-1.97702e-05
-1.46972e-06
-1.89912e-05
-2.15861e-06
-1.78584e-05
-3.00497e-06
-1.62161e-05
-4.23045e-06
-1.38087e-05
-6.09492e-06
-1.04355e-05
-8.91808e-06
-6.10952e-06
-1.22979e-05
-1.70395e-06
-1.36968e-05
-8.07071e-06
-4.76055e-06
2.13944e-05
-7.63121e-06
1.43627e-05
-9.98859e-06
9.3974e-06
-1.21161e-05
7.21481e-06
-1.40434e-05
6.30193e-06
-1.5745e-05
5.6813e-06
-1.71946e-05
5.00133e-06
-1.83822e-05
4.2104e-06
-1.93082e-05
3.33776e-06
-1.99811e-05
2.43079e-06
-2.04182e-05
1.54052e-06
-2.06356e-05
6.84473e-07
-2.0632e-05
-1.70166e-07
-2.03891e-05
-1.05623e-06
-1.98875e-05
-1.97136e-06
-1.91013e-05
-2.9448e-06
-1.79608e-05
-4.1454e-06
-1.63166e-05
-5.8747e-06
-1.39374e-05
-8.47415e-06
-1.05846e-05
-1.22709e-05
-6.104e-06
-1.67785e-05
-1.3263e-06
-1.84745e-05
-9.397e-06
-4.07877e-06
2.54732e-05
-6.82526e-06
1.71092e-05
-9.32142e-06
1.18936e-05
-1.16654e-05
9.55881e-06
-1.37921e-05
8.4286e-06
-1.56392e-05
7.52844e-06
-1.71828e-05
6.54484e-06
-1.84268e-05
5.45447e-06
-1.93844e-05
4.29534e-06
-2.00739e-05
3.12028e-06
-2.05218e-05
1.9884e-06
-2.07506e-05
9.13232e-07
-2.07589e-05
-1.61866e-07
-2.0526e-05
-1.28911e-06
-2.00344e-05
-2.46294e-06
-1.92699e-05
-3.70928e-06
-1.81824e-05
-5.23292e-06
-1.66467e-05
-7.41044e-06
-1.44589e-05
-1.06619e-05
-1.13468e-05
-1.5383e-05
-6.98871e-06
-2.11366e-05
-1.86881e-06
-2.35944e-05
-1.12658e-05
-3.39294e-06
2.88662e-05
-6.10638e-06
1.98226e-05
-8.78933e-06
1.45765e-05
-1.13657e-05
1.21352e-05
-1.3688e-05
1.07509e-05
-1.56682e-05
9.50861e-06
-1.72903e-05
8.16699e-06
-1.85742e-05
6.73838e-06
-1.95456e-05
5.26675e-06
-2.0234e-05
3.80861e-06
-2.06773e-05
2.43177e-06
-2.09069e-05
1.14283e-06
-2.09217e-05
-1.47093e-07
-2.06982e-05
-1.51266e-06
-2.02244e-05
-2.93676e-06
-1.95058e-05
-4.42784e-06
-1.85211e-05
-6.21758e-06
-1.71776e-05
-8.75395e-06
-1.53112e-05
-1.25283e-05
-1.26806e-05
-1.80136e-05
-8.93499e-06
-2.48822e-05
-3.90336e-06
-2.86261e-05
-1.51692e-05
-2.70003e-06
3.15662e-05
-5.45745e-06
2.25801e-05
-8.39266e-06
1.75117e-05
-1.12265e-05
1.4969e-05
-1.37405e-05
1.32649e-05
-1.5838e-05
1.16061e-05
-1.75199e-05
9.84886e-06
-1.88235e-05
8.04202e-06
-1.97884e-05
6.23163e-06
-2.04568e-05
4.47703e-06
-2.08809e-05
2.85587e-06
-2.1102e-05
1.36395e-06
-2.11186e-05
-1.30531e-07
-2.09038e-05
-1.72748e-06
-2.0454e-05
-3.38657e-06
-1.98007e-05
-5.08108e-06
-1.89573e-05
-7.06099e-06
-1.78651e-05
-9.84614e-06
-1.64055e-05
-1.39879e-05
-1.4432e-05
-1.9987e-05
-1.17764e-05
-2.75379e-05
-7.52447e-06
-3.2878e-05
-2.26936e-05
-1.95952e-06
3.35257e-05
-4.86388e-06
2.54844e-05
-8.13621e-06
2.07841e-05
-1.12551e-05
1.80879e-05
-1.39508e-05
1.59606e-05
-1.61438e-05
1.37991e-05
-1.78602e-05
1.15653e-05
-1.9158e-05
9.33976e-06
-2.00925e-05
7.16621e-06
-2.07214e-05
5.10591e-06
-2.11124e-05
3.24688e-06
-2.13174e-05
1.5689e-06
-2.13321e-05
-1.1581e-07
-2.11258e-05
-1.93378e-06
-2.0705e-05
-3.80733e-06
-2.01323e-05
-5.65382e-06
-1.94591e-05
-7.7342e-06
-1.86574e-05
-1.06478e-05
-1.7646e-05
-1.49994e-05
-1.63718e-05
-2.12612e-05
-1.48594e-05
-2.90502e-05
-1.15793e-05
-3.61581e-05
-3.42729e-05
4.57648e-06
-4.57648e-06
-3.83452e-05
4.29217e-05
-7.97194e-05
4.13742e-05
-0.000101256
2.15364e-05
-0.000104814
3.5577e-06
-0.000103147
-1.66655e-06
-0.000102898
-2.49027e-07
-0.000103126
2.27602e-07
-0.000101232
-1.89333e-06
-9.55532e-05
-5.67897e-06
-8.54559e-05
-1.00973e-05
-7.11071e-05
-1.43488e-05
-5.49527e-05
-1.61544e-05
-4.15222e-05
-1.34305e-05
-3.02445e-05
-1.12777e-05
-1.6976e-05
-1.32685e-05
-2.27456e-06
-1.47014e-05
7.02915e-06
-9.30369e-06
7.02914e-06
-3.17121e-05
2.71356e-05
-7.43481e-05
8.55577e-05
-9.97728e-05
6.67989e-05
-0.000103704
2.54672e-05
-0.000101455
1.30928e-06
-9.93638e-05
-3.75795e-06
-9.89274e-05
-6.85402e-07
-9.86766e-05
-2.31572e-08
-9.69141e-05
-3.65582e-06
-9.22825e-05
-1.03106e-05
-8.37928e-05
-1.85871e-05
-7.16009e-05
-2.65407e-05
-5.79369e-05
-2.98184e-05
-4.65808e-05
-2.47866e-05
-3.67036e-05
-2.11549e-05
-2.47977e-05
-2.51744e-05
-1.09025e-05
-2.85966e-05
3.31345e-07
-2.05376e-05
7.36047e-06
-4.57101e-05
7.28457e-05
-7.99281e-05
0.000119776
-9.28731e-05
7.9744e-05
-9.37562e-05
2.63502e-05
-9.2592e-05
1.45114e-07
-9.12854e-05
-5.06454e-06
-9.14997e-05
-4.71102e-07
-9.20094e-05
4.86539e-07
-9.10738e-05
-4.59141e-06
-8.72766e-05
-1.41078e-05
-8.00033e-05
-2.58604e-05
-6.95477e-05
-3.69963e-05
-5.78456e-05
-4.15205e-05
-4.85853e-05
-3.40468e-05
-4.06312e-05
-2.91091e-05
-3.04352e-05
-3.53705e-05
-1.75619e-05
-4.14699e-05
-5.79283e-06
-3.23067e-05
1.56764e-06
-4.59467e-05
0.000118792
-7.26342e-05
0.000146463
-8.00583e-05
8.71682e-05
-8.0493e-05
2.67849e-05
-7.96184e-05
-7.29473e-07
-7.9946e-05
-4.73691e-06
-8.23704e-05
1.95331e-06
-8.47153e-05
2.83137e-06
-8.50387e-05
-4.268e-06
-8.18632e-05
-1.72833e-05
-7.52502e-05
-3.24733e-05
-6.60883e-05
-4.61582e-05
-5.60968e-05
-5.1512e-05
-4.91913e-05
-4.09523e-05
-4.35278e-05
-3.47726e-05
-3.49157e-05
-4.39825e-05
-2.28131e-05
-5.35725e-05
-9.62771e-06
-4.54921e-05
-8.06006e-06
-3.91219e-05
0.000157914
-5.73476e-05
0.000164689
-6.28243e-05
9.26448e-05
-6.33331e-05
2.72937e-05
-6.18199e-05
-2.24265e-06
-6.38962e-05
-2.66064e-06
-7.0144e-05
8.20111e-06
-7.59679e-05
8.65527e-06
-7.86836e-05
-1.55235e-06
-7.60481e-05
-1.99187e-05
-6.9471e-05
-3.90505e-05
-6.12045e-05
-5.44247e-05
-5.28546e-05
-5.98619e-05
-4.867e-05
-4.51369e-05
-4.5592e-05
-3.78506e-05
-3.83862e-05
-5.11884e-05
-2.65509e-05
-6.54078e-05
-1.18712e-05
-6.01717e-05
-1.99313e-05
-2.97721e-05
0.000187686
-3.70903e-05
0.000172007
-3.97339e-05
9.52884e-05
-4.02219e-05
2.77817e-05
-3.77347e-05
-4.7298e-06
-4.00959e-05
-2.99405e-07
-5.07858e-05
1.8891e-05
-6.22111e-05
2.00805e-05
-7.03039e-05
6.54048e-06
-6.91614e-05
-2.10613e-05
-6.23695e-05
-4.58424e-05
-5.47486e-05
-6.20456e-05
-4.81931e-05
-6.64174e-05
-4.71179e-05
-4.62121e-05
-4.67008e-05
-3.82676e-05
-4.08277e-05
-5.70615e-05
-2.92411e-05
-7.69943e-05
-1.34854e-05
-7.59275e-05
-3.34167e-05
-2.03781e-05
0.000208064
-1.69091e-05
0.000168538
-1.20434e-05
9.04226e-05
-1.01288e-05
2.58671e-05
-5.43599e-06
-9.42257e-06
-7.84568e-06
2.11028e-06
-2.04039e-05
3.14492e-05
-3.93699e-05
3.90465e-05
-5.39588e-05
2.11294e-05
-5.8174e-05
-1.68461e-05
-5.29467e-05
-5.10697e-05
-4.64374e-05
-6.85549e-05
-4.18659e-05
-7.09889e-05
-4.43556e-05
-4.37224e-05
-4.64426e-05
-3.61807e-05
-4.17852e-05
-6.17189e-05
-3.10199e-05
-8.77596e-05
-1.49135e-05
-9.20338e-05
-4.83302e-05
-1.21214e-05
0.000220186
7.77175e-07
0.00015564
1.38123e-05
7.73875e-05
1.96033e-05
2.00761e-05
2.32255e-05
-1.30447e-05
2.02914e-05
5.04437e-06
1.0585e-05
4.11555e-05
-9.85035e-06
5.94819e-05
-3.42549e-05
4.5534e-05
-4.60667e-05
-5.03425e-06
-4.28891e-05
-5.42472e-05
-3.60072e-05
-7.54367e-05
-3.34799e-05
-7.35162e-05
-3.91272e-05
-3.80751e-05
-4.40111e-05
-3.12968e-05
-4.07295e-05
-6.50005e-05
-3.15161e-05
-9.6973e-05
-1.61752e-05
-0.000107375
-6.45054e-05
-2.23972e-06
3.57654e-05
-8.9861e-06
3.22308e-05
-1.70034e-05
2.88014e-05
-2.45241e-05
2.56086e-05
-3.07896e-05
2.22261e-05
-3.56686e-05
1.86781e-05
-3.93135e-05
1.52102e-05
-4.19437e-05
1.19699e-05
-4.37483e-05
8.97082e-06
-4.48982e-05
6.25579e-06
-4.55833e-05
3.932e-06
-4.59519e-05
1.93753e-06
-4.59715e-05
-9.62089e-08
-4.55627e-05
-2.3426e-06
-4.47713e-05
-4.59871e-06
-4.38547e-05
-6.57043e-06
-4.30719e-05
-8.51701e-06
-4.24484e-05
-1.12713e-05
-4.19773e-05
-1.54705e-05
-4.17528e-05
-2.14856e-05
-4.14053e-05
-2.93977e-05
-3.87884e-05
-3.8775e-05
-4.35004e-05
-2.95609e-05
-4.31871e-06
4.00841e-05
-1.11647e-05
3.90768e-05
-1.92375e-05
3.68742e-05
-2.69645e-05
3.33356e-05
-3.32483e-05
2.85099e-05
-3.77903e-05
2.322e-05
-4.08465e-05
1.82665e-05
-4.28258e-05
1.39491e-05
-4.4061e-05
1.0206e-05
-4.48252e-05
7.02001e-06
-4.53539e-05
4.46065e-06
-4.57373e-05
2.32094e-06
-4.57349e-05
-9.86152e-08
-4.53152e-05
-2.76229e-06
-4.46802e-05
-5.23365e-06
-4.42916e-05
-6.95909e-06
-4.46622e-05
-8.14638e-06
-4.58306e-05
-1.01029e-05
-4.80353e-05
-1.32658e-05
-5.164e-05
-1.78809e-05
-5.74906e-05
-2.35471e-05
-6.74336e-05
-2.8832e-05
-3.06611e-05
-8.02729e-05
-8.8588e-06
4.8943e-05
-1.1386e-05
4.1604e-05
-1.84665e-05
4.39547e-05
-2.64492e-05
4.13182e-05
-3.35824e-05
3.56431e-05
-3.84617e-05
2.80993e-05
-4.14695e-05
2.12743e-05
-4.32274e-05
1.5707e-05
-4.41734e-05
1.11521e-05
-4.47405e-05
7.58712e-06
-4.51614e-05
4.88157e-06
-4.52716e-05
2.43113e-06
-4.47558e-05
-6.1449e-07
-4.38053e-05
-3.7128e-06
-4.32391e-05
-5.79983e-06
-4.36881e-05
-6.51005e-06
-4.59468e-05
-5.88766e-06
-4.85838e-05
-7.46597e-06
-5.3088e-05
-8.76151e-06
-5.94657e-05
-1.15032e-05
-6.72867e-05
-1.57262e-05
-7.66901e-05
-1.94286e-05
-2.47107e-05
-8.26404e-05
1.46054e-08
4.89283e-05
-3.56274e-06
4.51812e-05
-8.24805e-06
4.864e-05
-1.47109e-05
4.7781e-05
-2.22837e-05
4.32159e-05
-2.94678e-05
3.52833e-05
-3.50042e-05
2.68107e-05
-3.85864e-05
1.92892e-05
-4.06667e-05
1.32324e-05
-4.19655e-05
8.88591e-06
-4.26738e-05
5.58981e-06
-4.25672e-05
2.32453e-06
-4.18677e-05
-1.31396e-06
-4.12792e-05
-4.30134e-06
-4.1555e-05
-5.52401e-06
-4.37612e-05
-4.3039e-06
-5.13677e-05
1.7189e-06
-5.34004e-05
-5.43333e-06
-5.99086e-05
-2.25329e-06
-6.92351e-05
-2.1767e-06
-7.90771e-05
-5.8842e-06
-8.86478e-05
-9.85799e-06
-2.54514e-05
-8.79071e-05
4.1993e-06
4.47289e-05
3.21502e-06
4.61654e-05
3.03096e-06
4.88239e-05
2.61602e-06
4.81959e-05
1.1215e-06
4.47104e-05
-2.53634e-06
3.89411e-05
-7.67757e-06
3.19519e-05
-1.32654e-05
2.48769e-05
-1.8571e-05
1.85379e-05
-2.32555e-05
1.35703e-05
-2.73878e-05
9.72208e-06
-3.13496e-05
6.28632e-06
-3.56258e-05
2.96228e-06
-4.01354e-05
2.08345e-07
-4.51853e-05
-4.74176e-07
-5.0311e-05
8.21829e-07
-5.10173e-05
2.42505e-06
-5.48146e-05
-1.63617e-06
-6.07951e-05
3.72705e-06
-7.30458e-05
1.0074e-05
-9.40612e-05
1.51312e-05
-0.000114468
1.05493e-05
-2.73272e-05
-0.000112593
2.82113e-06
4.19077e-05
4.44103e-06
4.45455e-05
7.19985e-06
4.60651e-05
9.72024e-06
4.56754e-05
1.10325e-05
4.3398e-05
1.03334e-05
3.96401e-05
7.48411e-06
3.4801e-05
3.00299e-06
2.9358e-05
-2.46113e-06
2.4002e-05
-8.29804e-06
1.94072e-05
-1.42764e-05
1.57004e-05
-2.06066e-05
1.26166e-05
-2.77411e-05
1.00967e-05
-3.61257e-05
8.59292e-06
-4.5327e-05
8.72702e-06
-5.50845e-05
1.05791e-05
-6.61571e-05
1.34975e-05
-8.5077e-05
1.72836e-05
-0.000108805
2.74546e-05
-0.000136833
3.81022e-05
-0.000158126
3.64242e-05
-0.000156262
8.68499e-06
-4.4824e-05
-0.000138765
2.20418e-06
3.97035e-05
4.70613e-06
4.20436e-05
8.02364e-06
4.27476e-05
1.11632e-05
4.25358e-05
1.33715e-05
4.11896e-05
1.41572e-05
3.88544e-05
1.32318e-05
3.57263e-05
1.05384e-05
3.20512e-05
6.31072e-06
2.82296e-05
9.8388e-07
2.4734e-05
-5.1551e-06
2.18394e-05
-1.21577e-05
1.96193e-05
-2.02813e-05
1.82203e-05
-2.97076e-05
1.80191e-05
-4.04259e-05
1.94452e-05
-5.2662e-05
2.28151e-05
-6.7572e-05
2.84073e-05
-8.74334e-05
3.71448e-05
-0.000110305
5.03267e-05
-0.00013325
6.10464e-05
-0.000150438
5.36126e-05
-0.00015465
1.28968e-05
-5.05747e-05
-0.000148899
2.30113e-06
3.74024e-05
4.92311e-06
3.94217e-05
7.93998e-06
3.97307e-05
1.08537e-05
3.96221e-05
1.31574e-05
3.88858e-05
1.44735e-05
3.75382e-05
1.45202e-05
3.56794e-05
1.31153e-05
3.3456e-05
1.02454e-05
3.10993e-05
6.06642e-06
2.89129e-05
7.3725e-07
2.71686e-05
-5.72111e-06
2.60776e-05
-1.33906e-05
2.58897e-05
-2.23369e-05
2.69653e-05
-3.26223e-05
2.97305e-05
-4.4448e-05
3.46408e-05
-5.82931e-05
4.22523e-05
-7.44344e-05
5.32859e-05
-9.13881e-05
6.72802e-05
-0.00010777
7.74283e-05
-0.000122847
6.86894e-05
-0.000135757
2.58066e-05
-4.20191e-05
-0.000144312
2.26599e-06
3.51365e-05
4.75713e-06
3.69306e-05
7.38635e-06
3.71015e-05
9.92222e-06
3.70862e-05
1.20523e-05
3.67556e-05
1.34953e-05
3.60951e-05
1.40179e-05
3.51568e-05
1.34385e-05
3.40352e-05
1.16578e-05
3.288e-05
8.67388e-06
3.18968e-05
4.52908e-06
3.13134e-05
-7.5715e-07
3.13638e-05
-7.18915e-06
3.23216e-05
-1.47572e-05
3.45333e-05
-2.34383e-05
3.84115e-05
-3.32225e-05
4.44249e-05
-4.40594e-05
5.30893e-05
-5.55352e-05
6.47617e-05
-6.6694e-05
7.84389e-05
-7.78284e-05
8.85626e-05
-9.20738e-05
8.29347e-05
-0.000113073
4.68058e-05
-1.94499e-05
-0.000135642
2.00916e-06
3.31274e-05
4.26364e-06
3.46762e-05
6.54288e-06
3.48222e-05
8.731e-06
3.4898e-05
1.06407e-05
3.48458e-05
1.20762e-05
3.46594e-05
1.28585e-05
3.43743e-05
1.28342e-05
3.40594e-05
1.1891e-05
3.38232e-05
9.97107e-06
3.38167e-05
7.05959e-06
3.42248e-05
3.16238e-06
3.52609e-05
-1.69574e-06
3.71797e-05
-7.45315e-06
4.02907e-05
-1.39999e-05
4.49583e-05
-2.11643e-05
5.15893e-05
-2.86463e-05
6.05714e-05
-3.5905e-05
7.20203e-05
-4.24024e-05
8.49362e-05
-4.91984e-05
9.53586e-05
-6.0912e-05
9.46482e-05
-8.48707e-05
7.07644e-05
1.59573e-05
-0.000120278
1.6749e-06
3.14525e-05
3.63964e-06
3.27115e-05
5.6083e-06
3.28535e-05
7.50754e-06
3.29987e-05
9.22018e-06
3.31331e-05
1.06133e-05
3.32661e-05
1.15566e-05
3.34309e-05
1.19316e-05
3.36844e-05
1.16425e-05
3.41123e-05
1.06262e-05
3.4833e-05
8.85452e-06
3.59965e-05
6.33139e-06
3.77841e-05
3.09767e-06
4.04134e-05
-7.54491e-07
4.41428e-05
-5.06553e-06
4.92693e-05
-9.58447e-06
5.61084e-05
-1.39373e-05
6.49242e-05
-1.76267e-05
7.57095e-05
-2.03523e-05
8.76617e-05
-2.31711e-05
9.81773e-05
-3.02883e-05
0.000101765
-4.94654e-05
8.99413e-05
5.44569e-05
-8.79651e-05
1.3451e-06
3.01075e-05
3.01818e-06
3.10384e-05
4.71908e-06
3.11526e-05
6.38718e-06
3.13305e-05
7.94282e-06
3.15773e-05
9.29548e-06
3.19133e-05
1.03541e-05
3.23722e-05
1.10343e-05
3.30042e-05
1.12659e-05
3.38806e-05
1.10015e-05
3.50974e-05
1.02217e-05
3.67763e-05
8.94008e-06
3.90657e-05
7.21101e-06
4.21424e-05
5.14313e-06
4.62108e-05
2.9168e-06
5.14958e-05
8.03726e-07
5.82214e-05
-8.20642e-07
6.65485e-05
-1.53066e-06
7.64195e-05
-1.10064e-06
8.72316e-05
-2.58718e-07
9.73352e-05
-1.96874e-06
0.000103475
-1.25354e-05
0.000100508
8.23789e-05
-4.04575e-05
1.06377e-06
2.90437e-05
2.4747e-06
2.96274e-05
3.95149e-06
2.96757e-05
5.43734e-06
2.98446e-05
6.87365e-06
3.01408e-05
8.19838e-06
3.05884e-05
9.3504e-06
3.12201e-05
1.02742e-05
3.20804e-05
1.09255e-05
3.32293e-05
1.12779e-05
3.47451e-05
1.13286e-05
3.67256e-05
1.11055e-05
3.92889e-05
1.06752e-05
4.25727e-05
1.01552e-05
4.67308e-05
9.728e-06
5.19231e-05
9.65594e-06
5.82937e-05
1.02827e-05
6.59216e-05
1.19859e-05
7.47161e-05
1.49881e-05
8.42292e-05
1.8923e-05
9.34e-05
2.20938e-05
0.000100304
2.05416e-05
0.00010206
9.51492e-05
7.77123e-06
8.49657e-07
2.8194e-05
2.04348e-06
2.84335e-05
3.33921e-06
2.83799e-05
4.68344e-06
2.85003e-05
6.03132e-06
2.87929e-05
7.34049e-06
2.92792e-05
8.57218e-06
2.99884e-05
9.69374e-06
3.09589e-05
1.06829e-05
3.22402e-05
1.15328e-05
3.38952e-05
1.22575e-05
3.60011e-05
1.28978e-05
3.86486e-05
1.35298e-05
4.19408e-05
1.42733e-05
4.59874e-05
1.53025e-05
5.08939e-05
1.68559e-05
5.67403e-05
1.92335e-05
6.35437e-05
2.27594e-05
7.119e-05
2.7663e-05
7.93255e-05
3.3836e-05
8.7227e-05
4.04435e-05
9.36967e-05
4.54293e-05
9.7074e-05
9.5476e-05
4.51023e-05
7.01599e-07
2.74923e-05
1.72951e-06
2.74055e-05
2.88646e-06
2.72229e-05
4.124e-06
2.72626e-05
5.40796e-06
2.75088e-05
6.71059e-06
2.79765e-05
8.00976e-06
2.86893e-05
9.29038e-06
2.96783e-05
1.05473e-05
3.09833e-05
1.17893e-05
3.26533e-05
1.30434e-05
3.47471e-05
1.43603e-05
3.73318e-05
1.58203e-05
4.04807e-05
1.75403e-05
4.42674e-05
1.96796e-05
4.87545e-05
2.24452e-05
5.39747e-05
2.6087e-05
5.99017e-05
3.08706e-05
6.64064e-05
3.70026e-05
7.31936e-05
4.4495e-05
7.97345e-05
5.29635e-05
8.5228e-05
6.13969e-05
8.86404e-05
8.89405e-05
6.79323e-05
6.1149e-07
2.68808e-05
1.52352e-06
2.64934e-05
2.5811e-06
2.61652e-05
3.74181e-06
2.61018e-05
4.98086e-06
2.62698e-05
6.28208e-06
2.66754e-05
7.63592e-06
2.73355e-05
9.04046e-06
2.82738e-05
1.05032e-05
2.95206e-05
1.2044e-05
3.11125e-05
1.36987e-05
3.30924e-05
1.5523e-05
3.55075e-05
1.75973e-05
3.84064e-05
2.00305e-05
4.18341e-05
2.29638e-05
4.58212e-05
2.65703e-05
5.0368e-05
3.10505e-05
5.54215e-05
3.66101e-05
6.08467e-05
4.34132e-05
6.63904e-05
5.15014e-05
7.16463e-05
6.06855e-05
7.60439e-05
7.04235e-05
7.89022e-05
7.96236e-05
7.97404e-05
5.71575e-07
2.63092e-05
1.41198e-06
2.5653e-05
2.40393e-06
2.51733e-05
3.51198e-06
2.49938e-05
4.71995e-06
2.50618e-05
6.02116e-06
2.53742e-05
7.41587e-06
2.59409e-05
8.9117e-06
2.6778e-05
1.0525e-05
2.79073e-05
1.22829e-05
2.93547e-05
1.42258e-05
3.11495e-05
1.64106e-05
3.33226e-05
1.8914e-05
3.59031e-05
2.1834e-05
3.89141e-05
2.52916e-05
4.23635e-05
2.94285e-05
4.6231e-05
3.43995e-05
5.04504e-05
4.03567e-05
5.48895e-05
4.74169e-05
5.93303e-05
5.56116e-05
6.34516e-05
6.48236e-05
6.68319e-05
7.47228e-05
6.90031e-05
6.96154e-05
8.47312e-05
5.74785e-07
2.57344e-05
1.37981e-06
2.4848e-05
2.33276e-06
2.42204e-05
3.40621e-06
2.39204e-05
4.59216e-06
2.38759e-05
5.89169e-06
2.40747e-05
7.31267e-06
2.45199e-05
8.86951e-06
2.52212e-05
1.05844e-05
2.61924e-05
1.24885e-05
2.74506e-05
1.46238e-05
2.90142e-05
1.70454e-05
3.09008e-05
1.98234e-05
3.31251e-05
2.30435e-05
3.56938e-05
2.68072e-05
3.85997e-05
3.12271e-05
4.1811e-05
3.642e-05
4.52575e-05
4.24927e-05
4.88169e-05
4.95193e-05
5.23037e-05
5.75087e-05
5.54623e-05
6.63646e-05
5.79762e-05
7.58509e-05
5.95168e-05
5.9879e-05
8.55873e-05
6.12458e-07
2.51219e-05
1.41006e-06
2.40505e-05
2.34348e-06
2.3287e-05
3.39476e-06
2.28692e-05
4.5636e-06
2.27072e-05
5.85754e-06
2.27808e-05
7.29013e-06
2.30874e-05
8.88041e-06
2.36308e-05
1.0654e-05
2.44187e-05
1.26438e-05
2.54607e-05
1.48913e-05
2.67667e-05
1.74477e-05
2.83443e-05
2.03754e-05
3.01973e-05
2.37475e-05
3.23216e-05
2.76469e-05
3.47003e-05
3.21614e-05
3.72964e-05
3.73766e-05
4.00423e-05
4.33636e-05
4.283e-05
5.01624e-05
4.5505e-05
5.77593e-05
4.78654e-05
6.60617e-05
4.96738e-05
7.48796e-05
5.06989e-05
5.08201e-05
8.39386e-05
6.73383e-07
2.44486e-05
1.48344e-06
2.32406e-05
2.41061e-06
2.236e-05
3.44762e-06
2.18323e-05
4.60124e-06
2.15537e-05
5.88438e-06
2.14978e-05
7.31455e-06
2.16572e-05
8.91375e-06
2.20314e-05
1.07093e-05
2.26231e-05
1.27342e-05
2.34359e-05
1.50277e-05
2.44731e-05
1.76367e-05
2.57353e-05
2.06153e-05
2.72186e-05
2.40248e-05
2.8912e-05
2.79315e-05
3.07937e-05
3.24025e-05
3.28255e-05
3.74986e-05
3.49462e-05
4.32639e-05
3.70646e-05
4.97132e-05
3.90557e-05
5.68156e-05
4.0763e-05
6.44783e-05
4.20111e-05
7.25375e-05
4.26398e-05
4.25816e-05
8.0776e-05
7.45027e-07
2.37037e-05
1.57967e-06
2.24062e-05
2.50871e-06
2.14311e-05
3.53591e-06
2.08052e-05
4.67425e-06
2.04154e-05
5.94084e-06
2.02312e-05
7.35581e-06
2.02421e-05
8.94282e-06
2.04443e-05
1.07295e-05
2.08363e-05
1.27477e-05
2.14177e-05
1.50342e-05
2.21866e-05
1.76306e-05
2.31389e-05
2.05837e-05
2.42656e-05
2.39439e-05
2.55518e-05
2.77637e-05
2.69738e-05
3.20934e-05
2.84958e-05
3.69747e-05
3.0065e-05
4.24319e-05
3.16073e-05
4.84622e-05
3.30253e-05
5.50235e-05
3.42017e-05
6.20235e-05
3.50112e-05
6.93154e-05
3.5348e-05
3.51833e-05
7.67138e-05
8.15437e-07
2.28884e-05
1.67961e-06
2.15421e-05
2.61439e-06
2.04965e-05
3.63362e-06
1.97861e-05
4.75535e-06
1.92938e-05
5.99968e-06
1.8987e-05
7.38827e-06
1.88534e-05
8.94536e-06
1.88871e-05
1.06979e-05
1.90837e-05
1.26761e-05
1.94395e-05
1.49135e-05
1.99493e-05
1.7447e-05
2.06053e-05
2.03163e-05
2.13961e-05
2.35632e-05
2.23048e-05
2.72287e-05
2.33082e-05
3.135e-05
2.43745e-05
3.59545e-05
2.54605e-05
4.1053e-05
2.65088e-05
4.66308e-05
2.74474e-05
5.26397e-05
2.81928e-05
5.89896e-05
2.86614e-05
6.55466e-05
2.87911e-05
2.85836e-05
7.21463e-05
8.75219e-07
2.20133e-05
1.76759e-06
2.06498e-05
2.70833e-06
1.95558e-05
3.71927e-06
1.87753e-05
4.82213e-06
1.8191e-05
6.03872e-06
1.77704e-05
7.39137e-06
1.75007e-05
8.90396e-06
1.73744e-05
1.06022e-05
1.73854e-05
1.25142e-05
1.75275e-05
1.46702e-05
1.77933e-05
1.71026e-05
1.81728e-05
1.98452e-05
1.86531e-05
2.29325e-05
1.92173e-05
2.63967e-05
1.98439e-05
3.0265e-05
2.05061e-05
3.45549e-05
2.11705e-05
3.9268e-05
2.17957e-05
4.4383e-05
2.23324e-05
4.98492e-05
2.27268e-05
5.55807e-05
2.293e-05
6.14557e-05
2.29162e-05
2.27131e-05
6.73262e-05
9.1854e-07
2.10948e-05
1.83274e-06
1.97356e-05
2.77652e-06
1.8612e-05
3.77696e-06
1.77749e-05
4.85781e-06
1.71102e-05
6.04144e-06
1.65868e-05
7.34998e-06
1.61922e-05
8.80628e-06
1.59181e-05
1.04344e-05
1.57572e-05
1.22601e-05
1.57018e-05
1.43104e-05
1.57429e-05
1.66137e-05
1.58694e-05
1.91989e-05
1.60677e-05
2.20943e-05
1.63216e-05
2.53256e-05
1.66125e-05
2.8913e-05
1.69188e-05
3.28669e-05
1.72166e-05
3.71837e-05
1.7479e-05
4.18391e-05
1.76771e-05
4.67831e-05
1.77828e-05
5.1936e-05
1.77772e-05
5.71878e-05
1.76643e-05
1.74945e-05
6.24063e-05
9.42942e-07
2.01518e-05
1.86916e-06
1.88094e-05
2.81058e-06
1.76705e-05
3.79663e-06
1.67888e-05
4.85148e-06
1.60553e-05
5.99707e-06
1.54413e-05
7.25449e-06
1.49348e-05
8.64508e-06
1.45274e-05
1.0191e-05
1.42113e-05
1.19155e-05
1.39775e-05
1.38425e-05
1.3816e-05
1.59968e-05
1.37151e-05
1.84031e-05
1.36612e-05
2.10852e-05
1.36395e-05
2.40636e-05
1.3634e-05
2.73536e-05
1.36289e-05
3.09615e-05
1.36086e-05
3.48809e-05
1.35596e-05
3.90874e-05
1.34707e-05
4.35342e-05
1.33361e-05
4.81491e-05
1.31624e-05
5.28344e-05
1.2979e-05
1.28555e-05
5.74734e-05
9.48641e-07
1.92031e-05
1.87535e-06
1.78826e-05
2.80724e-06
1.67387e-05
3.77363e-06
1.58224e-05
4.79778e-06
1.50312e-05
5.90025e-06
1.43389e-05
7.10046e-06
1.37346e-05
8.41789e-06
1.32099e-05
9.87254e-06
1.27566e-05
1.14851e-05
1.23651e-05
1.32766e-05
1.20246e-05
1.52685e-05
1.17231e-05
1.74821e-05
1.14474e-05
1.99375e-05
1.1184e-05
2.26515e-05
1.092e-05
2.56361e-05
1.06443e-05
2.88954e-05
1.03494e-05
3.24222e-05
1.00328e-05
3.61941e-05
9.69892e-06
4.01691e-05
9.36121e-06
4.42836e-05
9.0478e-06
4.8453e-05
8.80951e-06
8.73216e-06
5.25763e-05
9.37537e-07
1.82656e-05
1.85299e-06
1.69671e-05
2.76719e-06
1.58246e-05
3.70772e-06
1.48818e-05
4.69593e-06
1.4043e-05
5.75022e-06
1.32847e-05
6.88792e-06
1.25968e-05
8.12641e-06
1.19713e-05
9.48335e-06
1.13996e-05
1.09768e-05
1.08717e-05
1.2625e-05
1.03764e-05
1.44466e-05
9.90143e-06
1.64597e-05
9.43413e-06
1.86815e-05
8.96229e-06
2.1126e-05
8.47553e-06
2.38031e-05
7.96715e-06
2.67161e-05
7.43635e-06
2.98586e-05
6.89031e-06
3.32113e-05
6.34634e-06
3.67385e-05
5.83413e-06
4.03862e-05
5.40007e-06
4.40828e-05
5.11283e-06
5.07136e-06
4.77436e-05
9.125e-07
1.7353e-05
1.80572e-06
1.6074e-05
2.69384e-06
1.49366e-05
3.60185e-06
1.39738e-05
4.54856e-06
1.30965e-05
5.54969e-06
1.22836e-05
6.62037e-06
1.1526e-05
7.77566e-06
1.08158e-05
9.0307e-06
1.01445e-05
1.04009e-05
9.50151e-06
1.1902e-05
8.87536e-06
1.35497e-05
8.25368e-06
1.53596e-05
7.62422e-06
1.7346e-05
6.97589e-06
1.9521e-05
6.30045e-06
2.18933e-05
5.59482e-06
2.4466e-05
4.8636e-06
2.72346e-05
4.12181e-06
3.01838e-05
3.39731e-06
3.3285e-05
2.73309e-06
3.64945e-05
2.1906e-06
3.97541e-05
1.85322e-06
1.83046e-06
4.29951e-05
8.76811e-07
1.64762e-05
1.73803e-06
1.5213e-05
2.59195e-06
1.40827e-05
3.46074e-06
1.31049e-05
4.36034e-06
1.21972e-05
5.30368e-06
1.13403e-05
6.30366e-06
1.05259e-05
7.37284e-06
9.74664e-06
8.52379e-06
8.99353e-06
9.76938e-06
8.25596e-06
1.11227e-05
7.52205e-06
1.2597e-05
6.7794e-06
1.42051e-05
6.01607e-06
1.59592e-05
5.22182e-06
1.78694e-05
4.39011e-06
1.99436e-05
3.52055e-06
2.21853e-05
2.62192e-06
2.45922e-05
1.71512e-06
2.71535e-05
8.36178e-07
2.98483e-05
3.84773e-08
3.26436e-05
-6.04598e-07
3.54948e-05
-9.97913e-07
-1.02341e-06
3.83488e-05
8.33647e-07
1.56427e-05
1.6543e-06
1.43926e-05
2.4664e-06
1.32705e-05
3.28954e-06
1.22819e-05
4.13664e-06
1.13503e-05
5.0182e-06
1.04586e-05
5.94472e-06
9.5994e-06
6.92621e-06
8.76529e-06
7.97274e-06
7.94714e-06
9.09467e-06
7.1341e-06
1.03026e-05
6.3141e-06
1.16073e-05
5.47471e-06
1.30192e-05
4.60418e-06
1.45481e-05
3.69294e-06
1.62025e-05
2.73558e-06
1.79894e-05
1.73366e-06
1.99127e-05
6.98716e-07
2.19723e-05
-3.44234e-07
2.41622e-05
-1.35352e-06
2.64691e-05
-2.26822e-06
2.88707e-05
-3.00609e-06
3.13358e-05
-3.463e-06
-3.51408e-06
3.38265e-05
7.85119e-07
1.48578e-05
1.55769e-06
1.36201e-05
2.32092e-06
1.25072e-05
3.09247e-06
1.15106e-05
3.8824e-06
1.05604e-05
4.69905e-06
9.64185e-06
5.5504e-06
8.74814e-06
6.44399e-06
7.8719e-06
7.38752e-06
7.00377e-06
8.38895e-06
6.13269e-06
9.45656e-06
5.24645e-06
1.05987e-05
4.33261e-06
1.18233e-05
3.37957e-06
1.3138e-05
2.3782e-06
1.45498e-05
1.32382e-06
1.60643e-05
2.19141e-07
1.76858e-05
-9.22697e-07
1.94162e-05
-2.07432e-06
2.12536e-05
-3.19071e-06
2.31918e-05
-4.20633e-06
2.52188e-05
-5.03308e-06
2.73163e-05
-5.56051e-06
-5.65867e-06
2.94609e-05
7.31457e-07
1.41264e-05
1.44909e-06
1.29025e-05
2.15712e-06
1.1799e-05
2.87194e-06
1.07961e-05
3.60111e-06
9.83113e-06
4.35085e-06
8.89196e-06
5.12656e-06
7.97245e-06
5.93349e-06
7.06508e-06
6.7771e-06
6.16021e-06
7.66319e-06
5.24655e-06
8.59778e-06
4.3118e-06
9.5869e-06
3.34351e-06
1.06363e-05
2.33022e-06
1.17514e-05
1.2631e-06
1.29374e-05
1.37877e-07
1.41988e-05
-1.04219e-06
1.55395e-05
-2.26327e-06
1.69626e-05
-3.49722e-06
1.84699e-05
-4.69785e-06
2.00612e-05
-5.79765e-06
2.17338e-05
-6.7057e-06
2.34813e-05
-7.30803e-06
-7.47144e-06
2.52941e-05
6.70566e-07
1.34558e-05
1.32654e-06
1.22466e-05
1.97401e-06
1.11515e-05
2.62813e-06
1.01421e-05
3.29436e-06
9.16462e-06
3.97651e-06
8.20963e-06
4.67747e-06
7.27139e-06
5.40039e-06
6.34211e-06
6.14878e-06
5.41178e-06
6.92641e-06
4.46887e-06
7.73723e-06
3.50099e-06
8.58511e-06
2.49571e-06
9.47375e-06
1.44169e-06
1.04065e-05
3.30389e-07
1.13869e-05
-8.42421e-07
1.24178e-05
-2.07306e-06
1.35026e-05
-3.34795e-06
1.46448e-05
-4.63936e-06
1.58487e-05
-5.90164e-06
1.71188e-05
-7.0678e-06
1.84601e-05
-8.04705e-06
1.98769e-05
-8.72485e-06
-8.96709e-06
2.13726e-05
5.98373e-07
1.28575e-05
1.18572e-06
1.16592e-05
1.76829e-06
1.05691e-05
2.35923e-06
9.55119e-06
2.96185e-06
8.56179e-06
3.5771e-06
7.59423e-06
4.20558e-06
6.64277e-06
4.84854e-06
5.69905e-06
5.50776e-06
4.75254e-06
6.18524e-06
3.79145e-06
6.88298e-06
2.80337e-06
7.60294e-06
1.7759e-06
8.34695e-06
6.97811e-07
9.1168e-06
-4.39394e-07
9.91387e-06
-1.63946e-06
1.07399e-05
-2.89907e-06
1.15971e-05
-4.20515e-06
1.24889e-05
-5.53115e-06
1.34206e-05
-6.83334e-06
1.44001e-05
-8.04728e-06
1.5438e-05
-9.08506e-06
1.65478e-05
-9.83457e-06
-1.01636e-05
1.77443e-05
5.09763e-07
1.23479e-05
1.02098e-06
1.11479e-05
1.53516e-06
1.00552e-05
2.06205e-06
9.0242e-06
2.60184e-06
8.02194e-06
3.15226e-06
7.04373e-06
3.71173e-06
6.08319e-06
4.27988e-06
5.13084e-06
4.85705e-06
4.17541e-06
5.44368e-06
3.20495e-06
6.04002e-06
2.20717e-06
6.64629e-06
1.16972e-06
7.26283e-06
8.132e-08
7.88983e-06
-1.06637e-06
8.52738e-06
-2.27698e-06
9.17583e-06
-3.54751e-06
9.83626e-06
-4.86556e-06
1.05113e-05
-6.20622e-06
1.12065e-05
-7.52849e-06
1.19311e-05
-8.77194e-06
1.26997e-05
-9.85368e-06
1.35321e-05
-1.0667e-05
-1.10844e-05
1.4453e-05
3.99495e-07
1.19485e-05
8.26113e-07
1.07212e-05
1.26948e-06
9.61204e-06
1.73321e-06
8.56037e-06
2.21237e-06
7.5428e-06
2.70112e-06
6.55496e-06
3.19585e-06
5.58842e-06
3.69494e-06
4.63175e-06
4.19771e-06
3.67273e-06
4.7033e-06
2.69947e-06
5.21029e-06
1.70021e-06
5.7173e-06
6.62685e-07
6.22341e-06
-4.24808e-07
6.72778e-06
-1.57071e-06
7.22957e-06
-2.77871e-06
7.72812e-06
-4.04597e-06
8.22347e-06
-5.36086e-06
8.71737e-06
-6.70008e-06
9.21459e-06
-8.02572e-06
9.72467e-06
-9.28208e-06
1.02637e-05
-1.03928e-05
1.08553e-05
-1.12587e-05
-1.17604e-05
1.15312e-05
2.62281e-07
1.16861e-05
5.95261e-07
1.03882e-05
9.67837e-07
9.23944e-06
1.37157e-06
8.15656e-06
1.79367e-06
7.12068e-06
2.22443e-06
6.12417e-06
2.65858e-06
5.15425e-06
3.09394e-06
4.19641e-06
3.52955e-06
3.23719e-06
3.96368e-06
2.26538e-06
4.39312e-06
1.27074e-06
4.81461e-06
2.41145e-07
5.22633e-06
-8.36512e-07
5.62706e-06
-1.97135e-06
6.01557e-06
-3.16711e-06
6.39068e-06
-4.42101e-06
6.75178e-06
-5.72194e-06
7.09979e-06
-7.04809e-06
7.43853e-06
-8.36448e-06
7.77669e-06
-9.62033e-06
8.13007e-06
-1.07463e-05
8.52353e-06
-1.16524e-05
-1.22292e-05
8.99225e-06
9.14199e-08
1.15945e-05
3.26259e-07
1.01533e-05
6.3366e-07
8.93188e-06
9.83661e-07
7.80653e-06
1.353e-06
6.75128e-06
1.7285e-06
5.7486e-06
2.1043e-06
4.77837e-06
2.47894e-06
3.82174e-06
2.85251e-06
2.86364e-06
3.22332e-06
1.89458e-06
3.58581e-06
9.08241e-07
3.93376e-06
-1.06781e-07
4.26494e-06
-1.16759e-06
4.57851e-06
-2.28482e-06
4.87359e-06
-3.46214e-06
5.14904e-06
-4.69653e-06
5.40404e-06
-5.97705e-06
5.63897e-06
-7.2831e-06
5.85672e-06
-8.58228e-06
6.06465e-06
-9.82834e-06
6.27704e-06
-1.09588e-05
6.51758e-06
-1.18929e-05
-1.25333e-05
6.82164e-06
-1.11547e-07
1.17059e-05
3.13578e-08
1.00104e-05
2.88359e-07
8.67481e-06
5.92964e-07
7.50194e-06
9.11999e-07
6.43214e-06
1.23125e-06
5.42916e-06
1.54615e-06
4.46329e-06
1.85758e-06
3.51021e-06
2.16889e-06
2.55232e-06
2.48076e-06
1.58276e-06
2.78448e-06
6.04579e-07
3.06782e-06
-3.90047e-07
3.32861e-06
-1.4283e-06
3.56778e-06
-2.52393e-06
3.78548e-06
-3.67987e-06
3.9811e-06
-4.89227e-06
4.15398e-06
-6.15007e-06
4.30419e-06
-7.43342e-06
4.43386e-06
-8.71202e-06
4.54891e-06
-9.9434e-06
4.66134e-06
-1.10712e-05
4.79185e-06
-1.20234e-05
-1.27146e-05
4.97325e-06
-3.30822e-07
1.20367e-05
-2.44754e-07
9.92441e-06
-1.77941e-08
8.44798e-06
2.46061e-07
7.23805e-06
5.11689e-07
6.16631e-06
7.68208e-07
5.1724e-06
1.01342e-06
4.21791e-06
1.2507e-06
3.27292e-06
1.48893e-06
2.31418e-06
1.73791e-06
1.33387e-06
1.98655e-06
3.55975e-07
2.20841e-06
-6.11906e-07
2.40321e-06
-1.62305e-06
2.57553e-06
-2.69618e-06
2.72704e-06
-3.83131e-06
2.85778e-06
-5.02301e-06
2.96731e-06
-6.25966e-06
3.0556e-06
-7.52178e-06
3.12403e-06
-8.7805e-06
3.17694e-06
-9.99634e-06
3.22351e-06
-1.11178e-05
3.28014e-06
-1.20801e-05
-1.28078e-05
3.37332e-06
-5.14455e-07
1.25513e-05
-4.31947e-07
9.84198e-06
-2.22363e-07
8.23844e-06
-2.66547e-09
7.01828e-06
2.04447e-07
5.95904e-06
3.9373e-07
4.983e-06
5.62723e-07
4.04895e-06
7.1266e-07
3.12313e-06
8.53454e-07
2.17353e-06
1.01262e-06
1.17473e-06
1.19989e-06
1.68664e-07
1.34553e-06
-7.57537e-07
1.46886e-06
-1.74626e-06
1.57499e-06
-2.80213e-06
1.66552e-06
-3.92174e-06
1.74064e-06
-5.09817e-06
1.80001e-06
-6.31916e-06
1.8434e-06
-7.56532e-06
1.87147e-06
-8.80869e-06
1.88674e-06
-1.00117e-05
1.89514e-06
-1.11263e-05
1.90816e-06
-1.20932e-05
-1.28451e-05
1.94538e-06
-5.46558e-07
-4.74599e-07
-3.0431e-07
-1.29058e-07
3.32516e-08
1.75546e-07
2.90583e-07
3.70756e-07
4.07874e-07
3.97403e-07
4.17482e-07
4.54143e-07
4.93042e-07
5.27871e-07
5.57312e-07
5.80858e-07
5.98062e-07
6.08587e-07
6.12407e-07
6.10246e-07
6.04304e-07
5.99296e-07
6.02622e-07
-1.52265e-05
-1.43344e-05
-1.41435e-05
-1.083e-06
-3.28398e-05
1.86963e-05
4.51194e-05
-7.79592e-05
-8.38767e-05
-1.07307e-05
-8.19471e-05
-3.0126e-06
-7.34279e-05
1.0177e-05
2.55432e-05
-5.38516e-05
-8.01119e-05
-1.32592e-05
-7.11493e-05
-1.19751e-05
-5.32439e-05
-7.72844e-06
-2.01377e-06
-2.56869e-05
-8.04608e-05
-2.07055e-05
-6.91281e-05
-2.33079e-05
-5.40244e-05
-2.28321e-05
-1.95777e-05
-3.64605e-05
-0.000103781
-2.95168e-05
-9.39856e-05
-3.31037e-05
-8.33177e-05
-3.35e-05
-3.14815e-05
-7.14139e-05
-0.000131363
-3.69183e-05
-0.000124684
-3.97827e-05
-0.000118436
-3.97482e-05
-3.82271e-05
-0.000111691
-0.000146102
-3.97153e-05
-0.000143625
-4.22595e-05
-0.000141389
-4.1985e-05
-4.03798e-05
-0.000139236
-0.00014701
-3.70178e-05
-0.000148296
-4.09729e-05
-0.000149267
-4.10143e-05
-3.91816e-05
-0.000150465
-0.000142617
-3.00428e-05
-0.000146454
-3.71362e-05
-0.000149164
-3.83045e-05
-3.66625e-05
-0.000151683
-0.000133909
-1.64114e-05
-0.000141924
-2.91219e-05
-0.000145659
-3.45688e-05
-3.38899e-05
-0.000148432
-0.000109553
5.17635e-06
-0.000128439
-1.02363e-05
-0.000139181
-2.38264e-05
-3.12618e-05
-0.000141809
-6.12986e-05
2.60174e-05
-8.61974e-05
1.46624e-05
-0.000110878
8.54542e-07
-1.23559e-05
-0.000129784
-4.90423e-06
3.86927e-05
-2.27687e-05
3.25269e-05
-4.6003e-05
2.40888e-05
1.29137e-05
-7.12724e-05
4.13214e-05
4.24736e-05
3.41657e-05
3.96826e-05
2.27277e-05
3.55267e-05
2.9749e-05
5.89245e-06
6.94642e-05
4.09417e-05
6.94489e-05
3.9698e-05
6.71718e-05
3.78038e-05
3.49279e-05
6.1993e-05
8.35326e-05
3.71495e-05
8.66956e-05
3.65352e-05
8.89371e-05
3.55622e-05
3.40551e-05
8.98099e-05
8.92498e-05
3.2631e-05
9.35245e-05
3.22604e-05
9.74368e-05
3.16499e-05
3.07026e-05
0.000100789
9.01363e-05
2.80821e-05
9.45994e-05
2.77974e-05
9.89117e-05
2.73375e-05
2.66376e-05
0.000102977
8.82113e-05
2.38093e-05
9.24476e-05
2.35611e-05
9.66065e-05
2.31786e-05
2.26178e-05
0.000100626
8.46583e-05
1.99271e-05
8.85107e-05
1.97087e-05
9.23023e-05
1.93872e-05
1.89325e-05
9.59875e-05
8.01839e-05
1.6457e-05
8.3617e-05
1.62756e-05
8.69873e-05
1.60169e-05
1.56612e-05
9.02586e-05
7.52243e-05
1.3379e-05
7.82558e-05
1.32441e-05
8.12191e-05
1.30537e-05
1.27956e-05
8.40848e-05
7.0049e-05
1.06562e-05
7.27188e-05
1.05743e-05
7.53171e-05
1.04554e-05
1.0293e-05
7.78197e-05
6.4816e-05
8.24644e-06
6.71709e-05
8.21939e-06
6.94547e-05
8.17162e-06
8.10021e-06
7.16476e-05
5.96111e-05
6.10873e-06
6.16963e-05
6.13417e-06
6.37149e-05
6.15309e-06
6.16506e-06
6.56501e-05
5.44777e-05
4.20737e-06
5.63324e-05
4.2795e-06
5.81279e-05
4.35757e-06
4.44287e-06
5.98502e-05
4.94372e-05
2.51391e-06
5.10923e-05
2.62449e-06
5.26979e-05
2.75194e-06
2.89878e-06
5.42422e-05
4.45022e-05
1.00699e-06
4.59804e-05
1.14633e-06
4.74204e-05
1.31203e-06
1.50758e-06
4.88117e-05
3.96848e-05
-3.28923e-07
4.10023e-05
-1.71141e-07
4.22933e-05
2.10714e-08
2.52005e-07
4.35489e-05
3.50023e-05
-1.50475e-06
3.61701e-05
-1.33896e-06
3.73234e-05
-1.13214e-06
-8.79346e-07
3.84548e-05
3.04841e-05
-2.52792e-06
3.15094e-05
-2.36421e-06
3.25318e-05
-2.15454e-06
-1.89327e-06
3.35459e-05
2.61705e-05
-3.40422e-06
2.70582e-05
-3.25187e-06
2.79541e-05
-3.05048e-06
-2.79361e-06
2.88546e-05
2.21078e-05
-4.13929e-06
2.28624e-05
-4.00647e-06
2.36355e-05
-3.82355e-06
-3.58316e-06
2.44251e-05
1.83449e-05
-4.73989e-06
1.89718e-05
-4.63331e-06
1.9626e-05
-4.47773e-06
-4.26473e-06
2.03077e-05
1.4928e-05
-5.21496e-06
1.54343e-05
-5.13961e-06
1.59752e-05
-5.01853e-06
-4.84226e-06
1.65527e-05
1.18927e-05
-5.57649e-06
1.22884e-05
-5.53536e-06
1.27238e-05
-5.45387e-06
-5.32155e-06
1.32031e-05
9.25546e-06
-5.83976e-06
9.55368e-06
-5.83365e-06
9.89418e-06
-5.7944e-06
-5.71066e-06
1.02833e-05
7.00431e-06
-6.02241e-06
7.22072e-06
-6.05003e-06
7.47926e-06
-6.05294e-06
-6.01936e-06
7.78803e-06
5.09359e-06
-6.14272e-06
5.24425e-06
-6.20071e-06
5.4341e-06
-6.24282e-06
-6.25732e-06
5.67209e-06
3.44709e-06
-6.21652e-06
3.54576e-06
-6.29942e-06
3.67723e-06
-6.37429e-06
-6.42998e-06
3.84994e-06
1.98e-06
-6.25112e-06
2.03147e-06
-6.35089e-06
2.10479e-06
-6.44761e-06
-6.53192e-06
2.20675e-06
6.09477e-07
6.22384e-07
6.42939e-07
6.74143e-07
-1.36926e-05
0.000155919
4.71019e-05
9.4845e-05
8.84886e-05
3.60009e-05
0.000107805
7.60115e-07
0.000106949
-1.21888e-05
9.73681e-05
1.46249e-05
7.65522e-05
6.19715e-05
3.86709e-05
9.73632e-05
-1.35044e-05
9.77092e-05
-5.82997e-05
3.97611e-05
-6.21711e-05
-5.03758e-05
-5.0439e-05
-8.71689e-05
-4.32671e-05
-8.06881e-05
-5.27874e-05
-2.85548e-05
-7.58452e-05
-8.23904e-06
-7.60418e-05
-6.4804e-05
-6.24118e-05
-0.000110603
-3.39351e-05
-0.000135851
-9.84406e-05
2.58706e-05
7.61971e-05
7.95861e-05
4.11295e-05
0.000105686
9.90085e-06
0.000117394
-1.09481e-05
0.000116491
-1.12849e-05
0.000100052
3.10634e-05
8.08403e-05
8.11832e-05
5.67922e-05
0.000121411
1.84431e-05
0.000136058
-2.22867e-05
8.04909e-05
-3.48193e-05
-3.78432e-05
-3.35343e-05
-8.8454e-05
-3.17843e-05
-8.24381e-05
-3.20534e-05
-2.82856e-05
-4.50935e-05
4.80107e-06
-5.34882e-05
-5.64093e-05
-4.04246e-05
-0.000123667
-2.21882e-05
-0.000154088
-0.000120629
3.78545e-05
1.26556e-05
7.14633e-05
7.52068e-06
8.27061e-05
-1.34193e-06
9.86583e-05
-2.69003e-05
9.00953e-05
-2.72193e-06
5.48299e-05
6.63287e-05
3.4503e-05
0.00010151
2.46453e-05
0.000131269
6.4922e-06
0.000154211
-1.53789e-05
0.000102362
-2.68909e-05
-2.63311e-05
-3.08001e-05
-8.45448e-05
-3.72671e-05
-7.5971e-05
-5.27506e-05
-1.28022e-05
-6.44111e-05
1.64615e-05
-5.86496e-05
-6.21709e-05
-2.3471e-05
-0.000158845
6.85579e-06
-0.000184415
-0.000113773
1.95862e-06
-2.57635e-05
2.95784e-05
-2.0099e-05
5.90599e-05
-3.08234e-05
6.15787e-05
-2.94191e-05
1.35531e-05
4.53037e-05
-3.77268e-05
0.000117609
-4.67875e-05
0.000110571
-4.64077e-05
0.000130889
-4.36136e-05
0.000151417
-3.65388e-05
9.52871e-05
-3.42974e-05
-2.85726e-05
-3.32257e-05
-8.56165e-05
-4.25583e-05
-6.66385e-05
-8.01378e-05
2.47774e-05
-0.000104638
4.09612e-05
-9.52258e-05
-7.15827e-05
-5.02667e-05
-0.000203804
4.93885e-06
-0.00023962
-0.000108834
-3.78664e-05
-5.9311e-05
-1.83443e-05
-3.96211e-05
-2.27777e-05
-2.63903e-05
-5.47765e-05
2.58013e-06
-8.77918e-05
7.83194e-05
-9.89781e-05
0.000128796
-0.000111931
0.000123524
-0.000113364
0.000132322
-8.89944e-05
0.000127048
-5.73106e-05
6.36033e-05
-3.82655e-05
-4.76177e-05
-3.0718e-05
-9.3164e-05
-3.84282e-05
-5.89282e-05
-8.35465e-05
6.98956e-05
-0.000131272
8.86866e-05
-0.000132861
-6.99933e-05
-9.28616e-05
-0.000243804
-2.99249e-05
-0.000302557
-0.000138759
-9.40889e-05
-7.69128e-05
-8.82668e-05
-4.5443e-05
-8.28879e-05
-3.17689e-05
-0.000105557
2.52496e-05
-0.000127552
0.000100314
-0.00013104
0.000132285
-0.000136431
0.000128914
-0.000126709
0.000122601
-9.62869e-05
9.66257e-05
-5.48613e-05
2.21777e-05
-2.71515e-05
-7.53274e-05
-1.71286e-05
-0.000103187
-1.76074e-05
-5.84494e-05
-4.63958e-05
9.86839e-05
-0.000120934
0.000163225
-0.000150668
-4.02599e-05
-0.000122369
-0.000272103
-5.94756e-05
-0.00036545
-0.000198235
-0.000133251
-8.28979e-05
-0.000122339
-5.63546e-05
-0.000123133
-3.0975e-05
-0.000133722
3.58385e-05
-0.000138776
0.000105368
-0.000135255
0.000128764
-0.000135518
0.000129177
-0.000122005
0.000109088
-8.65937e-05
6.12141e-05
-3.7213e-05
-2.7203e-05
-1.13436e-05
-0.000101197
-3.07738e-06
-0.000111453
3.38949e-06
-6.49163e-05
4.31736e-06
9.77561e-05
-6.05148e-05
0.000228057
-0.000135707
3.49324e-05
-0.000126
-0.000281809
-7.06813e-05
-0.000420769
-0.000268916
-0.000154604
-7.8759e-05
-0.000155302
-5.56572e-05
-0.000155142
-3.11346e-05
-0.000158732
3.94284e-05
-0.000154843
0.00010148
-0.000158086
0.000132007
-0.000150084
0.000121175
-0.000115267
7.42708e-05
-6.54137e-05
1.13607e-05
-1.52766e-05
-7.73401e-05
-1.44378e-06
-0.00011503
3.18569e-06
-0.000116083
1.0935e-05
-7.26656e-05
3.66223e-05
7.20688e-05
7.56298e-06
0.000257117
-8.4564e-05
0.000127059
-0.000103585
-0.000262789
-6.69651e-05
-0.000457389
-0.000335881
-0.000157651
-7.27909e-05
-0.00016602
-4.72881e-05
-0.000174103
-2.30515e-05
-0.000174847
4.01722e-05
-0.000175557
0.00010219
-0.000164206
0.000120655
-0.000134996
9.19655e-05
-9.40051e-05
3.32804e-05
-2.80819e-05
-5.45624e-05
-2.49036e-06
-0.000102932
1.72255e-06
-0.000119243
2.21913e-06
-0.000116579
5.60455e-06
-7.6051e-05
2.34927e-05
5.41806e-05
3.67889e-05
0.000243821
-3.51715e-05
0.00019902
-7.14034e-05
-0.000226557
-5.14699e-05
-0.000477322
-0.000387351
-0.000153577
-6.76458e-05
-0.00015863
-4.22356e-05
-0.000163735
-1.79459e-05
-0.000152145
2.85815e-05
-0.000148115
9.81606e-05
-0.000117087
8.96271e-05
-7.23379e-05
4.72164e-05
-1.94962e-05
-1.95611e-05
4.51685e-06
-7.85751e-05
4.8697e-06
-0.000103284
4.11094e-06
-0.000118484
-6.15018e-06
-0.000106318
-1.50075e-05
-6.71937e-05
-1.08783e-05
5.00515e-05
1.33288e-05
0.000219614
-3.96813e-06
0.000216317
-4.13054e-05
-0.00018922
-3.31131e-05
-0.000485514
-0.000420464
-0.000145731
-6.37235e-05
-0.000148131
-3.98363e-05
-0.000149662
-1.64146e-05
-0.000125736
4.65516e-06
-7.76948e-05
5.01197e-05
-2.20747e-05
3.40078e-05
8.82098e-06
1.63205e-05
2.00688e-05
-3.08088e-05
1.28047e-05
-7.1311e-05
1.12619e-05
-0.000101742
1.14616e-05
-0.000118683
-3.01809e-05
-6.46755e-05
-5.80598e-05
-3.93148e-05
-6.23339e-05
5.43256e-05
-3.69218e-05
0.000194202
5.0966e-06
0.000174298
3.72748e-08
-0.00018416
-1.89188e-05
-0.000466558
-0.000439383
-0.000133379
-6.01284e-05
-0.000131342
-4.18741e-05
-0.000126159
-2.15969e-05
-0.00011598
-5.52383e-06
-7.00573e-05
4.19631e-06
-3.61318e-05
8.26112e-08
-3.48645e-06
-1.63246e-05
9.06686e-06
-4.33621e-05
1.16528e-05
-7.3897e-05
1.76059e-05
-0.000107695
-1.58502e-05
-8.52273e-05
-5.86442e-05
-2.18815e-05
-9.63795e-05
-1.57967e-06
-0.000102581
6.05268e-05
-6.61804e-05
0.000157801
1.68072e-05
9.13106e-05
3.76517e-05
-0.000205005
5.00211e-07
-0.000429407
-0.000438883
-0.000117499
-1.39017e-05
-0.000113396
-4.59775e-05
-0.000100395
-3.45979e-05
-8.43704e-05
-2.15481e-05
-6.15114e-05
-1.86627e-05
-3.75255e-05
-2.39033e-05
-1.72139e-05
-3.66362e-05
-1.84241e-06
-5.87336e-05
1.33414e-05
-8.90808e-05
-1.07401e-05
-8.36133e-05
-6.01327e-05
-3.58349e-05
-9.40744e-05
1.20604e-05
-0.000119306
2.36519e-05
-0.000123056
6.42768e-05
-6.50071e-05
9.97526e-05
2.51657e-05
1.1378e-06
4.35658e-05
-0.000223405
1.20581e-05
-0.000397899
-0.000426825
-5.23391e-05
4.43299e-05
-9.36661e-05
-4.65049e-06
-9.14189e-05
-3.68452e-05
-7.29645e-05
-4.00025e-05
-5.41887e-05
-3.74384e-05
-3.45103e-05
-4.35818e-05
-1.44355e-05
-5.6711e-05
4.48482e-06
-7.76539e-05
-1.04007e-05
-7.41953e-05
-4.19632e-05
-5.20507e-05
-7.64172e-05
-1.3813e-06
-9.72837e-05
3.29269e-05
-0.00011474
4.11083e-05
-0.000105598
5.51341e-05
-4.29298e-05
3.70846e-05
2.71393e-05
-6.8931e-05
3.73825e-05
-0.000233648
1.55633e-05
-0.00037608
-0.000411261
4.05681e-05
6.57549e-05
1.79928e-06
3.41183e-05
-4.30446e-05
7.99885e-06
-6.87448e-05
-1.43022e-05
-5.11102e-05
-5.50731e-05
-2.53839e-05
-6.93081e-05
-5.58709e-06
-7.65078e-05
-1.65284e-05
-6.67126e-05
-3.08801e-05
-5.98437e-05
-5.30863e-05
-2.98442e-05
-6.92533e-05
1.47855e-05
-8.09813e-05
4.4655e-05
-8.86588e-05
4.87858e-05
-6.90059e-05
3.54812e-05
-1.82769e-05
-1.36444e-05
2.69965e-05
-0.000114204
3.24751e-05
-0.000239127
1.43822e-05
-0.000357987
-0.000396879
8.47818e-05
7.07831e-05
6.75694e-05
5.13309e-05
4.6677e-05
2.88913e-05
3.08745e-05
1.5002e-06
1.40197e-05
-3.82184e-05
5.2792e-06
-6.05675e-05
-3.47993e-06
-6.77487e-05
-1.17191e-05
-5.84734e-05
-2.72692e-05
-4.42938e-05
-4.15923e-05
-1.55211e-05
-4.92142e-05
2.24073e-05
-5.28381e-05
4.82788e-05
-5.04679e-05
4.64158e-05
-3.09845e-05
1.59979e-05
1.78364e-06
-4.64125e-05
2.60018e-05
-0.000138423
2.76623e-05
-0.000240787
1.01828e-05
-0.000340507
-0.000386696
0.000105183
6.63891e-05
0.000102758
5.37564e-05
9.47967e-05
3.68526e-05
8.31271e-05
1.31698e-05
6.24881e-05
-1.75795e-05
4.10666e-05
-3.9146e-05
2.11403e-05
-4.78225e-05
5.5484e-06
-4.28815e-05
-9.69974e-06
-2.90456e-05
-2.07413e-05
-4.47961e-06
-2.44684e-05
2.61345e-05
-2.27498e-05
4.656e-05
-1.60713e-05
3.97371e-05
-1.78051e-06
1.70718e-06
1.46849e-05
-6.28777e-05
2.25038e-05
-0.000146241
1.72434e-05
-0.000235527
1.00413e-06
-0.000324268
-0.000385692
0.000110905
5.84606e-05
0.000114846
4.98156e-05
0.000114053
3.76463e-05
0.000106925
2.02969e-05
9.04899e-05
-1.14417e-06
6.94104e-05
-1.80667e-05
4.77718e-05
-2.6184e-05
2.89143e-05
-2.4024e-05
1.31307e-05
-1.32622e-05
2.69582e-06
5.95522e-06
-4.68636e-07
2.9299e-05
2.5275e-06
4.35637e-05
8.79949e-06
3.34651e-05
1.59664e-05
-5.45977e-06
2.01338e-05
-6.70449e-05
1.61459e-05
-0.000142253
5.25779e-06
-0.000224639
-5.68337e-06
-0.000313327
-0.000391375
0.000109131
4.9956e-05
0.000115083
4.38632e-05
0.000117309
3.54207e-05
0.000113821
2.37847e-05
0.000102755
9.92158e-06
8.63206e-05
-1.63227e-06
6.76664e-05
-7.52996e-06
4.98411e-05
-6.19876e-06
3.45636e-05
2.01504e-06
2.40876e-05
1.64313e-05
2.01799e-05
3.32066e-05
2.16773e-05
4.20663e-05
2.48323e-05
3.03101e-05
2.57345e-05
-6.36204e-06
2.10291e-05
-6.23396e-05
9.5005e-06
-0.000130725
-1.0373e-06
-0.000214101
-2.14955e-06
-0.000312215
-0.000393524
0.000103971
4.1972e-05
0.000110111
3.77233e-05
0.000113333
3.21995e-05
0.00011213
2.49873e-05
0.000105283
1.67683e-05
9.36697e-05
9.98124e-06
7.92831e-05
6.85658e-06
6.44173e-05
8.66708e-06
5.09621e-05
1.54703e-05
4.09849e-05
2.64088e-05
3.60502e-05
3.81412e-05
3.53148e-05
4.28016e-05
3.51003e-05
3.05245e-05
3.11598e-05
-2.42172e-06
2.08092e-05
-5.19892e-05
5.25431e-06
-0.00011517
-1.52603e-06
-0.00020732
4.49539e-06
-0.000318237
-0.000389029
9.7376e-05
3.48547e-05
0.000103044
3.20558e-05
0.000106432
2.88107e-05
0.00010651
2.49097e-05
0.000102481
2.07968e-05
9.46511e-05
1.78114e-05
8.41828e-05
1.73247e-05
7.26604e-05
2.01896e-05
6.16836e-05
2.64473e-05
5.29264e-05
3.51659e-05
4.76245e-05
4.34431e-05
4.5177e-05
4.52492e-05
4.24656e-05
3.32358e-05
3.57087e-05
4.33516e-06
2.29804e-05
-3.92609e-05
6.78701e-06
-9.89767e-05
4.77475e-06
-0.000205307
8.63391e-06
-0.000322096
-0.000380395
9.02994e-05
2.864e-05
9.53191e-05
2.70361e-05
9.85468e-05
2.55829e-05
9.92959e-05
2.41606e-05
9.70564e-05
2.30361e-05
9.19231e-05
2.29449e-05
8.45745e-05
2.46734e-05
7.6072e-05
2.86921e-05
6.76339e-05
3.48859e-05
6.0531e-05
4.22688e-05
5.56595e-05
4.83145e-05
5.25569e-05
4.83519e-05
4.88404e-05
3.69524e-05
4.1594e-05
1.15816e-05
2.96369e-05
-2.73037e-05
1.53399e-05
-8.46803e-05
1.36408e-05
-0.000203608
1.02644e-05
-0.00031872
-0.000370131
8.322e-05
2.32397e-05
8.76114e-05
2.26448e-05
9.05766e-05
2.26176e-05
9.16668e-05
2.30704e-05
9.05639e-05
2.41389e-05
8.73042e-05
2.62048e-05
8.23093e-05
2.96685e-05
7.63004e-05
3.47009e-05
7.01731e-05
4.10133e-05
6.48652e-05
4.75772e-05
6.10104e-05
5.21694e-05
5.82638e-05
5.10986e-05
5.49703e-05
4.02458e-05
4.923e-05
1.73218e-05
4.05425e-05
-1.86162e-05
3.02667e-05
-7.44048e-05
1.95862e-05
-0.000192928
1.09632e-05
-0.000310096
-0.000359168
7.63601e-05
1.85272e-05
8.02136e-05
1.87914e-05
8.29211e-05
1.99101e-05
8.41939e-05
2.17974e-05
8.38437e-05
2.4489e-05
8.1904e-05
2.81442e-05
7.8667e-05
3.29057e-05
7.46458e-05
3.87224e-05
7.05006e-05
4.51585e-05
6.69219e-05
5.11564e-05
6.43588e-05
5.47327e-05
6.25797e-05
5.28777e-05
6.05331e-05
4.22922e-05
5.71755e-05
2.06792e-05
5.25062e-05
-1.39467e-05
4.67566e-05
-6.86551e-05
2.71292e-05
-0.0001733
1.17073e-05
-0.000294674
-0.00034746
6.98006e-05
1.43767e-05
7.32218e-05
1.53701e-05
7.57191e-05
1.74129e-05
7.71111e-05
2.04052e-05
7.7296e-05
2.43041e-05
7.63214e-05
2.91186e-05
7.44127e-05
3.48145e-05
7.19557e-05
4.11798e-05
6.94455e-05
4.76687e-05
6.73897e-05
5.32123e-05
6.61034e-05
5.60192e-05
6.54265e-05
5.35545e-05
6.46897e-05
4.30289e-05
6.32765e-05
2.20921e-05
6.114e-05
-1.181e-05
5.70899e-05
-6.46047e-05
3.69874e-05
-0.000153198
1.2313e-05
-0.00027
-0.000335147
6.35469e-05
1.068e-05
6.6632e-05
1.22848e-05
6.89756e-05
1.50694e-05
7.04678e-05
1.89128e-05
7.10636e-05
2.37083e-05
7.08244e-05
2.93578e-05
6.99367e-05
3.57019e-05
6.8702e-05
4.24147e-05
6.74953e-05
4.88758e-05
6.66822e-05
5.40252e-05
6.64671e-05
5.62343e-05
6.67052e-05
5.33164e-05
6.6897e-05
4.28371e-05
6.64843e-05
2.25047e-05
6.49409e-05
-1.02664e-05
6.01158e-05
-5.97795e-05
4.19217e-05
-0.000135003
1.3869e-05
-0.000241947
-0.000321278
5.757e-05
7.35218e-06
6.0396e-05
9.45862e-06
6.26348e-05
1.28305e-05
6.42241e-05
1.73235e-05
6.51535e-05
2.27786e-05
6.54926e-05
2.90189e-05
6.53996e-05
3.57947e-05
6.51127e-05
4.27014e-05
6.4913e-05
4.90759e-05
6.50528e-05
5.38853e-05
6.56407e-05
5.56462e-05
6.65133e-05
5.24437e-05
6.72223e-05
4.21283e-05
6.71648e-05
2.25622e-05
6.54386e-05
-8.5403e-06
5.97371e-05
-5.4078e-05
4.3507e-05
-0.000118773
1.56529e-05
-0.000214093
-0.000305625
5.18328e-05
4.33115e-06
5.44558e-05
6.83569e-06
5.66254e-05
1.06607e-05
5.83095e-05
1.56395e-05
5.95175e-05
2.15704e-05
6.03191e-05
2.82175e-05
6.08477e-05
3.52661e-05
6.12891e-05
4.22596e-05
6.18482e-05
4.85169e-05
6.26865e-05
5.30471e-05
6.38346e-05
5.4498e-05
6.51035e-05
5.11747e-05
6.60658e-05
4.11662e-05
6.6099e-05
2.2529e-05
6.42193e-05
-6.66072e-06
5.84928e-05
-4.83516e-05
4.46801e-05
-0.000104961
1.69645e-05
-0.000186378
-0.000288661
4.63059e-05
1.57406e-06
4.87633e-05
4.37853e-06
5.08858e-05
8.53807e-06
5.26588e-05
1.38665e-05
5.41007e-05
2.01284e-05
5.52748e-05
2.70433e-05
5.62904e-05
3.42506e-05
5.72888e-05
4.12613e-05
5.84114e-05
4.7394e-05
5.9749e-05
5.17099e-05
6.1271e-05
5.29759e-05
6.27655e-05
4.96803e-05
6.38162e-05
4.01155e-05
6.38066e-05
2.25386e-05
6.18389e-05
-4.69311e-06
5.63814e-05
-4.28942e-05
4.48589e-05
-9.34387e-05
2.02071e-05
-0.000161726
-0.000268454
4.09757e-05
-9.47068e-07
4.32907e-05
2.06381e-06
4.53774e-05
6.45143e-06
4.72296e-05
1.20141e-05
4.88672e-05
1.84907e-05
5.03431e-05
2.55673e-05
5.17426e-05
3.2851e-05
5.3169e-05
3.98351e-05
5.47128e-05
4.58499e-05
5.64086e-05
5.00144e-05
5.8178e-05
5.12068e-05
5.97828e-05
4.80755e-05
6.07992e-05
3.90991e-05
6.06084e-05
2.27293e-05
5.8327e-05
-2.4119e-06
5.27021e-05
-3.72694e-05
4.19828e-05
-8.27195e-05
2.27645e-05
-0.000142508
-0.000245689
3.58481e-05
-3.24939e-06
3.80337e-05
-1.21716e-07
4.00882e-05
4.39708e-06
4.2008e-05
1.00942e-05
4.38091e-05
1.66896e-05
4.55318e-05
2.38445e-05
4.72392e-05
3.11435e-05
4.90026e-05
3.80719e-05
5.08727e-05
4.39798e-05
5.28406e-05
4.80467e-05
5.47881e-05
4.92594e-05
5.64459e-05
4.64177e-05
5.73608e-05
3.81841e-05
5.68753e-05
2.32147e-05
5.40663e-05
3.96934e-07
4.77352e-05
-3.09384e-05
3.65161e-05
-7.15004e-05
1.93479e-05
-0.00012534
-0.000226341
3.09478e-05
-5.34254e-06
3.30102e-05
-2.18405e-06
3.50315e-05
2.37594e-06
3.70067e-05
8.11895e-06
3.89448e-05
1.47515e-05
4.08728e-05
2.19163e-05
4.28344e-05
2.91819e-05
4.48749e-05
3.60315e-05
4.70155e-05
4.18392e-05
4.92157e-05
4.58465e-05
5.13242e-05
4.71509e-05
5.30394e-05
4.47025e-05
5.38701e-05
3.73532e-05
5.31039e-05
2.39808e-05
4.97716e-05
3.72922e-06
4.25925e-05
-2.37593e-05
3.01889e-05
-5.90968e-05
1.20881e-05
-0.000107239
-0.000214253
2.63146e-05
-7.23187e-06
2.82556e-05
-4.125e-06
3.02402e-05
3.91545e-07
3.22593e-05
6.09985e-06
3.43131e-05
1.26976e-05
3.64158e-05
1.98134e-05
3.85942e-05
2.70035e-05
4.08747e-05
3.37511e-05
4.32581e-05
3.94557e-05
4.56842e-05
4.34205e-05
4.79765e-05
4.48584e-05
4.98071e-05
4.28718e-05
5.06596e-05
3.65006e-05
4.98008e-05
2.48396e-05
4.62564e-05
7.27358e-06
3.88337e-05
-1.63366e-05
2.63481e-05
-4.6611e-05
9.83815e-06
-9.07291e-05
-0.000204415
2.19973e-05
-8.92127e-06
2.3817e-05
-5.94476e-06
2.57597e-05
-1.55116e-06
2.7812e-05
4.04747e-06
2.99642e-05
1.05454e-05
3.22183e-05
1.75591e-05
3.45877e-05
2.4634e-05
3.70852e-05
3.12536e-05
3.97002e-05
3.68406e-05
4.23639e-05
4.07567e-05
4.48849e-05
4.23373e-05
4.69228e-05
4.08339e-05
4.79631e-05
3.54603e-05
4.73056e-05
2.54971e-05
4.4084e-05
1.04952e-05
3.72686e-05
-9.5211e-06
2.60495e-05
-3.53918e-05
1.17353e-05
-7.64149e-05
-0.00019268
1.80467e-05
-1.04151e-05
1.97444e-05
-7.64248e-06
2.164e-05
-3.44694e-06
2.37155e-05
1.97177e-06
2.59503e-05
8.31059e-06
2.83357e-05
1.51737e-05
3.08775e-05
2.2092e-05
3.35775e-05
2.85538e-05
3.64189e-05
3.39992e-05
3.93334e-05
3.78422e-05
4.21236e-05
3.9547e-05
4.44631e-05
3.84945e-05
4.58783e-05
3.40451e-05
4.57416e-05
2.56338e-05
4.33775e-05
1.28592e-05
3.78765e-05
-4.02021e-06
2.85768e-05
-2.6092e-05
1.48317e-05
-6.26698e-05
-0.000177848
1.45075e-05
-1.17195e-05
1.60823e-05
-9.21722e-06
1.79261e-05
-5.29091e-06
2.00152e-05
-1.17496e-07
2.23164e-05
6.00946e-06
2.48104e-05
1.26797e-05
2.7506e-05
1.93964e-05
3.04047e-05
2.56552e-05
3.34734e-05
3.09305e-05
3.66402e-05
3.46754e-05
3.97144e-05
3.64728e-05
4.24214e-05
3.57873e-05
4.43753e-05
3.20912e-05
4.50947e-05
2.49143e-05
4.40839e-05
1.387e-05
4.07734e-05
-7.09822e-07
3.33501e-05
-1.86688e-05
1.94985e-05
-4.88182e-05
-0.000158349
1.14066e-05
-1.28429e-05
1.28579e-05
-1.06683e-05
1.46453e-05
-7.07836e-06
1.67397e-05
-2.21194e-06
1.90898e-05
3.65943e-06
2.16589e-05
1.01107e-05
2.4471e-05
1.65843e-05
2.75477e-05
2.25785e-05
3.08273e-05
2.76508e-05
3.42121e-05
3.12905e-05
3.75761e-05
3.31089e-05
4.07083e-05
3.26551e-05
4.33276e-05
2.94718e-05
4.51647e-05
2.30769e-05
4.6132e-05
1.29027e-05
4.52217e-05
2.00444e-07
3.97635e-05
-1.32107e-05
2.65437e-05
-3.55984e-05
-0.000131806
8.7394e-06
-1.37944e-05
1.00636e-05
-1.19924e-05
1.17878e-05
-8.80259e-06
1.38827e-05
-4.30687e-06
1.62692e-05
1.27294e-06
1.88701e-05
7.50986e-06
2.17377e-05
1.37167e-05
2.49322e-05
1.93841e-05
2.83767e-05
2.42064e-05
3.19315e-05
2.77355e-05
3.55234e-05
2.95168e-05
3.90469e-05
2.91316e-05
4.24132e-05
2.61054e-05
4.55807e-05
1.99092e-05
4.83808e-05
1.01025e-05
4.97361e-05
-1.15481e-06
4.71818e-05
-1.06565e-05
3.66563e-05
-2.50729e-05
-9.51494e-05
6.45541e-06
-1.45779e-05
7.63658e-06
-1.31736e-05
9.27792e-06
-1.04439e-05
1.13692e-05
-6.39829e-06
1.38002e-05
-1.1579e-06
1.64052e-05
4.905e-06
1.9268e-05
1.08539e-05
2.25143e-05
1.61376e-05
2.60322e-05
2.06887e-05
2.96614e-05
2.41063e-05
3.33137e-05
2.58644e-05
3.69877e-05
2.54573e-05
4.07974e-05
2.22957e-05
4.49577e-05
1.57488e-05
4.93151e-05
5.74493e-06
5.32386e-05
-5.07828e-06
5.51653e-05
-1.25832e-05
4.90565e-05
-1.89641e-05
-4.60929e-05
4.45214e-06
-1.51803e-05
5.44387e-06
-1.41654e-05
6.93852e-06
-1.19386e-05
8.99141e-06
-8.45125e-06
1.15028e-05
-3.66928e-06
1.41656e-05
2.24229e-06
1.70037e-05
8.01585e-06
2.0308e-05
1.28331e-05
2.38232e-05
1.71733e-05
2.73572e-05
2.05723e-05
3.08045e-05
2.24171e-05
3.41694e-05
2.20923e-05
3.76074e-05
1.88575e-05
4.15952e-05
1.1761e-05
4.71421e-05
1.98011e-07
5.44877e-05
-1.24239e-05
6.34784e-05
-2.15739e-05
6.49832e-05
-2.04689e-05
1.88903e-05
2.59937e-06
-1.5573e-05
3.30293e-06
-1.4869e-05
4.47594e-06
-1.31116e-05
6.30303e-06
-1.02783e-05
8.86861e-06
-6.23487e-06
1.18075e-05
-6.9664e-07
1.48432e-05
4.98018e-06
1.84025e-05
9.2739e-06
2.19263e-05
1.36494e-05
2.52382e-05
1.72603e-05
2.82261e-05
1.94292e-05
3.07917e-05
1.95266e-05
3.29171e-05
1.67322e-05
3.5103e-05
9.57507e-06
3.93818e-05
-4.08078e-06
4.94499e-05
-2.24921e-05
7.15874e-05
-4.37115e-05
9.8936e-05
-4.78175e-05
0.000117826
8.09445e-07
1.0843e-06
1.61026e-06
2.59292e-06
4.52054e-06
8.0608e-06
1.29494e-05
1.71442e-05
2.07442e-05
2.38601e-05
2.63938e-05
2.8116e-05
2.86081e-05
2.68721e-05
2.27218e-05
2.33004e-05
4.69264e-05
0.000126065
)
;

boundaryField
{
    leftWall
    {
        type            calculated;
        value           uniform 0;
    }
    rightWall
    {
        type            calculated;
        value           uniform 0;
    }
    lowerWall
    {
        type            calculated;
        value           uniform 0;
    }
    atmosphere
    {
        type            calculated;
        value           nonuniform List<scalar> 
46
(
1.30979e-05
9.7701e-06
8.0682e-06
6.84301e-06
5.79669e-06
4.84075e-06
3.93408e-06
3.04316e-06
2.13655e-06
1.18525e-06
1.48585e-07
-7.94181e-07
-1.78513e-06
-2.83702e-06
-3.95132e-06
-5.12186e-06
-6.33643e-06
-7.57582e-06
-8.81248e-06
-1.00096e-05
-1.11204e-05
-1.20881e-05
-1.28484e-05
-6.25799e-06
-6.36383e-06
-6.46815e-06
-6.56311e-06
-1.57083e-05
-1.51439e-05
-1.36375e-05
-1.12609e-05
-8.16245e-06
-4.23688e-06
9.15009e-08
5.07904e-06
1.00494e-05
1.41442e-05
1.68955e-05
1.78044e-05
1.62401e-05
1.13111e-05
6.95268e-08
-2.30707e-05
-6.73376e-05
-0.000126956
0.000243892
)
;
    }
    defaultFaces
    {
        type            empty;
        value           nonuniform List<scalar> 0();
    }
}


// ************************************************************************* //
