/*--------------------------------*- C++ -*----------------------------------*\
| =========                 |                                                 |
| \\      /  F ield         | OpenFOAM: The Open Source CFD Toolbox           |
|  \\    /   O peration     | Version:  v2012                                 |
|   \\  /    A nd           | Website:  www.openfoam.com                      |
|    \\/     M anipulation  |                                                 |
\*---------------------------------------------------------------------------*/
FoamFile
{
    version     2.0;
    format      ascii;
    class       volVectorField;
    location    "0.8";
    object      U;
}
// * * * * * * * * * * * * * * * * * * * * * * * * * * * * * * * * * * * * * //

dimensions      [0 1 -1 0 0 0 0];


internalField   nonuniform List<vector> 
2268
(
(-0.0353297 0.0173492 0)
(-0.0911751 0.0153517 0)
(-0.130729 0.00763589 0)
(-0.151123 0.00395405 0)
(-0.166281 0.0029937 0)
(-0.179206 0.0029158 0)
(-0.191362 0.00288487 0)
(-0.20243 0.00266222 0)
(-0.211923 0.00223081 0)
(-0.219384 0.00163958 0)
(-0.224554 0.00094906 0)
(-0.227334 0.000207181 0)
(-0.227548 -0.000510049 0)
(-0.225231 -0.00114378 0)
(-0.220795 -0.00162044 0)
(-0.214457 -0.0019182 0)
(-0.205923 -0.00202464 0)
(-0.194658 -0.00216303 0)
(-0.181414 -0.00285116 0)
(-0.162173 -0.006744 0)
(-0.126759 -0.0145191 0)
(-0.0734227 -0.021451 0)
(-0.0201274 -0.0169902 0)
(-0.0497259 0.0439786 0)
(-0.096996 0.0361639 0)
(-0.126083 0.0205752 0)
(-0.145398 0.0128868 0)
(-0.163071 0.0103889 0)
(-0.179322 0.00953386 0)
(-0.194105 0.00877443 0)
(-0.206863 0.00768456 0)
(-0.217247 0.00625929 0)
(-0.225053 0.00460852 0)
(-0.230268 0.00286114 0)
(-0.233039 0.00109123 0)
(-0.233563 -0.000665289 0)
(-0.231759 -0.0023753 0)
(-0.227393 -0.0039931 0)
(-0.220434 -0.00557891 0)
(-0.210485 -0.00740635 0)
(-0.196271 -0.0100436 0)
(-0.17562 -0.0140459 0)
(-0.145777 -0.0217631 0)
(-0.104177 -0.0325269 0)
(-0.0540102 -0.0394854 0)
(-0.0116942 -0.0291793 0)
(-0.0480112 0.0743552 0)
(-0.0836183 0.0536399 0)
(-0.111942 0.0318517 0)
(-0.134641 0.0220939 0)
(-0.155355 0.0187518 0)
(-0.174076 0.0171443 0)
(-0.190661 0.0154361 0)
(-0.204734 0.0132311 0)
(-0.216119 0.010601 0)
(-0.224742 0.00773119 0)
(-0.230666 0.00482273 0)
(-0.23407 0.00197501 0)
(-0.23507 -0.000855092 0)
(-0.233536 -0.00371295 0)
(-0.22924 -0.00657461 0)
(-0.222022 -0.00953899 0)
(-0.211421 -0.0131542 0)
(-0.196085 -0.0184297 0)
(-0.17353 -0.0264814 0)
(-0.141018 -0.0390516 0)
(-0.0966627 -0.0544138 0)
(-0.043754 -0.0616932 0)
(-0.00134749 -0.0404665 0)
(-0.0422716 0.102907 0)
(-0.0719876 0.0697437 0)
(-0.101252 0.0441034 0)
(-0.126474 0.0328696 0)
(-0.14979 0.0285116 0)
(-0.17064 0.025841 0)
(-0.188715 0.0229189 0)
(-0.203788 0.0194083 0)
(-0.215849 0.0154409 0)
(-0.224943 0.0112542 0)
(-0.231223 0.00710136 0)
(-0.234931 0.00308356 0)
(-0.236188 -0.000923391 0)
(-0.234834 -0.0050471 0)
(-0.230616 -0.0092766 0)
(-0.223351 -0.0137617 0)
(-0.212635 -0.0193024 0)
(-0.197231 -0.0273207 0)
(-0.174874 -0.0394214 0)
(-0.1428 -0.0572486 0)
(-0.0980236 -0.0783531 0)
(-0.0417651 -0.0866405 0)
(0.00492508 -0.0474116 0)
(-0.0354077 0.127261 0)
(-0.062032 0.0849345 0)
(-0.0925585 0.0571879 0)
(-0.120122 0.044925 0)
(-0.145954 0.0394533 0)
(-0.168787 0.0354287 0)
(-0.188182 0.0310126 0)
(-0.204068 0.0259908 0)
(-0.216599 0.0205469 0)
(-0.22594 0.0149536 0)
(-0.232352 0.00950836 0)
(-0.236178 0.00429904 0)
(-0.237577 -0.000907123 0)
(-0.236353 -0.00633569 0)
(-0.232232 -0.0119738 0)
(-0.225107 -0.0179857 0)
(-0.214754 -0.02539 0)
(-0.20019 -0.0360203 0)
(-0.179531 -0.0519315 0)
(-0.150141 -0.0750496 0)
(-0.107788 -0.102792 0)
(-0.0512139 -0.113347 0)
(-0.000392599 -0.0517123 0)
(-0.027796 0.14764 0)
(-0.0528062 0.099704 0)
(-0.0852256 0.071209 0)
(-0.115448 0.0582531 0)
(-0.143845 0.0515046 0)
(-0.168549 0.045791 0)
(-0.189099 0.0395809 0)
(-0.205617 0.0328355 0)
(-0.218421 0.0257757 0)
(-0.227801 0.0186948 0)
(-0.234149 0.0119331 0)
(-0.237943 0.00554907 0)
(-0.239394 -0.000837478 0)
(-0.238261 -0.00756495 0)
(-0.23426 -0.0145863 0)
(-0.22743 -0.0220161 0)
(-0.21784 -0.0310412 0)
(-0.204851 -0.0438826 0)
(-0.187046 -0.0630148 0)
(-0.162217 -0.0908326 0)
(-0.125711 -0.125051 0)
(-0.0757193 -0.139829 0)
(-0.0282202 -0.0640954 0)
(-0.0195546 0.1637 0)
(-0.0440299 0.114689 0)
(-0.0791556 0.0866637 0)
(-0.112566 0.0731176 0)
(-0.143587 0.0647581 0)
(-0.170018 0.0569327 0)
(-0.19152 0.0485848 0)
(-0.208446 0.0398748 0)
(-0.221288 0.0310391 0)
(-0.230477 0.0223823 0)
(-0.236564 0.0142911 0)
(-0.240188 0.00677651 0)
(-0.241615 -0.000744037 0)
(-0.240541 -0.00873975 0)
(-0.236677 -0.0170786 0)
(-0.230268 -0.0257363 0)
(-0.22176 -0.0360157 0)
(-0.2109 -0.0505151 0)
(-0.19675 -0.0720825 0)
(-0.177613 -0.103409 0)
(-0.149489 -0.142536 0)
(-0.11445 -0.166037 0)
(-0.0806718 -0.102192 0)
(-0.010794 0.178785 0)
(-0.035202 0.130233 0)
(-0.0743413 0.103373 0)
(-0.111573 0.0892718 0)
(-0.14521 0.0790165 0)
(-0.17316 0.0687331 0)
(-0.195349 0.0579499 0)
(-0.212393 0.0470445 0)
(-0.22498 0.0362684 0)
(-0.233721 0.0259453 0)
(-0.239358 0.0165228 0)
(-0.242698 0.00794441 0)
(-0.24404 -0.000649323 0)
(-0.242997 -0.00987774 0)
(-0.239281 -0.0194476 0)
(-0.233396 -0.0290775 0)
(-0.226218 -0.0401533 0)
(-0.217898 -0.0557137 0)
(-0.207876 -0.0789345 0)
(-0.194649 -0.112511 0)
(-0.175267 -0.1551 0)
(-0.157788 -0.193108 0)
(-0.137709 -0.165801 0)
(0.247858 -0.103007 0)
(-0.171258 0.120431 0)
(-0.768151 0.129178 0)
(-1.0996 0.0635875 0)
(-1.19047 0.00792401 0)
(-1.17565 -0.00625915 0)
(-1.17422 -0.000232347 0)
(-1.18204 -0.00102203 0)
(-1.18077 -0.0102584 0)
(-1.13758 -0.0249465 0)
(-1.04379 -0.0407602 0)
(-0.89464 -0.0558253 0)
(-0.713367 -0.0621732 0)
(-0.546695 -0.0532441 0)
(-0.411156 -0.0455399 0)
(-0.270813 -0.0521229 0)
(-0.107218 -0.0577432 0)
(0.0379507 -0.0396681 0)
(0.116339 0.017938 0)
(-0.141474 0.0723792 0)
(-0.613591 0.327128 0)
(-1.11931 0.273586 0)
(-1.19097 0.115686 0)
(-1.15475 0.0116505 0)
(-1.13636 -0.0149459 0)
(-1.13063 -0.00262794 0)
(-1.13475 0.000805946 0)
(-1.12495 -0.0129215 0)
(-1.09153 -0.0395237 0)
(-1.01568 -0.0723878 0)
(-0.890986 -0.104193 0)
(-0.735075 -0.117874 0)
(-0.591237 -0.0989861 0)
(-0.476668 -0.0842431 0)
(-0.355636 -0.0985507 0)
(-0.206046 -0.108704 0)
(-0.0607753 -0.0715254 0)
(0.0708824 0.044153 0)
(-0.316656 0.254004 0)
(-0.783592 0.501539 0)
(-1.07279 0.351352 0)
(-1.06297 0.11906 0)
(-1.05178 0.0013629 0)
(-1.04026 -0.0234125 0)
(-1.04349 -0.00537446 0)
(-1.05276 -0.000480425 0)
(-1.05378 -0.0206901 0)
(-1.02868 -0.0603305 0)
(-0.964786 -0.109756 0)
(-0.858019 -0.155931 0)
(-0.722279 -0.17486 0)
(-0.601217 -0.145133 0)
(-0.511487 -0.124363 0)
(-0.412544 -0.1483 0)
(-0.278391 -0.169665 0)
(-0.130699 -0.123194 0)
(-0.00572114 0.0292416 0)
(-0.362492 0.46091 0)
(-0.768741 0.642708 0)
(-0.921706 0.392482 0)
(-0.909405 0.118238 0)
(-0.896068 -0.00486521 0)
(-0.89582 -0.0259604 0)
(-0.929212 0.00155931 0)
(-0.960903 0.00815403 0)
(-0.980172 -0.0219576 0)
(-0.964073 -0.0786114 0)
(-0.905917 -0.145093 0)
(-0.809919 -0.205223 0)
(-0.690046 -0.227877 0)
(-0.593847 -0.184608 0)
(-0.533285 -0.157334 0)
(-0.457585 -0.193707 0)
(-0.335907 -0.230279 0)
(-0.184818 -0.186006 0)
(-0.0490959 -0.0120049 0)
(-0.338006 0.66813 0)
(-0.652904 0.757467 0)
(-0.701866 0.433569 0)
(-0.719438 0.133715 0)
(-0.683137 -0.00453543 0)
(-0.688188 -0.0172945 0)
(-0.769759 0.0242446 0)
(-0.847052 0.0262823 0)
(-0.898578 -0.0204477 0)
(-0.897314 -0.0929303 0)
(-0.839214 -0.173637 0)
(-0.747054 -0.247284 0)
(-0.638439 -0.273782 0)
(-0.571991 -0.212098 0)
(-0.544446 -0.178702 0)
(-0.493169 -0.232172 0)
(-0.379713 -0.288354 0)
(-0.221915 -0.25461 0)
(-0.0670148 -0.066083 0)
(-0.287428 0.844501 0)
(-0.492182 0.831635 0)
(-0.411977 0.465821 0)
(-0.466358 0.142015 0)
(-0.413027 -0.0118563 0)
(-0.39088 -0.00493896 0)
(-0.520894 0.0617259 0)
(-0.670605 0.0535509 0)
(-0.773795 -0.00519091 0)
(-0.817887 -0.0991251 0)
(-0.75875 -0.196934 0)
(-0.667094 -0.278231 0)
(-0.566844 -0.307755 0)
(-0.538037 -0.225406 0)
(-0.544339 -0.18784 0)
(-0.516839 -0.263703 0)
(-0.411695 -0.345227 0)
(-0.249498 -0.328258 0)
(-0.0751881 -0.12764 0)
(-0.234923 0.969006 0)
(-0.314974 0.843792 0)
(-0.110991 0.467754 0)
(-0.15046 0.13725 0)
(-0.0591471 -0.0303105 0)
(-0.0286613 0.00624988 0)
(-0.1462 0.117783 0)
(-0.366876 0.123032 0)
(-0.537522 0.065293 0)
(-0.675116 -0.101907 0)
(-0.64991 -0.243434 0)
(-0.563968 -0.311721 0)
(-0.474303 -0.331341 0)
(-0.491639 -0.224362 0)
(-0.529507 -0.188275 0)
(-0.521785 -0.291176 0)
(-0.428699 -0.400578 0)
(-0.271016 -0.406279 0)
(-0.0851161 -0.196315 0)
(-0.187616 1.0527 0)
(-0.14476 0.807709 0)
(0.132554 0.43387 0)
(0.189831 0.124706 0)
(0.307258 -0.0563516 0)
(0.26998 0.017846 0)
(0.183355 0.18291 0)
(0.0406225 0.256921 0)
(-0.27099 0.158694 0)
(-0.518543 -0.0634887 0)
(-0.533064 -0.263951 0)
(-0.438457 -0.358781 0)
(-0.364997 -0.354588 0)
(-0.415955 -0.203307 0)
(-0.489633 -0.17319 0)
(-0.500119 -0.316257 0)
(-0.424839 -0.456714 0)
(-0.282845 -0.488356 0)
(-0.0986521 -0.27459 0)
(-0.000549251 0.166999 0)
(-0.0241512 0.141371 0)
(-0.0700185 0.123669 0)
(-0.112997 0.111466 0)
(-0.150117 0.099591 0)
(-0.179901 0.086314 0)
(-0.202609 0.0721547 0)
(-0.219252 0.0579447 0)
(-0.23092 0.0441256 0)
(-0.238581 0.0311771 0)
(-0.243298 0.0197294 0)
(-0.246114 0.00962476 0)
(-0.247276 -0.000557899 0)
(-0.246212 -0.0116833 0)
(-0.24271 -0.022999 0)
(-0.237761 -0.0335856 0)
(-0.233008 -0.0449363 0)
(-0.229208 -0.0609698 0)
(-0.226252 -0.0850603 0)
(-0.222771 -0.119544 0)
(-0.217755 -0.163954 0)
(-0.221192 -0.211532 0)
(-0.21581 -0.226273 0)
(-0.0107948 0.177939 0)
(-0.0340038 0.170376 0)
(-0.0818204 0.157058 0)
(-0.125906 0.141234 0)
(-0.163584 0.122767 0)
(-0.192363 0.103258 0)
(-0.212391 0.0842777 0)
(-0.225573 0.0665082 0)
(-0.233861 0.0499646 0)
(-0.238927 0.0349572 0)
(-0.242325 0.0221338 0)
(-0.244926 0.0110028 0)
(-0.24605 -0.00068701 0)
(-0.2447 -0.0140218 0)
(-0.241311 -0.0267871 0)
(-0.238101 -0.0368474 0)
(-0.237925 -0.0456742 0)
(-0.241784 -0.0587324 0)
(-0.250265 -0.0787533 0)
(-0.264033 -0.107508 0)
(-0.286134 -0.144587 0)
(-0.331748 -0.183773 0)
(-0.406132 -0.193447 0)
(-0.0791002 0.237008 0)
(-0.0337349 0.200963 0)
(-0.0793748 0.183337 0)
(-0.122377 0.164997 0)
(-0.163818 0.14264 0)
(-0.19494 0.118692 0)
(-0.215412 0.0952385 0)
(-0.227899 0.0736545 0)
(-0.234818 0.0542512 0)
(-0.238763 0.0374934 0)
(-0.241781 0.0238912 0)
(-0.243581 0.0121264 0)
(-0.24206 -0.00116475 0)
(-0.237209 -0.0163784 0)
(-0.232365 -0.0297632 0)
(-0.231926 -0.0390029 0)
(-0.23981 -0.0441614 0)
(-0.252101 -0.0520249 0)
(-0.270448 -0.0643283 0)
(-0.298438 -0.0818901 0)
(-0.336249 -0.102938 0)
(-0.389533 -0.120793 0)
(-0.443243 -0.133589 0)
(-0.0194191 0.309873 0)
(0.00851723 0.284553 0)
(-0.033588 0.316658 0)
(-0.0597525 0.30129 0)
(-0.0968235 0.252029 0)
(-0.140373 0.179931 0)
(-0.177149 0.121285 0)
(-0.200296 0.0841687 0)
(-0.213816 0.0586715 0)
(-0.222168 0.0397672 0)
(-0.227958 0.0254796 0)
(-0.230105 0.0130995 0)
(-0.227089 -0.00191722 0)
(-0.222346 -0.0172523 0)
(-0.220711 -0.0292362 0)
(-0.22641 -0.0360011 0)
(-0.257422 -0.0346753 0)
(-0.276084 -0.0413208 0)
(-0.300787 -0.0451629 0)
(-0.342686 -0.0580078 0)
(-0.39537 -0.0778988 0)
(-0.46111 -0.0938985 0)
(-0.493563 -0.12837 0)
(0.0120155 0.259431 0)
(0.0257682 0.254797 0)
(0.0159143 0.277236 0)
(0.0163023 0.275857 0)
(0.0114948 0.258353 0)
(-0.00234383 0.227237 0)
(-0.0266849 0.184495 0)
(-0.0562202 0.136038 0)
(-0.0856491 0.0926517 0)
(-0.112489 0.0615741 0)
(-0.136152 0.038899 0)
(-0.157639 0.0158574 0)
(-0.179173 -0.00940125 0)
(-0.202548 -0.0266396 0)
(-0.229011 -0.0282291 0)
(-0.256856 -0.00851503 0)
(-0.276526 0.0322706 0)
(-0.280144 -0.0313436 0)
(-0.30633 -0.0162792 0)
(-0.351041 -0.0196917 0)
(-0.44711 -0.0397151 0)
(-0.59492 -0.0648046 0)
(-0.630662 -0.189806 0)
(0.00856194 0.227817 0)
(0.0204384 0.239614 0)
(0.0311007 0.250605 0)
(0.0463448 0.249156 0)
(0.0572005 0.236216 0)
(0.0593767 0.213933 0)
(0.0499563 0.184009 0)
(0.029795 0.149695 0)
(0.00240529 0.116529 0)
(-0.0284645 0.0893328 0)
(-0.0602281 0.068053 0)
(-0.0928632 0.0497907 0)
(-0.128655 0.0338484 0)
(-0.170308 0.0230934 0)
(-0.217622 0.0193867 0)
(-0.267503 0.023377 0)
(-0.321297 0.0316776 0)
(-0.398565 0.0397716 0)
(-0.50952 0.10049 0)
(-0.663535 0.183693 0)
(-0.839417 0.224323 0)
(-0.913486 0.130407 0)
(-0.819505 -0.16765 0)
(0.00563487 0.220355 0)
(0.0180782 0.233515 0)
(0.0340174 0.2388 0)
(0.052218 0.2371 0)
(0.0671595 0.227466 0)
(0.0756865 0.211161 0)
(0.0756305 0.190073 0)
(0.065875 0.166167 0)
(0.0469184 0.14189 0)
(0.0208207 0.120022 0)
(-0.0101396 0.101885 0)
(-0.0452231 0.0873404 0)
(-0.0855426 0.0767312 0)
(-0.132599 0.0720635 0)
(-0.186544 0.0757735 0)
(-0.247045 0.0888435 0)
(-0.318171 0.111331 0)
(-0.410541 0.147226 0)
(-0.523559 0.211221 0)
(-0.651883 0.268304 0)
(-0.786335 0.244297 0)
(-0.855016 0.0576175 0)
(-0.837956 -0.250187 0)
(0.00660074 0.20886 0)
(0.0190711 0.220532 0)
(0.0343487 0.222868 0)
(0.0508786 0.221851 0)
(0.0653723 0.216268 0)
(0.0754886 0.206465 0)
(0.0794943 0.193281 0)
(0.0760397 0.177757 0)
(0.0645078 0.161407 0)
(0.0453784 0.146147 0)
(0.0197219 0.133497 0)
(-0.0118681 0.124422 0)
(-0.049659 0.120099 0)
(-0.0941947 0.12248 0)
(-0.145657 0.133939 0)
(-0.204384 0.156679 0)
(-0.272662 0.193305 0)
(-0.353585 0.248246 0)
(-0.442056 0.321602 0)
(-0.531726 0.374631 0)
(-0.625963 0.322973 0)
(-0.709575 0.0890865 0)
(-0.749291 -0.263492 0)
(0.0070165 0.195453 0)
(0.018806 0.205769 0)
(0.0324936 0.206879 0)
(0.0467139 0.206534 0)
(0.0596093 0.20383 0)
(0.0695245 0.19871 0)
(0.0750955 0.191527 0)
(0.0751689 0.182883 0)
(0.0689261 0.173743 0)
(0.0561116 0.165421 0)
(0.0369394 0.159264 0)
(0.0116426 0.156546 0)
(-0.0197803 0.158755 0)
(-0.0573607 0.167829 0)
(-0.100955 0.186086 0)
(-0.150382 0.216157 0)
(-0.205793 0.261104 0)
(-0.266488 0.323694 0)
(-0.327362 0.399226 0)
(-0.384527 0.453339 0)
(-0.450171 0.410925 0)
(-0.547218 0.187597 0)
(-0.664631 -0.186162 0)
(0.00625013 0.183737 0)
(0.0168949 0.192721 0)
(0.0289734 0.193505 0)
(0.041162 0.193688 0)
(0.0524271 0.192791 0)
(0.0616549 0.190737 0)
(0.0678353 0.187734 0)
(0.070061 0.184199 0)
(0.0675887 0.180795 0)
(0.0599592 0.178449 0)
(0.047015 0.178257 0)
(0.0287605 0.181449 0)
(0.00525022 0.189486 0)
(-0.023323 0.204169 0)
(-0.0564797 0.227623 0)
(-0.0934608 0.262278 0)
(-0.133145 0.310611 0)
(-0.173433 0.373759 0)
(-0.210437 0.446076 0)
(-0.242702 0.50194 0)
(-0.284424 0.484716 0)
(-0.373067 0.319798 0)
(-0.546095 -0.0226187 0)
(0.0050568 0.173806 0)
(0.0143118 0.181377 0)
(0.024811 0.182157 0)
(0.0353115 0.182786 0)
(0.0451942 0.183103 0)
(0.0537111 0.183116 0)
(0.0601476 0.183008 0)
(0.0638287 0.183111 0)
(0.0641661 0.183933 0)
(0.0607299 0.18618 0)
(0.053287 0.190741 0)
(0.0417774 0.198682 0)
(0.0262962 0.211288 0)
(0.00715324 0.230107 0)
(-0.0149912 0.25694 0)
(-0.0390242 0.293742 0)
(-0.0633018 0.34225 0)
(-0.0854469 0.402663 0)
(-0.102628 0.470076 0)
(-0.114694 0.527252 0)
(-0.133001 0.536981 0)
(-0.194657 0.443335 0)
(-0.349958 0.19597 0)
(0.00384367 0.16568 0)
(0.0116984 0.171586 0)
(0.0207443 0.172319 0)
(0.0298684 0.173241 0)
(0.0386544 0.174351 0)
(0.046587 0.17574 0)
(0.0531726 0.177591 0)
(0.0579355 0.180192 0)
(0.0604555 0.183961 0)
(0.0604159 0.189468 0)
(0.0576414 0.197437 0)
(0.0521122 0.208753 0)
(0.0439833 0.224479 0)
(0.0336482 0.245866 0)
(0.0218524 0.274321 0)
(0.00981427 0.311298 0)
(-0.000704384 0.357913 0)
(-0.00742073 0.41394 0)
(-0.00812826 0.475659 0)
(-0.0028952 0.532109 0)
(0.000899819 0.560909 0)
(-0.022603 0.526483 0)
(-0.119184 0.387418 0)
(0.00280517 0.159242 0)
(0.00941634 0.163306 0)
(0.0171985 0.163795 0)
(0.0252113 0.164786 0)
(0.0331496 0.166325 0)
(0.0406474 0.168541 0)
(0.0473683 0.171618 0)
(0.0529961 0.175813 0)
(0.0572606 0.181479 0)
(0.0599734 0.189083 0)
(0.0610595 0.199212 0)
(0.0605802 0.21258 0)
(0.0587623 0.230032 0)
(0.0560571 0.252526 0)
(0.0532391 0.28109 0)
(0.0515122 0.316703 0)
(0.0525526 0.359991 0)
(0.0584094 0.41054 0)
(0.0709764 0.465612 0)
(0.0905695 0.518315 0)
(0.113159 0.555683 0)
(0.124192 0.557669 0)
(0.0945415 0.500092 0)
(0.00203126 0.154157 0)
(0.00762886 0.156347 0)
(0.0143669 0.156376 0)
(0.0214985 0.157204 0)
(0.0287928 0.158855 0)
(0.0359834 0.161457 0)
(0.0428467 0.165182 0)
(0.0491881 0.170255 0)
(0.0548592 0.176971 0)
(0.0597851 0.185709 0)
(0.0639895 0.196938 0)
(0.0676163 0.211218 0)
(0.0709556 0.229193 0)
(0.0744932 0.251564 0)
(0.078989 0.279033 0)
(0.0855619 0.312181 0)
(0.0957101 0.351247 0)
(0.111196 0.395676 0)
(0.133669 0.443374 0)
(0.163802 0.489794 0)
(0.199874 0.52713 0)
(0.23441 0.54426 0)
(0.253108 0.527971 0)
(0.00152399 0.150052 0)
(0.00635367 0.150432 0)
(0.0122801 0.149824 0)
(0.0187398 0.15029 0)
(0.0255575 0.151791 0)
(0.0325394 0.154429 0)
(0.0395453 0.15835 0)
(0.046472 0.16374 0)
(0.0532648 0.17084 0)
(0.0599374 0.179951 0)
(0.0665927 0.191435 0)
(0.0734394 0.205716 0)
(0.0808109 0.223264 0)
(0.0892017 0.244565 0)
(0.0993246 0.270057 0)
(0.112173 0.300022 0)
(0.129025 0.334412 0)
(0.151331 0.372561 0)
(0.180454 0.412756 0)
(0.21714 0.451756 0)
(0.260818 0.484475 0)
(0.307822 0.504172 0)
(0.35159 0.503704 0)
(0.0012496 0.146583 0)
(0.00554506 0.145269 0)
(0.0108839 0.143906 0)
(0.0168591 0.143863 0)
(0.0233365 0.145013 0)
(0.0301801 0.147416 0)
(0.0373144 0.151183 0)
(0.0447053 0.156461 0)
(0.0523665 0.163437 0)
(0.060376 0.172341 0)
(0.0688913 0.183443 0)
(0.0781622 0.197047 0)
(0.0885429 0.213476 0)
(0.100513 0.233045 0)
(0.114716 0.25599 0)
(0.132002 0.282384 0)
(0.153421 0.311991 0)
(0.18012 0.344083 0)
(0.213152 0.377197 0)
(0.253145 0.408877 0)
(0.299912 0.435571 0)
(0.351609 0.452892 0)
(0.405328 0.456763 0)
(0.001172 0.143449 0)
(0.0051441 0.140597 0)
(0.0100921 0.138419 0)
(0.0157399 0.137772 0)
(0.0219818 0.138428 0)
(0.0287315 0.140397 0)
(0.0359659 0.143752 0)
(0.0437023 0.148599 0)
(0.0520031 0.155076 0)
(0.0609884 0.16335 0)
(0.0708484 0.173611 0)
(0.0818521 0.186064 0)
(0.0943533 0.200915 0)
(0.1088 0.21834 0)
(0.125755 0.238434 0)
(0.145923 0.26113 0)
(0.170141 0.286089 0)
(0.199283 0.312577 0)
(0.234115 0.339328 0)
(0.275068 0.364413 0)
(0.322031 0.385236 0)
(0.373875 0.398829 0)
(0.4295 0.40282 0)
(0.00125642 0.140397 0)
(0.00508855 0.136196 0)
(0.0098055 0.133199 0)
(0.015247 0.131905 0)
(0.021328 0.131978 0)
(0.0280058 0.133377 0)
(0.0352997 0.136136 0)
(0.0432658 0.140325 0)
(0.0519992 0.146038 0)
(0.061645 0.153387 0)
(0.0724079 0.162498 0)
(0.0845585 0.173496 0)
(0.0984347 0.186493 0)
(0.114442 0.201564 0)
(0.13306 0.218705 0)
(0.15486 0.237765 0)
(0.180485 0.258365 0)
(0.210583 0.279809 0)
(0.245677 0.301007 0)
(0.286003 0.320425 0)
(0.331399 0.336114 0)
(0.38101 0.346001 0)
(0.434536 0.348683 0)
(0.00146523 0.137219 0)
(0.0053064 0.131898 0)
(0.00991379 0.128128 0)
(0.0152355 0.126183 0)
(0.0212032 0.125628 0)
(0.0278131 0.126372 0)
(0.0351188 0.128417 0)
(0.0432043 0.131798 0)
(0.0521855 0.136572 0)
(0.0622198 0.142808 0)
(0.0735129 0.150579 0)
(0.0863248 0.159947 0)
(0.100967 0.170957 0)
(0.117799 0.18361 0)
(0.137221 0.197838 0)
(0.159684 0.213449 0)
(0.185671 0.230064 0)
(0.21564 0.247056 0)
(0.249926 0.263504 0)
(0.288606 0.278187 0)
(0.331443 0.289636 0)
(0.377698 0.296385 0)
(0.42743 0.297601 0)
(0.00175468 0.133763 0)
(0.00571184 0.127577 0)
(0.0102964 0.12312 0)
(0.0155554 0.120556 0)
(0.0214369 0.119363 0)
(0.0279711 0.119412 0)
(0.0352383 0.120675 0)
(0.0433416 0.123161 0)
(0.0524089 0.126896 0)
(0.0626006 0.131915 0)
(0.0741151 0.138248 0)
(0.0871935 0.145914 0)
(0.102117 0.154907 0)
(0.119196 0.165182 0)
(0.138763 0.176631 0)
(0.161168 0.189049 0)
(0.186759 0.202085 0)
(0.215848 0.215199 0)
(0.248626 0.227635 0)
(0.285054 0.238432 0)
(0.324839 0.246494 0)
(0.367301 0.250791 0)
(0.412663 0.250839 0)
(0.00207604 0.129941 0)
(0.0062114 0.123151 0)
(0.0108292 0.118121 0)
(0.0160598 0.114993 0)
(0.0218678 0.11318 0)
(0.0283116 0.112527 0)
(0.0354913 0.112984 0)
(0.0435222 0.114539 0)
(0.0525376 0.117194 0)
(0.0626946 0.120956 0)
(0.0741791 0.125827 0)
(0.0872095 0.131794 0)
(0.102034 0.138816 0)
(0.118919 0.14682 0)
(0.138138 0.155679 0)
(0.159959 0.165193 0)
(0.18463 0.175054 0)
(0.212345 0.184819 0)
(0.24319 0.193887 0)
(0.277048 0.201523 0)
(0.313597 0.206927 0)
(0.352195 0.209396 0)
(0.393131 0.208683 0)
(0.00238342 0.12573 0)
(0.00671628 0.118574 0)
(0.0113963 0.113099 0)
(0.0166147 0.109477 0)
(0.0223518 0.107084 0)
(0.0286871 0.105749 0)
(0.0357345 0.105409 0)
(0.0436156 0.106037 0)
(0.0524641 0.107616 0)
(0.0624298 0.110135 0)
(0.073684 0.113572 0)
(0.0864211 0.117894 0)
(0.100856 0.123042 0)
(0.117217 0.128924 0)
(0.135728 0.135412 0)
(0.156595 0.142321 0)
(0.17999 0.149394 0)
(0.206023 0.15628 0)
(0.234706 0.162526 0)
(0.26587 0.167595 0)
(0.299185 0.170929 0)
(0.334045 0.172085 0)
(0.37076 0.170994 0)
(0.00264287 0.121162 0)
(0.00715474 0.113837 0)
(0.0119018 0.108042 0)
(0.0171091 0.104003 0)
(0.0227697 0.101084 0)
(0.0289769 0.0991075 0)
(0.035852 0.0980056 0)
(0.0435184 0.0977404 0)
(0.0521061 0.0982842 0)
(0.0617559 0.0996092 0)
(0.0726234 0.101681 0)
(0.0848797 0.104451 0)
(0.0987102 0.10785 0)
(0.114307 0.111784 0)
(0.131854 0.116129 0)
(0.151513 0.120725 0)
(0.173401 0.125365 0)
(0.197573 0.129787 0)
(0.22399 0.133669 0)
(0.252458 0.136648 0)
(0.282648 0.138371 0)
(0.314 0.138609 0)
(0.346821 0.137444 0)
(0.00283461 0.116314 0)
(0.00747884 0.108959 0)
(0.0122768 0.102957 0)
(0.0174613 0.0985775 0)
(0.0230327 0.0951925 0)
(0.0290905 0.0926301 0)
(0.0357578 0.0908204 0)
(0.0431558 0.0897205 0)
(0.0514078 0.0892941 0)
(0.0606446 0.0895036 0)
(0.0710059 0.0903044 0)
(0.0826416 0.0916397 0)
(0.0957106 0.0934367 0)
(0.110375 0.0956045 0)
(0.126786 0.0980317 0)
(0.14507 0.100586 0)
(0.165311 0.103112 0)
(0.187527 0.105428 0)
(0.211653 0.107328 0)
(0.237486 0.108598 0)
(0.264712 0.109063 0)
(0.292822 0.108669 0)
(0.322111 0.10763 0)
(0.00295233 0.111282 0)
(0.00766507 0.103986 0)
(0.0124818 0.0978672 0)
(0.0176206 0.0932163 0)
(0.0230831 0.0894291 0)
(0.0289684 0.0863439 0)
(0.0353963 0.0838937 0)
(0.0424816 0.082033 0)
(0.0503394 0.0807206 0)
(0.0590891 0.0799117 0)
(0.0688556 0.079555 0)
(0.0797695 0.0795891 0)
(0.0919669 0.0799413 0)
(0.105584 0.0805273 0)
(0.120747 0.0812522 0)
(0.137557 0.0820136 0)
(0.156073 0.0827043 0)
(0.176298 0.0832163 0)
(0.198154 0.0834454 0)
(0.221444 0.0833063 0)
(0.245882 0.0827718 0)
(0.271011 0.0819387 0)
(0.297113 0.0811345 0)
(0.00299954 0.106169 0)
(0.00771042 0.098977 0)
(0.0125029 0.0928067 0)
(0.0175646 0.0879443 0)
(0.0228929 0.0838168 0)
(0.0285806 0.0802762 0)
(0.0347399 0.0772598 0)
(0.0414765 0.0747224 0)
(0.0488953 0.0726194 0)
(0.0571037 0.0709016 0)
(0.0662123 0.0695127 0)
(0.0763345 0.0683889 0)
(0.0875868 0.0674592 0)
(0.100085 0.0666475 0)
(0.113933 0.0658758 0)
(0.129214 0.0650709 0)
(0.145975 0.0641708 0)
(0.164209 0.0631328 0)
(0.183842 0.061941 0)
(0.204694 0.0606211 0)
(0.226509 0.059272 0)
(0.248894 0.0581161 0)
(0.272116 0.0575774 0)
(0.0029841 0.10107 0)
(0.0076262 0.0939959 0)
(0.0123464 0.0878185 0)
(0.0172941 0.0827932 0)
(0.0224584 0.078383 0)
(0.027922 0.074454 0)
(0.0337856 0.0709488 0)
(0.0401441 0.0678232 0)
(0.0470909 0.065031 0)
(0.0547208 0.0625197 0)
(0.06313 0.0602297 0)
(0.0724167 0.0580956 0)
(0.0826805 0.0560489 0)
(0.0940191 0.0540211 0)
(0.106521 0.05195 0)
(0.120254 0.0497885 0)
(0.135258 0.0475149 0)
(0.151528 0.0451431 0)
(0.168998 0.0427336 0)
(0.187514 0.0404064 0)
(0.20686 0.0383673 0)
(0.226706 0.0369436 0)
(0.247308 0.0366387 0)
(0.00291707 0.0960709 0)
(0.00743217 0.089106 0)
(0.0120314 0.0829478 0)
(0.0168256 0.0777983 0)
(0.0217938 0.0731575 0)
(0.0270056 0.0689044 0)
(0.0325488 0.0649867 0)
(0.038506 0.061362 0)
(0.0449582 0.057983 0)
(0.0519867 0.0547948 0)
(0.0596742 0.0517353 0)
(0.0681042 0.0487385 0)
(0.0773615 0.0457377 0)
(0.0875282 0.042671 0)
(0.0986786 0.0394896 0)
(0.110872 0.0361683 0)
(0.124143 0.032719 0)
(0.13849 0.0292032 0)
(0.153866 0.0257453 0)
(0.170145 0.0225445 0)
(0.187154 0.0198959 0)
(0.204634 0.0182135 0)
(0.222831 0.0180645 0)
(0.00281171 0.0912381 0)
(0.0071515 0.0843643 0)
(0.0115834 0.0782393 0)
(0.0161844 0.0729966 0)
(0.0209237 0.0681712 0)
(0.0258567 0.0636536 0)
(0.0310576 0.0593964 0)
(0.0365964 0.0553587 0)
(0.0425404 0.0514925 0)
(0.0489577 0.0477409 0)
(0.0559173 0.0440402 0)
(0.0634894 0.0403237 0)
(0.0717445 0.0365264 0)
(0.0807506 0.0325916 0)
(0.0905701 0.0284805 0)
(0.101254 0.0241854 0)
(0.112834 0.0197445 0)
(0.125318 0.015257 0)
(0.138673 0.010898 0)
(0.152808 0.00693044 0)
(0.167597 0.00372187 0)
(0.18285 0.00175787 0)
(0.198814 0.00165651 0)
(0.00268278 0.0866214 0)
(0.00680595 0.0798199 0)
(0.0110273 0.073736 0)
(0.0153973 0.0684247 0)
(0.019876 0.0634542 0)
(0.0245052 0.0587255 0)
(0.0293459 0.0541962 0)
(0.0344548 0.0498262 0)
(0.0398859 0.0455664 0)
(0.0456936 0.0413587 0)
(0.0519341 0.0371383 0)
(0.0586645 0.0328379 0)
(0.0659417 0.0283937 0)
(0.0738206 0.0237527 0)
(0.0823522 0.0188836 0)
(0.0915796 0.0137912 0)
(0.101533 0.0085323 0)
(0.112225 0.00323276 0)
(0.123643 -0.00189442 0)
(0.135728 -0.00653725 0)
(0.148401 -0.010272 0)
(0.161541 -0.0125576 0)
(0.175402 -0.0127346 0)
(0.00254133 0.0822549 0)
(0.00641011 0.0755156 0)
(0.0103815 0.0694779 0)
(0.0144854 0.0641168 0)
(0.0186749 0.0590335 0)
(0.0229794 0.0541402 0)
(0.0274471 0.0493989 0)
(0.0321212 0.0447694 0)
(0.0370425 0.0402018 0)
(0.0422531 0.0356369 0)
(0.0477964 0.031009 0)
(0.0537168 0.0262506 0)
(0.0600584 0.0212987 0)
(0.0668634 0.0161029 0)
(0.0741718 0.0106371 0)
(0.0820183 0.0049135 0)
(0.0904302 -0.000999759 0)
(0.0994249 -0.0069589 0)
(0.109005 -0.0127267 0)
(0.119144 -0.0179582 0)
(0.129804 -0.0221898 0)
(0.140932 -0.0248395 0)
(0.152794 -0.0252158 0)
(0.00238883 0.078162 0)
(0.0059663 0.0714892 0)
(0.00965243 0.0655015 0)
(0.0134594 0.0601032 0)
(0.017336 0.0549315 0)
(0.0213009 0.049912 0)
(0.0253891 0.04501 0)
(0.0296304 0.0401851 0)
(0.0340536 0.0353862 0)
(0.038689 0.0305528 0)
(0.0435684 0.0256187 0)
(0.0487241 0.0205165 0)
(0.0541878 0.0151838 0)
(0.0599898 0.00957215 0)
(0.066159 0.00365799 0)
(0.0727218 -0.00254241 0)
(0.0797008 -0.00895476 0)
(0.0871145 -0.0154269 0)
(0.0949776 -0.0217103 0)
(0.103289 -0.0274423 0)
(0.112052 -0.0321362 0)
(0.121271 -0.0351826 0)
(0.131228 -0.035868 0)
(0.00221319 0.0743713 0)
(0.0054618 0.0677766 0)
(0.00883206 0.0618387 0)
(0.012317 0.0564079 0)
(0.0158643 0.0511643 0)
(0.0194818 0.0460484 0)
(0.0231909 0.0410282 0)
(0.0270087 0.0360623 0)
(0.0309534 0.0310981 0)
(0.0350447 0.0260739 0)
(0.0393034 0.020923 0)
(0.0437504 0.0155779 0)
(0.0484063 0.00997712 0)
(0.0532903 0.00407339 0)
(0.0584208 -0.00215523 0)
(0.0638153 -0.00869066 0)
(0.0694893 -0.0154575 0)
(0.0754608 -0.0223038 0)
(0.0817513 -0.0289796 0)
(0.0883788 -0.0351189 0)
(0.0953763 -0.0402276 0)
(0.102801 -0.0436852 0)
(0.110955 -0.0447668 0)
(0.0019904 0.0709336 0)
(0.00487156 0.0644144 0)
(0.00789958 0.0585165 0)
(0.0110442 0.053048 0)
(0.0142539 0.0477404 0)
(0.0175242 0.0425496 0)
(0.020862 0.0374449 0)
(0.0242731 0.032383 0)
(0.0277662 0.0273089 0)
(0.0313517 0.0221596 0)
(0.0350404 0.016868 0)
(0.0388431 0.0113669 0)
(0.0427698 0.00559547 0)
(0.0468306 -0.000492693 0)
(0.0510344 -0.00691808 0)
(0.0553888 -0.0136626 0)
(0.0599034 -0.0206538 0)
(0.0645919 -0.0277444 0)
(0.0694773 -0.0346918 0)
(0.0745889 -0.041139 0)
(0.0799819 -0.0466005 0)
(0.0857535 -0.0504609 0)
(0.0922223 -0.0519974 0)
(0.00169065 0.0679258 0)
(0.00416393 0.0614418 0)
(0.00682644 0.0555562 0)
(0.00961964 0.0500327 0)
(0.012492 0.0446602 0)
(0.0154229 0.0394081 0)
(0.0184039 0.0342447 0)
(0.0214312 0.0291225 0)
(0.0245053 0.0239831 0)
(0.0276288 0.0187622 0)
(0.0308037 0.0133928 0)
(0.0340311 0.00780829 0)
(0.0373124 0.001948 0)
(0.0406498 -0.00423345 0)
(0.0440438 -0.0107559 0)
(0.0474954 -0.0176025 0)
(0.0510067 -0.0247045 0)
(0.0545861 -0.0319228 0)
(0.0582542 -0.0390281 0)
(0.0620444 -0.045682 0)
(0.0660236 -0.0514213 0)
(0.0703151 -0.055652 0)
(0.0752496 -0.0576695 0)
(0.00128673 0.0654442 0)
(0.00330349 0.0589019 0)
(0.00558158 0.0529736 0)
(0.00802065 0.0473625 0)
(0.0105646 0.0419152 0)
(0.0131707 0.0366091 0)
(0.0158146 0.0314061 0)
(0.0184843 0.0262508 0)
(0.0211749 0.0210801 0)
(0.0238831 0.0158291 0)
(0.0266027 0.0104324 0)
(0.0293256 0.00482367 0)
(0.0320456 -0.00105853 0)
(0.0347586 -0.00725921 0)
(0.0374606 -0.0137981 0)
(0.0401468 -0.0206597 0)
(0.0428142 -0.0277794 0)
(0.0454656 -0.0350272 0)
(0.0481167 -0.0421903 0)
(0.0507996 -0.0489549 0)
(0.0535838 -0.05489 0)
(0.0566037 -0.0594378 0)
(0.0601905 -0.0619284 0)
(0.000754022 0.0636277 0)
(0.00225335 0.0568435 0)
(0.00414041 0.0507757 0)
(0.00623631 0.0450267 0)
(0.00847083 0.0394881 0)
(0.0107713 0.0341321 0)
(0.0130984 0.0289042 0)
(0.0154349 0.0237359 0)
(0.0177751 0.0185578 0)
(0.0201131 0.0133064 0)
(0.0224349 0.00792106 0)
(0.0247215 0.00233587 0)
(0.0269594 -0.00351446 0)
(0.0291414 -0.00967667 0)
(0.0312617 -0.0161708 0)
(0.0333134 -0.0229821 0)
(0.0352902 -0.0300494 0)
(0.037191 -0.0372516 0)
(0.0390266 -0.0443924 0)
(0.0408242 -0.051185 0)
(0.0426491 -0.0572362 0)
(0.0446332 -0.0620344 0)
(0.0470931 -0.0649602 0)
(5.02144e-05 0.0626703 0)
(0.000989159 0.0553068 0)
(0.00251048 0.0489483 0)
(0.00429748 0.042999 0)
(0.0062502 0.0373552 0)
(0.00826268 0.0319569 0)
(0.0102847 0.0267185 0)
(0.0123004 0.0215513 0)
(0.0143106 0.0163783 0)
(0.016314 0.011142 0)
(0.0182892 0.00579423 0)
(0.0202002 0.000271402 0)
(0.0220243 -0.00550444 0)
(0.0237559 -0.0115856 0)
(0.0253913 -0.0179923 0)
(0.0269248 -0.0247093 0)
(0.0283499 -0.0316777 0)
(0.0296635 -0.0387836 0)
(0.0308723 -0.045846 0)
(0.0319982 -0.0526039 0)
(0.033098 -0.0587028 0)
(0.0342911 -0.0636823 0)
(0.0358635 -0.0669848 0)
(-0.00089791 0.0626884 0)
(-0.000463596 0.0543023 0)
(0.000795075 0.0474409 0)
(0.00233131 0.0412423 0)
(0.0040267 0.0355006 0)
(0.00575242 0.0300807 0)
(0.00745775 0.0248502 0)
(0.00913664 0.0196937 0)
(0.0108072 0.014524 0)
(0.0124865 0.00929461 0)
(0.0141506 0.00399359 0)
(0.0157333 -0.00143248 0)
(0.0171936 -0.00709877 0)
(0.018535 -0.0130694 0)
(0.019762 -0.0193629 0)
(0.0208732 -0.0259616 0)
(0.0218637 -0.0328068 0)
(0.0227301 -0.0397898 0)
(0.0234766 -0.0467424 0)
(0.0241199 -0.0534265 0)
(0.0247066 -0.0595231 0)
(0.0253365 -0.0646221 0)
(0.0262517 -0.0682331 0)
(-0.00207815 0.0638821 0)
(-0.00188436 0.053697 0)
(-0.00073338 0.0461457 0)
(0.000600387 0.0397088 0)
(0.00203482 0.033916 0)
(0.00344562 0.0285162 0)
(0.00479276 0.0233247 0)
(0.00608096 0.0181958 0)
(0.00734968 0.013023 0)
(0.00866357 0.00777353 0)
(0.0100132 0.00250403 0)
(0.0112906 -0.00278079 0)
(0.0124062 -0.00830912 0)
(0.0133883 -0.0141576 0)
(0.0142571 -0.020335 0)
(0.0150159 -0.0268168 0)
(0.015662 -0.0335421 0)
(0.0161925 -0.0404054 0)
(0.0166098 -0.0472478 0)
(0.0169254 -0.0538494 0)
(0.0171741 -0.0599213 0)
(0.0174308 -0.0650967 0)
(0.0178813 -0.0689429 0)
(-0.0032559 0.0660884 0)
(-0.00287814 0.0532363 0)
(-0.00172274 0.0449155 0)
(-0.000591815 0.0383338 0)
(0.000554606 0.0325718 0)
(0.00162644 0.0272548 0)
(0.00258959 0.022163 0)
(0.00343745 0.0171258 0)
(0.00421133 0.0120097 0)
(0.00502184 0.00676297 0)
(0.00592871 0.00151622 0)
(0.00685479 -0.00360437 0)
(0.00757937 -0.00901102 0)
(0.00818955 -0.0147689 0)
(0.00871628 -0.0208691 0)
(0.00916174 -0.0272768 0)
(0.00952361 -0.033927 0)
(0.00979931 -0.0407146 0)
(0.00998905 -0.0474871 0)
(0.010099 -0.0540379 0)
(0.0101506 -0.0601001 0)
(0.010194 -0.0653407 0)
(0.0103575 -0.0693763 0)
(-0.00345847 0.070616 0)
(-0.00300912 0.0527981 0)
(-0.00206312 0.0436715 0)
(-0.00114946 0.0370756 0)
(-0.000239732 0.0314311 0)
(0.000588751 0.026261 0)
(0.00128569 0.0213412 0)
(0.00181421 0.0164873 0)
(0.00215217 0.0115106 0)
(0.00233342 0.00619375 0)
(0.00202012 0.000558107 0)
(0.00233477 -0.0044425 0)
(0.00255178 -0.00975022 0)
(0.00274753 -0.0154036 0)
(0.00291987 -0.0213963 0)
(0.00306271 -0.027693 0)
(0.00317255 -0.0342274 0)
(0.00324704 -0.0408958 0)
(0.00328491 -0.0475492 0)
(0.0032872 -0.0539893 0)
(0.00326063 -0.0599636 0)
(0.00322384 -0.0651653 0)
(0.00322554 -0.0692494 0)
(-0.11457 -0.153075 0)
(-0.0408153 -0.00191929 0)
(-0.131515 0.311242 0)
(-0.338087 0.717745 0)
(-0.450602 -0.119105 0)
(-0.451678 0.0162779 0)
(-0.415083 0.239427 0)
(-0.358639 0.494863 0)
(-0.446335 -0.125367 0)
(-0.414576 -0.0911751 0)
(-0.338959 -0.0259105 0)
(-0.214303 0.050848 0)
(-0.455802 -0.179944 0)
(-0.40661 -0.196241 0)
(-0.333987 -0.180933 0)
(-0.244412 -0.137782 0)
(-0.56959 -0.294365 0)
(-0.528186 -0.327817 0)
(-0.477558 -0.32866 0)
(-0.423624 -0.295792 0)
(-0.697898 -0.394376 0)
(-0.675215 -0.430712 0)
(-0.650357 -0.432353 0)
(-0.623007 -0.414773 0)
(-0.784809 -0.452674 0)
(-0.769134 -0.480873 0)
(-0.760808 -0.479015 0)
(-0.751954 -0.461938 0)
(-0.786336 -0.446844 0)
(-0.793284 -0.4811 0)
(-0.797787 -0.478994 0)
(-0.801481 -0.459346 0)
(-0.752385 -0.394295 0)
(-0.782585 -0.451071 0)
(-0.795199 -0.453532 0)
(-0.806436 -0.433884 0)
(-0.683082 -0.2873 0)
(-0.75333 -0.394746 0)
(-0.777413 -0.414918 0)
(-0.79057 -0.399682 0)
(-0.525171 -0.0833792 0)
(-0.641635 -0.262629 0)
(-0.73991 -0.361875 0)
(-0.75947 -0.36172 0)
(-0.269493 0.191029 0)
(-0.383583 0.0191152 0)
(-0.519592 -0.1814 0)
(-0.686983 -0.311799 0)
(0.0132604 0.40029 0)
(-0.0674983 0.303971 0)
(-0.171175 0.173547 0)
(-0.301073 -0.00841183 0)
(0.235462 0.485332 0)
(0.207415 0.441493 0)
(0.157668 0.376397 0)
(0.0855143 0.28547 0)
(0.370098 0.485818 0)
(0.375377 0.466552 0)
(0.369726 0.437961 0)
(0.350559 0.395072 0)
(0.438338 0.449289 0)
(0.45777 0.440148 0)
(0.472811 0.426078 0)
(0.481448 0.404838 0)
(0.466639 0.399195 0)
(0.49065 0.394291 0)
(0.512899 0.38616 0)
(0.532505 0.373509 0)
(0.471186 0.34609 0)
(0.495634 0.342593 0)
(0.519311 0.336847 0)
(0.541703 0.327942 0)
(0.461583 0.295165 0)
(0.484616 0.292173 0)
(0.507213 0.287458 0)
(0.528973 0.280424 0)
(0.443592 0.248463 0)
(0.464516 0.245786 0)
(0.485068 0.241774 0)
(0.504908 0.236014 0)
(0.420727 0.206521 0)
(0.439402 0.204208 0)
(0.45768 0.200879 0)
(0.475265 0.196259 0)
(0.395206 0.169232 0)
(0.411736 0.1674 0)
(0.427832 0.164821 0)
(0.443228 0.161318 0)
(0.368425 0.136232 0)
(0.383015 0.134982 0)
(0.397151 0.133211 0)
(0.410594 0.130817 0)
(0.341215 0.107058 0)
(0.354102 0.106436 0)
(0.366543 0.105491 0)
(0.378316 0.104172 0)
(0.314039 0.0812153 0)
(0.325455 0.0812177 0)
(0.336455 0.0810693 0)
(0.346836 0.080753 0)
(0.287145 0.0582531 0)
(0.297292 0.0588302 0)
(0.30707 0.0594083 0)
(0.316296 0.0599932 0)
(0.260667 0.0378022 0)
(0.269706 0.0388714 0)
(0.278438 0.0400748 0)
(0.286692 0.0414344 0)
(0.234694 0.0195832 0)
(0.242745 0.0210397 0)
(0.250557 0.0227465 0)
(0.257976 0.0247382 0)
(0.209306 0.00339149 0)
(0.216456 0.00511873 0)
(0.223438 0.00719632 0)
(0.230114 0.00966913 0)
(0.18461 -0.0109201 0)
(0.190919 -0.00904241 0)
(0.197132 -0.00673034 0)
(0.203127 -0.00393091 0)
(0.160773 -0.0234527 0)
(0.166281 -0.0215432 0)
(0.171762 -0.019133 0)
(0.177115 -0.0161616 0)
(0.138016 -0.0342776 0)
(0.142753 -0.0324482 0)
(0.147527 -0.0300717 0)
(0.152259 -0.0270795 0)
(0.11659 -0.0434564 0)
(0.120585 -0.0418076 0)
(0.124672 -0.0395875 0)
(0.128796 -0.0367179 0)
(0.0967548 -0.0510569 0)
(0.100041 -0.0496743 0)
(0.103465 -0.0477203 0)
(0.106996 -0.0451056 0)
(0.0787539 -0.0571657 0)
(0.0813755 -0.0561168 0)
(0.0841699 -0.0545213 0)
(0.0871272 -0.0522779 0)
(0.0627714 -0.0619007 0)
(0.0647879 -0.0612315 0)
(0.0669998 -0.0600654 0)
(0.0694168 -0.0582889 0)
(0.0488871 -0.0654182 0)
(0.0503758 -0.0651503 0)
(0.0520692 -0.0644585 0)
(0.0539929 -0.0632181 0)
(0.0370304 -0.0679104 0)
(0.0380824 -0.0680409 0)
(0.0393351 -0.0678387 0)
(0.0408242 -0.067171 0)
(0.0269544 -0.0695861 0)
(0.0276637 -0.0700891 0)
(0.0285564 -0.0703596 0)
(0.0296718 -0.0702626 0)
(0.0182571 -0.0706448 0)
(0.0187046 -0.0714656 0)
(0.0193048 -0.0721581 0)
(0.0200892 -0.0725912 0)
(0.0105042 -0.0713695 0)
(0.0107265 -0.0724403 0)
(0.0110486 -0.0734651 0)
(0.011494 -0.0743254 0)
(0.00324379 -0.0713786 0)
(0.00329389 -0.0725849 0)
(0.00337878 -0.0737686 0)
(0.00350866 -0.0748362 0)
(-0.245091 1.04967 0)
(0.0422208 0.655868 0)
(0.395674 0.279299 0)
(0.571862 0.0433837 0)
(0.612413 -0.0698478 0)
(0.562569 0.0335393 0)
(0.466671 0.23818 0)
(0.355934 0.401573 0)
(0.0881109 0.362684 0)
(-0.264331 0.0515193 0)
(-0.35608 -0.263366 0)
(-0.300134 -0.407698 0)
(-0.235811 -0.382668 0)
(-0.239652 -0.149927 0)
(-0.363072 -0.103415 0)
(-0.424264 -0.326003 0)
(-0.3807 -0.524412 0)
(-0.263261 -0.610456 0)
(-0.103465 -0.403966 0)
(-0.0972404 0.614955 0)
(0.306274 0.31998 0)
(0.528572 0.0848152 0)
(0.617845 -0.0450362 0)
(0.642646 -0.0785333 0)
(0.58816 0.0522144 0)
(0.485142 0.304512 0)
(0.397605 0.521476 0)
(0.256306 0.588675 0)
(-0.044596 0.321175 0)
(-0.198546 -0.212482 0)
(-0.204188 -0.427395 0)
(-0.172548 -0.402487 0)
(-0.163835 -0.134055 0)
(-0.201832 0.0217791 0)
(-0.29577 -0.279318 0)
(-0.26803 -0.549171 0)
(-0.151128 -0.724507 0)
(-0.0703798 -0.552775 0)
(0.0327541 0.125613 0)
(0.30702 0.0624211 0)
(0.432652 -0.00285972 0)
(0.49588 -0.0548907 0)
(0.525811 -0.0284609 0)
(0.388474 0.15568 0)
(0.214691 0.40497 0)
(0.191254 0.6171 0)
(0.142532 0.720007 0)
(-0.0331931 0.500837 0)
(-0.161731 -0.136924 0)
(-0.168576 -0.415503 0)
(-0.171924 -0.387724 0)
(-0.234449 -0.124032 0)
(-0.314547 0.0464547 0)
(-0.373565 -0.248286 0)
(-0.252764 -0.6356 0)
(0.0239389 -0.761169 0)
(0.0175841 -0.607642 0)
(-0.0870615 -0.0518497 0)
(0.0916562 -0.0150051 0)
(0.237027 0.0198285 0)
(0.401534 -0.0920301 0)
(0.267749 -0.00319797 0)
(-0.182418 0.509469 0)
(-0.255016 0.535197 0)
(-0.215933 0.678904 0)
(-0.157443 0.780723 0)
(-0.215042 0.509589 0)
(-0.240459 -0.131173 0)
(-0.167268 -0.408981 0)
(-0.176863 -0.346728 0)
(-0.311042 0.018887 0)
(-0.517748 0.145682 0)
(-0.584155 -0.302979 0)
(-0.419697 -0.856683 0)
(-0.115734 -1.01212 0)
(0.113221 -0.50018 0)
(-0.321509 -0.191016 0)
(-0.0941044 -0.0468736 0)
(0.0391329 -0.139945 0)
(-0.373379 -0.179546 0)
(-0.370922 0.383167 0)
(-0.549831 0.671457 0)
(-0.611582 0.603182 0)
(-0.59434 0.65364 0)
(-0.46964 0.697758 0)
(-0.386541 0.39355 0)
(-0.271161 -0.16306 0)
(-0.159225 -0.426102 0)
(-0.144034 -0.293078 0)
(-0.290476 0.25606 0)
(-0.628928 0.27794 0)
(-0.74636 -0.372982 0)
(-0.638212 -1.10202 0)
(-0.367828 -1.31113 0)
(-0.0193868 -0.554523 0)
(-0.576364 -0.354046 0)
(-0.520769 -0.299195 0)
(-0.345359 -0.266005 0)
(-0.513267 0.0904203 0)
(-0.622432 0.464268 0)
(-0.705212 0.654681 0)
(-0.774537 0.626137 0)
(-0.705007 0.595807 0)
(-0.57873 0.535523 0)
(-0.391894 0.209705 0)
(-0.202274 -0.290645 0)
(-0.102019 -0.476244 0)
(-0.0629333 -0.279213 0)
(-0.0823665 0.439222 0)
(-0.51533 0.533276 0)
(-0.774642 -0.369684 0)
(-0.772395 -1.29751 0)
(-0.508154 -1.61778 0)
(-0.187147 -0.793699 0)
(-0.740377 -0.404778 0)
(-0.717551 -0.277782 0)
(-0.612366 -0.161348 0)
(-0.701414 0.140893 0)
(-0.71879 0.47956 0)
(-0.709899 0.608915 0)
(-0.77041 0.60283 0)
(-0.747631 0.582031 0)
(-0.568234 0.42309 0)
(-0.293782 0.0274633 0)
(-0.0966803 -0.439494 0)
(-0.0324152 -0.524512 0)
(-0.00601995 -0.30144 0)
(0.101721 0.459646 0)
(-0.137938 0.932368 0)
(-0.592793 -0.139198 0)
(-0.762658 -1.41288 0)
(-0.507406 -1.93678 0)
(-0.276027 -1.1322 0)
(-0.807766 -0.398237 0)
(-0.831147 -0.288381 0)
(-0.855976 -0.175601 0)
(-0.856707 0.125059 0)
(-0.810364 0.492214 0)
(-0.841754 0.660503 0)
(-0.878007 0.677669 0)
(-0.816561 0.524877 0)
(-0.479775 0.253373 0)
(-0.123713 -0.296523 0)
(-0.0216792 -0.53953 0)
(0.00595344 -0.556739 0)
(0.0131178 -0.334948 0)
(0.143547 0.399788 0)
(0.194555 1.22241 0)
(-0.210814 0.408446 0)
(-0.612475 -1.40354 0)
(-0.387384 -2.177 0)
(-0.274883 -1.48579 0)
(-0.823082 -0.368081 0)
(-0.842904 -0.242236 0)
(-0.911982 -0.115637 0)
(-0.975527 0.300453 0)
(-0.950959 0.555881 0)
(-0.927679 0.649908 0)
(-0.866553 0.55606 0)
(-0.734357 0.275367 0)
(-0.195617 -0.192664 0)
(-0.0314251 -0.481946 0)
(0.00994736 -0.577312 0)
(0.012326 -0.56281 0)
(-0.00875972 -0.369188 0)
(0.076989 0.291416 0)
(0.201731 1.24944 0)
(0.0705843 0.833097 0)
(-0.419188 -1.25783 0)
(-0.260645 -2.28893 0)
(-0.185255 -1.78375 0)
(-0.811048 -0.337032 0)
(-0.824474 -0.213939 0)
(-0.840984 -0.0821222 0)
(-0.871526 0.240714 0)
(-0.848891 0.537786 0)
(-0.78186 0.54322 0)
(-0.531014 0.337259 0)
(-0.191163 0.028648 0)
(0.00692811 -0.382228 0)
(0.0237794 -0.502178 0)
(0.0340952 -0.574668 0)
(0.013645 -0.556629 0)
(-0.101959 -0.360772 0)
(-0.0711391 0.261045 0)
(0.00542585 1.13466 0)
(0.101944 1.09628 0)
(-0.226627 -0.919086 0)
(-0.185433 -2.3355 0)
(-0.0693754 -1.98662 0)
(-0.777917 -0.310472 0)
(-0.786952 -0.196163 0)
(-0.778778 -0.088499 0)
(-0.759084 0.0059779 0)
(-0.600476 0.497237 0)
(-0.31386 0.421815 0)
(0.0680555 0.231076 0)
(0.0893274 -0.177475 0)
(0.0549915 -0.360779 0)
(0.0629582 -0.490994 0)
(0.0679091 -0.563687 0)
(0.0349626 -0.525206 0)
(-0.34054 -0.275148 0)
(-0.321005 0.290511 0)
(-0.265655 1.04145 0)
(-0.0727668 1.05082 0)
(0.0524003 -0.810358 0)
(-0.109228 -2.3913 0)
(0.00192173 -2.10774 0)
(-0.722532 -0.274369 0)
(-0.72007 -0.17923 0)
(-0.69184 -0.0883071 0)
(-0.648124 -0.0203728 0)
(-0.525947 -0.0138656 0)
(-0.270616 -0.0372004 0)
(-0.0906953 -0.107978 0)
(0.0197727 -0.222898 0)
(0.0527912 -0.33936 0)
(0.0870113 -0.471621 0)
(0.0864474 -0.557323 0)
(-0.188944 -0.146558 0)
(-0.504294 -0.0912796 0)
(-0.587007 0.311279 0)
(-0.467369 0.895555 0)
(-0.13674 0.716702 0)
(0.270719 -0.901092 0)
(0.0322025 -2.15756 0)
(0.0175211 -2.14694 0)
(-0.625226 -0.253154 0)
(-0.633679 -0.172446 0)
(-0.583571 -0.0956467 0)
(-0.502788 -0.0454675 0)
(-0.394738 -0.0465578 0)
(-0.262628 -0.0776436 0)
(-0.143844 -0.125427 0)
(-0.0499736 -0.210343 0)
(0.0369789 -0.339034 0)
(0.110899 -0.495051 0)
(-0.206272 -0.305145 0)
(-0.435249 0.0128762 0)
(-0.60924 0.062553 0)
(-0.752018 0.308978 0)
(-0.511837 0.653326 0)
(-0.077604 0.220637 0)
(0.275069 -1.02608 0)
(0.147947 -1.96386 0)
(0.00343716 -2.10681 0)
(-0.0570184 0.0801198 0)
(-0.50286 -0.219653 0)
(-0.533144 -0.150455 0)
(-0.438876 -0.111047 0)
(-0.343954 -0.0933991 0)
(-0.239715 -0.114299 0)
(-0.130963 -0.176623 0)
(-0.0241489 -0.282109 0)
(0.0800111 -0.404697 0)
(-0.161133 -0.369417 0)
(-0.33429 -0.0647512 0)
(-0.472523 0.119826 0)
(-0.60977 0.155742 0)
(-0.668415 0.285944 0)
(-0.408003 0.313044 0)
(0.00292809 -0.215143 0)
(0.239563 -1.11867 0)
(0.173628 -1.88113 0)
(-0.0272021 -2.03211 0)
(0.296905 0.297779 0)
(0.110076 0.0948498 0)
(-0.0552868 -0.168351 0)
(-0.424284 -0.164815 0)
(-0.33456 -0.151482 0)
(-0.205867 -0.178365 0)
(-0.0717168 -0.249729 0)
(0.0260743 -0.36166 0)
(-0.164364 -0.400565 0)
(-0.226802 -0.194803 0)
(-0.329874 0.0498403 0)
(-0.410957 0.200991 0)
(-0.491293 0.230958 0)
(-0.467378 0.209669 0)
(-0.240652 0.0229647 0)
(0.0584148 -0.479444 0)
(0.214345 -1.16051 0)
(0.172304 -1.79018 0)
(-0.05862 -1.95604 0)
(0.483673 0.351361 0)
(0.416671 0.234825 0)
(0.316015 0.106473 0)
(0.184167 -0.0691454 0)
(0.119856 -0.389497 0)
(0.0519222 -0.511738 0)
(0.00318269 -0.525086 0)
(-0.0294902 -0.396089 0)
(-0.103684 -0.261254 0)
(-0.185121 -0.102586 0)
(-0.249151 0.0989211 0)
(-0.285099 0.236707 0)
(-0.302952 0.239937 0)
(-0.24263 0.116278 0)
(-0.0736205 -0.167345 0)
(0.0976352 -0.632052 0)
(0.176578 -1.17126 0)
(0.157975 -1.69659 0)
(-0.0801072 -1.89478 0)
(0.561702 0.340982 0)
(0.564947 0.269551 0)
(0.536305 0.180806 0)
(0.480772 0.0517567 0)
(0.398061 -0.124228 0)
(0.280794 -0.237157 0)
(0.165663 -0.280808 0)
(0.0711673 -0.246274 0)
(-0.0121886 -0.173802 0)
(-0.0870986 -0.0455858 0)
(-0.131101 0.120218 0)
(-0.138197 0.23412 0)
(-0.120175 0.210924 0)
(-0.057835 0.0360035 0)
(0.0447404 -0.278701 0)
(0.11481 -0.703508 0)
(0.130461 -1.16119 0)
(0.0749079 -1.60479 0)
(-0.0798602 -1.86144 0)
(0.579239 0.305083 0)
(0.611013 0.255942 0)
(0.620624 0.18781 0)
(0.601891 0.0897511 0)
(0.539587 -0.0342279 0)
(0.434541 -0.128543 0)
(0.314994 -0.17263 0)
(0.203755 -0.15921 0)
(0.109218 -0.101905 0)
(0.0353502 0.00266104 0)
(-0.00436023 0.132998 0)
(-0.00401765 0.217871 0)
(0.0226224 0.175609 0)
(0.0672039 -0.0155272 0)
(0.109216 -0.325023 0)
(0.106807 -0.708913 0)
(0.0773222 -1.11843 0)
(-0.0250963 -1.53347 0)
(-0.0288807 -1.8804 0)
(0.566616 0.262975 0)
(0.605395 0.22798 0)
(0.629155 0.178626 0)
(0.628627 0.109811 0)
(0.590428 0.026509 0)
(0.51379 -0.0420304 0)
(0.415583 -0.077126 0)
(0.314509 -0.0707467 0)
(0.222738 -0.0263983 0)
(0.150243 0.053892 0)
(0.109082 0.14984 0)
(0.103911 0.205137 0)
(0.121936 0.151068 0)
(0.141148 -0.0345176 0)
(0.137435 -0.321009 0)
(0.0861021 -0.667704 0)
(0.0365907 -1.0609 0)
(-0.092176 -1.512 0)
(0.118632 -1.93604 0)
(0.539673 0.222209 0)
(0.577295 0.197534 0)
(0.603957 0.164297 0)
(0.611607 0.119778 0)
(0.590924 0.0679511 0)
(0.539886 0.0245235 0)
(0.467326 0.00265556 0)
(0.386007 0.00943837 0)
(0.307107 0.044774 0)
(0.240979 0.104921 0)
(0.199113 0.172414 0)
(0.185623 0.203578 0)
(0.189012 0.144066 0)
(0.18512 -0.0258233 0)
(0.149854 -0.282013 0)
(0.0673542 -0.598691 0)
(0.0243277 -1.01311 0)
(-0.0764488 -1.53649 0)
(0.1448 -1.91656 0)
(0.506287 0.185388 0)
(0.540056 0.168569 0)
(0.565455 0.147875 0)
(0.576321 0.121934 0)
(0.566523 0.0934134 0)
(0.534014 0.070865 0)
(0.483133 0.0626203 0)
(0.421924 0.0738084 0)
(0.359158 0.104864 0)
(0.303649 0.151382 0)
(0.264493 0.198322 0)
(0.245417 0.212361 0)
(0.236781 0.152357 0)
(0.217121 0.00199378 0)
(0.165199 -0.223412 0)
(0.0703562 -0.519773 0)
(0.0425252 -0.991318 0)
(-0.0127035 -1.56971 0)
(0.107242 -1.86705 0)
(0.470533 0.153078 0)
(0.499934 0.14259 0)
(0.522784 0.131634 0)
(0.534515 0.119494 0)
(0.531142 0.107847 0)
(0.511066 0.101396 0)
(0.476457 0.105082 0)
(0.432318 0.121993 0)
(0.385032 0.151958 0)
(0.3415 0.190274 0)
(0.308403 0.223799 0)
(0.288456 0.226999 0)
(0.274224 0.169551 0)
(0.248838 0.0381557 0)
(0.19617 -0.16105 0)
(0.11257 -0.445568 0)
(0.0826635 -1.00636 0)
(0.0397541 -1.55817 0)
(0.0715245 -1.82005 0)
(0.434555 0.125015 0)
(0.459946 0.119835 0)
(0.480126 0.116584 0)
(0.49172 0.114806 0)
(0.492145 0.115446 0)
(0.48031 0.121038 0)
(0.457435 0.13427 0)
(0.426754 0.156578 0)
(0.39284 0.186926 0)
(0.360887 0.220378 0)
(0.335714 0.245437 0)
(0.319116 0.242156 0)
(0.305758 0.187995 0)
(0.283893 0.0715248 0)
(0.244041 -0.109035 0)
(0.192468 -0.385849 0)
(0.127992 -0.99643 0)
(0.0801888 -1.52224 0)
(0.041589 -1.76894 0)
(0.399416 0.100623 0)
(0.421437 0.09996 0)
(0.439287 0.102884 0)
(0.450443 0.109 0)
(0.453244 0.118701 0)
(0.447031 0.133198 0)
(0.432634 0.15369 0)
(0.412305 0.180369 0)
(0.389397 0.211416 0)
(0.367801 0.24173 0)
(0.350979 0.261148 0)
(0.340108 0.253681 0)
(0.331659 0.201808 0)
(0.318303 0.094588 0)
(0.296109 -0.0756883 0)
(0.275637 -0.344819 0)
(0.192527 -0.893953 0)
(0.113241 -1.47377 0)
(0.02247 -1.71551 0)
(0.365544 0.0792554 0)
(0.384861 0.0824399 0)
(0.400853 0.090343 0)
(0.411604 0.102528 0)
(0.416062 0.118961 0)
(0.413893 0.139989 0)
(0.405777 0.165797 0)
(0.393404 0.195672 0)
(0.379323 0.227174 0)
(0.366471 0.255116 0)
(0.357317 0.270389 0)
(0.35258 0.259749 0)
(0.349901 0.20873 0)
(0.344793 0.106108 0)
(0.334934 -0.0595866 0)
(0.327595 -0.320346 0)
(0.258968 -0.779211 0)
(0.136625 -1.38594 0)
(0.0149806 -1.65901 0)
(0.333014 0.0603268 0)
(0.350209 0.0667607 0)
(0.364796 0.0786738 0)
(0.375293 0.0955383 0)
(0.381053 0.116979 0)
(0.381968 0.142741 0)
(0.378648 0.172303 0)
(0.37243 0.204303 0)
(0.365294 0.235858 0)
(0.359457 0.26178 0)
(0.356628 0.273812 0)
(0.357104 0.260646 0)
(0.35903 0.209775 0)
(0.359138 0.109881 0)
(0.354221 -0.0519053 0)
(0.344367 -0.300215 0)
(0.292071 -0.691025 0)
(0.151512 -1.24285 0)
(0.00950214 -1.59628 0)
(0.301731 0.0433637 0)
(0.317268 0.0524956 0)
(0.330818 0.0676094 0)
(0.341218 0.0880648 0)
(0.348085 0.113207 0)
(0.351455 0.142345 0)
(0.351885 0.174452 0)
(0.350449 0.207712 0)
(0.348685 0.238969 0)
(0.348238 0.263121 0)
(0.350216 0.272643 0)
(0.354533 0.257678 0)
(0.359476 0.207186 0)
(0.362041 0.110336 0)
(0.358239 -0.0449816 0)
(0.342972 -0.275798 0)
(0.299395 -0.613123 0)
(0.168563 -1.10902 0)
(-0.0017526 -1.52052 0)
(0.271561 0.0280126 0)
(0.285779 0.0393256 0)
(0.298561 0.0569461 0)
(0.308977 0.0801182 0)
(0.316811 0.107958 0)
(0.322178 0.139447 0)
(0.325577 0.173194 0)
(0.32786 0.207081 0)
(0.330193 0.237814 0)
(0.333755 0.260462 0)
(0.339186 0.268155 0)
(0.346093 0.252189 0)
(0.352782 0.202753 0)
(0.356372 0.109894 0)
(0.352671 -0.0366981 0)
(0.334771 -0.248499 0)
(0.296821 -0.541694 0)
(0.189006 -0.975187 0)
(-0.0153541 -1.43693 0)
(0.242401 0.0140253 0)
(0.255532 0.0270305 0)
(0.267723 0.0465499 0)
(0.278217 0.0717216 0)
(0.286892 0.101476 0)
(0.293895 0.134547 0)
(0.299652 0.169283 0)
(0.304825 0.20337 0)
(0.310263 0.233485 0)
(0.316759 0.254927 0)
(0.324589 0.261424 0)
(0.333127 0.245221 0)
(0.340664 0.197556 0)
(0.344446 0.109475 0)
(0.340303 -0.0276843 0)
(0.321805 -0.221504 0)
(0.285584 -0.480371 0)
(0.215121 -0.837695 0)
(-0.0191786 -1.35368 0)
(0.214221 0.00123484 0)
(0.226413 0.0154682 0)
(0.23812 0.0363444 0)
(0.248711 0.0629154 0)
(0.258106 0.0939655 0)
(0.266449 0.128041 0)
(0.274088 0.163303 0)
(0.281519 0.197327 0)
(0.289327 0.226825 0)
(0.297987 0.247371 0)
(0.307487 0.253247 0)
(0.317001 0.237509 0)
(0.324756 0.192325 0)
(0.327961 0.109711 0)
(0.322546 -0.0176318 0)
(0.302213 -0.194878 0)
(0.264152 -0.427305 0)
(0.198325 -0.733633 0)
(0.0333511 -1.25513 0)
(0.187082 -0.0104617 0)
(0.198427 0.00455268 0)
(0.209704 0.026296 0)
(0.220382 0.0537513 0)
(0.230386 0.0855947 0)
(0.239832 0.120231 0)
(0.24899 0.15569 0)
(0.258215 0.189488 0)
(0.267884 0.218422 0)
(0.278217 0.23836 0)
(0.288965 0.244114 0)
(0.299116 0.229489 0)
(0.306765 0.187539 0)
(0.308943 0.111246 0)
(0.301356 -0.00539291 0)
(0.277889 -0.16621 0)
(0.234086 -0.374597 0)
(0.158523 -0.648245 0)
(0.0608317 -1.14661 0)
(0.161141 -0.0211257 0)
(0.171681 -0.00575832 0)
(0.182553 0.0163987 0)
(0.193292 0.0442853 0)
(0.203808 0.0764999 0)
(0.214174 0.111342 0)
(0.224583 0.146748 0)
(0.235279 0.180211 0)
(0.246483 0.208636 0)
(0.258224 0.228194 0)
(0.270064 0.234229 0)
(0.280819 0.221276 0)
(0.288427 0.183296 0)
(0.289691 0.114306 0)
(0.279935 0.00956346 0)
(0.253156 -0.133341 0)
(0.202954 -0.317191 0)
(0.109573 -0.561888 0)
(0.0617485 -1.07938 0)
(0.136634 -0.0307916 0)
(0.146373 -0.0154798 0)
(0.156845 0.00666462 0)
(0.167609 0.0345732 0)
(0.178558 0.0667899 0)
(0.189706 0.101537 0)
(0.201174 0.136683 0)
(0.213124 0.169713 0)
(0.22567 0.197655 0)
(0.238716 0.216977 0)
(0.251684 0.223574 0)
(0.263258 0.21272 0)
(0.271248 0.179304 0)
(0.272314 0.118419 0)
(0.261812 0.0265448 0)
(0.233817 -0.0973587 0)
(0.182729 -0.256448 0)
(0.073019 -0.479185 0)
(0.0766071 -1.02386 0)
(0.11383 -0.0394772 0)
(0.122763 -0.0246148 0)
(0.132821 -0.00288312 0)
(0.143574 0.0246683 0)
(0.154885 0.0565535 0)
(0.166709 0.0909353 0)
(0.179101 0.125628 0)
(0.192159 0.158117 0)
(0.205936 0.185547 0)
(0.220274 0.204677 0)
(0.234509 0.21198 0)
(0.247253 0.203467 0)
(0.256276 0.174923 0)
(0.258307 0.122446 0)
(0.249112 0.0435373 0)
(0.223784 -0.0620132 0)
(0.17765 -0.198164 0)
(0.0719726 -0.407332 0)
(0.0892853 -0.961756 0)
(0.0930024 -0.0471996 0)
(0.101125 -0.0331588 0)
(0.110746 -0.0122154 0)
(0.121453 0.0146229 0)
(0.133061 0.0458708 0)
(0.145466 0.0796356 0)
(0.158673 0.113676 0)
(0.172743 0.14549 0)
(0.187691 0.1723 0)
(0.203328 0.191141 0)
(0.218953 0.199125 0)
(0.233192 0.192952 0)
(0.243939 0.169196 0)
(0.248253 0.124806 0)
(0.24262 0.0578185 0)
(0.223076 -0.0313424 0)
(0.186046 -0.14753 0)
(0.0902537 -0.338684 0)
(0.102396 -0.898404 0)
(0.0743864 -0.0539831 0)
(0.0817019 -0.0411054 0)
(0.0908617 -0.0213055 0)
(0.101486 0.00448847 0)
(0.113327 0.0348218 0)
(0.126208 0.0677391 0)
(0.14011 0.10091 0)
(0.155128 0.13186 0)
(0.171247 0.15793 0)
(0.188174 0.176372 0)
(0.205197 0.18494 0)
(0.221119 0.18084 0)
(0.234149 0.161289 0)
(0.241985 0.12389 0)
(0.242336 0.0667258 0)
(0.231521 -0.00933163 0)
(0.206679 -0.106946 0)
(0.118896 -0.270085 0)
(0.127877 -0.819855 0)
(0.0581217 -0.0598634 0)
(0.0646405 -0.0484515 0)
(0.0733175 -0.0301301 0)
(0.0838233 -0.00568629 0)
(0.0958367 0.0234927 0)
(0.109058 0.0553812 0)
(0.123458 0.0874581 0)
(0.139262 0.117284 0)
(0.156446 0.142474 0)
(0.174517 0.160453 0)
(0.192838 0.169288 0)
(0.210565 0.16669 0)
(0.226341 0.150355 0)
(0.238823 0.118009 0)
(0.246985 0.066843 0)
(0.248086 0.00111233 0)
(0.235969 -0.0746617 0)
(0.156654 -0.203689 0)
(0.171039 -0.710756 0)
(0.0441822 -0.0648864 0)
(0.0499111 -0.0551914 0)
(0.0580651 -0.0386623 0)
(0.0684164 -0.0158615 0)
(0.0805734 0.0119765 0)
(0.0939942 0.0427727 0)
(0.108608 0.0735954 0)
(0.124858 0.101979 0)
(0.142805 0.126052 0)
(0.161784 0.143499 0)
(0.181122 0.152295 0)
(0.200327 0.15043 0)
(0.218904 0.135684 0)
(0.236775 0.105487 0)
(0.253374 0.0578111 0)
(0.265494 0.00067936 0)
(0.266677 -0.0543091 0)
(0.206662 -0.147299 0)
(0.230454 -0.557499 0)
(0.0323161 -0.0690935 0)
(0.0372171 -0.0612991 0)
(0.0447286 -0.0468625 0)
(0.0548455 -0.0260183 0)
(0.067174 0.000339689 0)
(0.0807552 0.0302136 0)
(0.0953697 0.0597974 0)
(0.111719 0.0864166 0)
(0.130025 0.109143 0)
(0.149395 0.125938 0)
(0.169062 0.134484 0)
(0.188736 0.132548 0)
(0.208682 0.117621 0)
(0.229842 0.0870395 0)
(0.253439 0.0399748 0)
(0.275764 -0.011377 0)
(0.292267 -0.0494531 0)
(0.268354 -0.0968581 0)
(0.302242 -0.339659 0)
(0.0220298 -0.0725116 0)
(0.0259506 -0.0667 0)
(0.0324891 -0.0546399 0)
(0.0420542 -0.0361816 0)
(0.0545391 -0.0115419 0)
(0.0684425 0.0178055 0)
(0.0833878 0.0461867 0)
(0.0997835 0.0707261 0)
(0.118271 0.0921386 0)
(0.137404 0.108455 0)
(0.156272 0.116941 0)
(0.17456 0.114854 0)
(0.192569 0.0989946 0)
(0.211801 0.0657903 0)
(0.237088 0.0142976 0)
(0.269531 -0.0394125 0)
(0.306628 -0.0688104 0)
(0.356884 -0.055269 0)
(0.377447 -0.0471261 0)
(0.012684 -0.0751676 0)
(0.0153316 -0.0711898 0)
(0.0201712 -0.0616701 0)
(0.0281241 -0.0463056 0)
(0.039949 -0.0245227 0)
(0.0539719 0.00409828 0)
(0.071816 0.030049 0)
(0.0892294 0.0525441 0)
(0.108295 0.0736045 0)
(0.126877 0.0905229 0)
(0.143985 0.100198 0)
(0.159014 0.0995375 0)
(0.171459 0.0847015 0)
(0.182359 0.0500997 0)
(0.200992 -0.0110244 0)
(0.228806 -0.0839771 0)
(0.29361 -0.146236 0)
(0.4965 -0.11619 0)
(0.490514 0.263523 0)
(0.00387476 -0.0761238 0)
(0.00484574 -0.0733213 0)
(0.00684998 -0.0659095 0)
(0.0107298 -0.0541488 0)
(0.0179934 -0.0382568 0)
(0.0275592 -0.0159566 0)
(0.0597759 0.00698143 0)
(0.0815609 0.0291688 0)
(0.102025 0.0522772 0)
(0.12026 0.0715236 0)
(0.135707 0.0841835 0)
(0.147417 0.0876393 0)
(0.153436 0.0785092 0)
(0.151983 0.0510014 0)
(0.151252 -0.0121521 0)
(0.102501 -0.118598 0)
(0.161543 -0.30857 0)
(0.379282 -0.522215 0)
(0.744647 1.05607 0)
)
;

boundaryField
{
    leftWall
    {
        type            noSlip;
    }
    rightWall
    {
        type            noSlip;
    }
    lowerWall
    {
        type            noSlip;
    }
    atmosphere
    {
        type            pressureInletOutletVelocity;
        value           nonuniform List<vector> 
46
(
(-0.00345847 0.070616 0)
(-0.00300912 0.0527981 0)
(-0.00206312 0.0436715 0)
(-0.00114946 0.0370756 0)
(-0.000239732 0.0314311 0)
(0.000588751 0.026261 0)
(0.00128569 0.0213412 0)
(0.00181421 0.0164873 0)
(0.00215217 0.0115106 0)
(0.00233342 0.00619375 0)
(0.00202012 0.000558107 0)
(0 -0.0044425 0)
(0 -0.00975022 0)
(0 -0.0154036 0)
(0 -0.0213963 0)
(0 -0.027693 0)
(0 -0.0342274 0)
(0 -0.0408958 0)
(0 -0.0475492 0)
(0 -0.0539893 0)
(0 -0.0599636 0)
(0 -0.0651653 0)
(0 -0.0692494 0)
(0 -0.0713786 0)
(0 -0.0725849 0)
(0 -0.0737686 0)
(0 -0.0748362 0)
(0 -0.0761238 0)
(0 -0.0733213 0)
(0 -0.0659095 0)
(0 -0.0541488 0)
(0 -0.0382568 0)
(0 -0.0159566 0)
(0.0597759 0.00698143 0)
(0.0815609 0.0291688 0)
(0.102025 0.0522772 0)
(0.12026 0.0715236 0)
(0.135707 0.0841835 0)
(0.147417 0.0876393 0)
(0.153436 0.0785092 0)
(0.151983 0.0510014 0)
(0.151252 -0.0121521 0)
(0 -0.118598 0)
(0 -0.30857 0)
(0 -0.522215 0)
(0.744647 1.05607 0)
)
;
    }
    defaultFaces
    {
        type            empty;
    }
}


// ************************************************************************* //
