/*--------------------------------*- C++ -*----------------------------------*\
| =========                 |                                                 |
| \\      /  F ield         | OpenFOAM: The Open Source CFD Toolbox           |
|  \\    /   O peration     | Version:  v2012                                 |
|   \\  /    A nd           | Website:  www.openfoam.com                      |
|    \\/     M anipulation  |                                                 |
\*---------------------------------------------------------------------------*/
FoamFile
{
    version     2.0;
    format      ascii;
    class       surfaceScalarField;
    location    "0.25";
    object      phi;
}
// * * * * * * * * * * * * * * * * * * * * * * * * * * * * * * * * * * * * * //

dimensions      [0 3 -1 0 0 0 0];
oriented        oriented;


internalField   nonuniform List<scalar> 
4432
(
-3.60884e-06
3.60884e-06
-1.33657e-06
-2.27227e-06
3.51683e-06
-4.8534e-06
9.14805e-06
-5.63122e-06
1.48362e-05
-5.68812e-06
2.04081e-05
-5.5719e-06
2.58905e-05
-5.48241e-06
3.13448e-05
-5.45429e-06
3.68142e-05
-5.46939e-06
4.23055e-05
-5.49128e-06
4.77772e-05
-5.47176e-06
5.31265e-05
-5.34926e-06
5.81691e-05
-5.04266e-06
6.26106e-05
-4.44148e-06
6.59891e-05
-3.3785e-06
6.7509e-05
-1.51987e-06
6.57264e-05
1.78259e-06
5.88522e-05
6.87417e-06
4.56404e-05
1.32118e-05
2.62341e-05
1.94063e-05
3.39641e-06
2.28377e-05
-1.38349e-05
1.72313e-05
-1.38349e-05
-6.15668e-07
4.22452e-06
2.50191e-06
-5.38985e-06
7.39968e-06
-9.75117e-06
1.28579e-05
-1.10894e-05
1.84143e-05
-1.12446e-05
2.3935e-05
-1.10926e-05
2.94181e-05
-1.09655e-05
3.4899e-05
-1.09352e-05
4.04028e-05
-1.09732e-05
4.59234e-05
-1.10119e-05
5.14121e-05
-1.09604e-05
5.67643e-05
-1.07015e-05
6.18029e-05
-1.00812e-05
6.62564e-05
-8.89495e-06
6.97399e-05
-6.86201e-06
7.18148e-05
-3.59485e-06
7.20534e-05
1.54405e-06
6.95788e-05
9.34873e-06
6.25449e-05
2.02458e-05
4.87487e-05
3.32024e-05
2.7809e-05
4.37775e-05
7.08219e-06
3.79581e-05
-6.75269e-06
1.43324e-06
2.79128e-06
5.11893e-06
-9.07555e-06
1.00253e-05
-1.46575e-05
1.53422e-05
-1.64063e-05
2.07454e-05
-1.66478e-05
2.61442e-05
-1.64914e-05
3.15382e-05
-1.63595e-05
3.6951e-05
-1.6348e-05
4.23958e-05
-1.64179e-05
4.78583e-05
-1.64744e-05
5.32863e-05
-1.63885e-05
5.85777e-05
-1.59928e-05
6.35644e-05
-1.5068e-05
6.79965e-05
-1.3327e-05
7.15281e-05
-1.03936e-05
7.37193e-05
-5.78607e-06
7.41098e-05
1.15365e-06
7.21904e-05
1.12681e-05
6.71676e-05
2.52686e-05
5.77149e-05
4.26552e-05
4.19749e-05
5.95174e-05
2.0985e-05
5.8948e-05
1.42323e-05
2.64168e-06
1.49603e-07
6.95986e-06
-1.33937e-05
1.20099e-05
-1.97075e-05
1.72716e-05
-2.1668e-05
2.25611e-05
-2.19373e-05
2.78472e-05
-2.17774e-05
3.3146e-05
-2.16583e-05
3.84791e-05
-2.16812e-05
4.38541e-05
-2.17929e-05
4.92531e-05
-2.18734e-05
5.4624e-05
-2.17594e-05
5.9869e-05
-2.12378e-05
6.48308e-05
-2.00298e-05
6.92773e-05
-1.77736e-05
7.28927e-05
-1.40089e-05
7.52764e-05
-8.16978e-06
7.59843e-05
4.45739e-07
7.45698e-05
1.26826e-05
7.05274e-05
2.9311e-05
6.30371e-05
5.01454e-05
5.0266e-05
7.22885e-05
2.9938e-05
7.9276e-05
4.41703e-05
3.31509e-06
-3.16549e-06
8.21349e-06
-1.82921e-05
1.34794e-05
-2.49735e-05
1.87522e-05
-2.69409e-05
2.39716e-05
-2.71567e-05
2.91689e-05
-2.69747e-05
3.43837e-05
-2.68731e-05
3.96422e-05
-2.69398e-05
4.49515e-05
-2.71021e-05
5.02939e-05
-2.72159e-05
5.56207e-05
-2.70862e-05
6.08412e-05
-2.64584e-05
6.581e-05
-2.49985e-05
7.03126e-05
-2.22762e-05
7.4059e-05
-1.77553e-05
7.66869e-05
-1.07977e-05
7.77924e-05
-6.59773e-07
7.69711e-05
1.35039e-05
7.37849e-05
3.24973e-05
6.75081e-05
5.64222e-05
5.64078e-05
8.33889e-05
3.64966e-05
9.91872e-05
8.06669e-05
3.71875e-06
-6.88425e-06
9.05263e-06
-2.3626e-05
1.45185e-05
-3.04393e-05
1.98239e-05
-3.22463e-05
2.49992e-05
-3.23319e-05
3.01283e-05
-3.21039e-05
3.52726e-05
-3.20174e-05
4.04653e-05
-3.21325e-05
4.5716e-05
-3.23528e-05
5.10105e-05
-3.25104e-05
5.6306e-05
-3.23817e-05
6.15217e-05
-3.1674e-05
6.65253e-05
-3.00022e-05
7.11203e-05
-2.68711e-05
7.50404e-05
-2.16755e-05
7.79586e-05
-1.37159e-05
7.95176e-05
-2.2188e-06
7.93595e-05
1.36619e-05
7.70878e-05
3.4769e-05
7.19875e-05
6.15225e-05
6.23349e-05
9.30414e-05
4.29341e-05
0.000118588
0.000123601
3.99165e-06
-1.08759e-05
9.60826e-06
-2.92426e-05
1.52075e-05
-3.60386e-05
2.05292e-05
-3.7568e-05
2.56653e-05
-3.7468e-05
3.07366e-05
-3.71752e-05
3.58196e-05
-3.71004e-05
4.09533e-05
-3.72661e-05
4.61509e-05
-3.75504e-05
5.14036e-05
-3.77631e-05
5.66767e-05
-3.76548e-05
6.1901e-05
-3.68984e-05
6.69596e-05
-3.50608e-05
7.16741e-05
-3.15856e-05
7.58011e-05
-2.58025e-05
7.90473e-05
-1.69621e-05
8.11053e-05
-4.27681e-06
8.16798e-05
1.30874e-05
8.04511e-05
3.59977e-05
7.679e-05
6.51836e-05
6.91469e-05
0.000100685
5.11865e-05
0.000136548
0.000174788
4.19201e-06
-1.50679e-05
9.96662e-06
-3.50172e-05
1.56153e-05
-4.16873e-05
2.09156e-05
-4.28683e-05
2.60026e-05
-4.25549e-05
3.10174e-05
-4.219e-05
3.60432e-05
-4.21262e-05
4.11217e-05
-4.23446e-05
4.62694e-05
-4.26982e-05
5.14834e-05
-4.29771e-05
5.67385e-05
-4.29098e-05
6.1979e-05
-4.21389e-05
6.71047e-05
-4.01865e-05
7.19558e-05
-3.64367e-05
7.63107e-05
-3.01573e-05
7.99081e-05
-2.05596e-05
8.24929e-05
-6.86155e-06
8.38516e-05
1.17286e-05
8.37998e-05
3.60496e-05
8.19637e-05
6.70198e-05
7.72784e-05
0.00010537
6.16817e-05
0.000152145
0.000236469
-1.53379e-06
1.53379e-06
-8.09513e-06
6.56132e-06
-1.27039e-05
4.60872e-06
-1.41125e-05
1.40876e-06
-1.31695e-05
-9.42958e-07
-1.10403e-05
-2.12935e-06
-8.53824e-06
-2.50222e-06
-6.11137e-06
-2.42682e-06
-3.98687e-06
-2.12444e-06
-2.27542e-06
-1.71152e-06
-9.97439e-07
-1.27805e-06
-1.18766e-07
-8.78676e-07
4.0912e-07
-5.27823e-07
6.3253e-07
-2.23483e-07
6.06317e-07
2.63619e-08
3.90296e-07
2.16242e-07
1.17582e-07
2.72509e-07
-3.65671e-08
1.54403e-07
-3.67989e-08
-5.63006e-06
7.16383e-06
-1.20032e-05
1.29346e-05
-1.53025e-05
7.90802e-06
-1.57363e-05
1.84254e-06
-1.44263e-05
-2.25309e-06
-1.22218e-05
-4.33389e-06
-9.66215e-06
-5.06197e-06
-7.14268e-06
-4.94638e-06
-4.88987e-06
-4.37725e-06
-3.02624e-06
-3.57523e-06
-1.59566e-06
-2.70859e-06
-5.8013e-07
-1.89424e-06
6.65629e-08
-1.17457e-06
4.0042e-07
-5.57223e-07
4.8209e-07
-5.53183e-08
3.93115e-07
3.05156e-07
2.17464e-07
4.48057e-07
3.76378e-08
3.34364e-07
9.41269e-10
-8.22668e-06
1.53905e-05
-1.4031e-05
1.8739e-05
-1.64753e-05
1.03524e-05
-1.65228e-05
1.88989e-06
-1.50135e-05
-3.76269e-06
-1.2712e-05
-6.6354e-06
-1.01192e-05
-7.65471e-06
-7.58046e-06
-7.48533e-06
-5.30008e-06
-6.65778e-06
-3.38931e-06
-5.48601e-06
-1.89477e-06
-4.20331e-06
-8.12406e-07
-2.97677e-06
-1.03685e-07
-1.88341e-06
2.89765e-07
-9.50847e-07
4.38371e-07
-2.04092e-07
4.14724e-07
3.28916e-07
2.82183e-07
5.80407e-07
1.2071e-07
4.96135e-07
1.21694e-07
-1.03414e-05
2.57318e-05
-1.58778e-05
2.42754e-05
-1.76857e-05
1.21604e-05
-1.72749e-05
1.47898e-06
-1.54556e-05
-5.58215e-06
-1.29696e-05
-9.12149e-06
-1.02974e-05
-1.03269e-05
-7.73704e-06
-1.00457e-05
-5.45659e-06
-8.9385e-06
-3.54175e-06
-7.40098e-06
-2.02912e-06
-5.71604e-06
-9.18026e-07
-4.08803e-06
-1.75981e-07
-2.6254e-06
2.54123e-07
-1.38104e-06
4.40168e-07
-3.9045e-07
4.52222e-07
3.17156e-07
3.50335e-07
6.8229e-07
1.90086e-07
6.56383e-07
3.1175e-07
-1.27608e-05
3.84926e-05
-1.79872e-05
2.95016e-05
-1.91284e-05
1.33015e-05
-1.81122e-05
4.62834e-07
-1.58517e-05
-7.84281e-06
-1.30835e-05
-1.18897e-05
-1.02729e-05
-1.31376e-05
-7.67109e-06
-1.26476e-05
-5.39969e-06
-1.12099e-05
-3.50836e-06
-9.29229e-06
-2.01241e-06
-7.21201e-06
-9.0502e-07
-5.19555e-06
-1.56463e-07
-3.37403e-06
2.85585e-07
-1.82302e-06
4.87278e-07
-5.91889e-07
5.13214e-07
2.91419e-07
4.17431e-07
7.77939e-07
2.42792e-07
8.30901e-07
5.54541e-07
-1.60355e-05
5.45282e-05
-2.04928e-05
3.39589e-05
-2.08142e-05
1.36229e-05
-1.90303e-05
-1.32113e-06
-1.62051e-05
-1.06679e-05
-1.30626e-05
-1.50322e-05
-1.00561e-05
-1.61441e-05
-7.3894e-06
-1.53143e-05
-5.13008e-06
-1.34692e-05
-3.28307e-06
-1.11393e-05
-1.83382e-06
-8.66138e-06
-7.61413e-07
-6.26781e-06
-3.46414e-08
-4.10055e-06
3.94076e-07
-2.25171e-06
5.84068e-07
-7.81924e-07
6.02848e-07
2.72509e-07
4.90449e-07
8.9023e-07
2.91989e-07
1.02953e-06
8.46579e-07
-2.02922e-05
7.48205e-05
-2.32203e-05
3.6887e-05
-2.2597e-05
1.29996e-05
-1.9927e-05
-3.99103e-06
-1.64658e-05
-1.4129e-05
-1.28835e-05
-1.86145e-05
-9.63661e-06
-1.93909e-05
-6.88615e-06
-1.80648e-05
-4.64119e-06
-1.5714e-05
-2.85597e-06
-1.29243e-05
-1.48021e-06
-1.00372e-05
-4.72935e-07
-7.27496e-06
2.02702e-07
-4.77614e-06
5.9157e-07
-2.64086e-06
7.50093e-07
-9.40788e-07
7.32652e-07
2.89979e-07
5.85412e-07
1.03746e-06
3.35952e-07
1.27904e-06
1.18255e-06
-2.82366e-05
0.000103057
-2.55338e-05
3.41842e-05
-2.40924e-05
1.15582e-05
-2.06059e-05
-7.4775e-06
-1.65161e-05
-1.82188e-05
-1.24787e-05
-2.2652e-05
-8.98122e-06
-2.28883e-05
-6.14892e-06
-2.08971e-05
-3.93073e-06
-1.79322e-05
-2.2272e-06
-1.4628e-05
-9.5029e-07
-1.13141e-05
-3.69775e-08
-8.18832e-06
5.58814e-07
-5.37221e-06
8.81638e-07
-2.96373e-06
9.8243e-07
-1.04137e-06
9.09828e-07
3.62765e-07
7.05341e-07
1.24178e-06
3.9584e-07
1.58875e-06
1.57824e-06
9.27961e-06
-2.43475e-05
2.18666e-05
-4.76043e-05
3.37377e-05
-5.35583e-05
4.47744e-05
-5.3905e-05
5.53884e-05
-5.31689e-05
6.58733e-05
-5.2675e-05
7.63949e-05
-5.26478e-05
8.70393e-05
-5.29889e-05
9.78493e-05
-5.35082e-05
0.000108838
-5.39655e-05
0.000119984
-5.40563e-05
0.000131219
-5.33739e-05
0.000142389
-5.13563e-05
0.000153212
-4.72601e-05
0.000163279
-4.02235e-05
0.000172125
-2.94055e-05
0.000179376
-1.41132e-05
0.000184882
6.22252e-06
0.000188838
3.2094e-05
0.000191851
6.40063e-05
0.000194869
0.000102352
0.000200907
0.000146107
0.00020325
0.000234127
9.86269e-06
-3.42102e-05
2.20534e-05
-5.97949e-05
3.32256e-05
-6.47305e-05
4.36475e-05
-6.43269e-05
5.3818e-05
-6.33394e-05
6.39925e-05
-6.28495e-05
7.42837e-05
-6.29389e-05
8.47481e-05
-6.34534e-05
9.5422e-05
-6.41821e-05
0.000106332
-6.48753e-05
0.000117494
-6.52188e-05
0.000128907
-6.47863e-05
0.0001405
-6.29495e-05
0.000152061
-5.88213e-05
0.00016322
-5.13827e-05
0.000173571
-3.97561e-05
0.000182896
-2.34381e-05
0.000191309
-2.19067e-06
0.000199463
2.39401e-05
0.000208887
5.45826e-05
0.000222298
8.89406e-05
0.000242894
0.00012551
0.000170673
0.000275472
1.03834e-05
-4.45936e-05
2.16942e-05
-7.11058e-05
3.18118e-05
-7.4848e-05
4.146e-05
-7.39751e-05
5.11154e-05
-7.29948e-05
6.09396e-05
-7.26737e-05
7.09746e-05
-7.2974e-05
8.12344e-05
-7.37132e-05
9.17325e-05
-7.46802e-05
0.000102488
-7.56306e-05
0.000113533
-7.62638e-05
0.000124926
-7.61795e-05
0.000136695
-7.4718e-05
0.000148687
-7.08138e-05
0.000160519
-6.32143e-05
0.000171745
-5.0982e-05
0.00018221
-3.39031e-05
0.000192069
-1.20502e-05
0.000201961
1.40478e-05
0.000213213
4.33308e-05
0.000227343
7.48108e-05
0.000245285
0.000107568
0.000143108
0.00027285
1.05792e-05
-5.51728e-05
2.06925e-05
-8.12191e-05
2.97269e-05
-8.38825e-05
3.86563e-05
-8.29045e-05
4.78358e-05
-8.21743e-05
5.73188e-05
-8.21567e-05
6.70801e-05
-8.27353e-05
7.70884e-05
-8.37215e-05
8.73177e-05
-8.49095e-05
9.7746e-05
-8.60589e-05
0.000108374
-8.68922e-05
0.000119297
-8.71023e-05
0.000130655
-8.6076e-05
0.000142362
-8.25206e-05
0.000153969
-7.48215e-05
0.000164911
-6.19241e-05
0.000175126
-4.41174e-05
0.000184759
-2.16831e-05
0.000194373
4.43362e-06
0.000205243
3.24602e-05
0.000218703
6.13515e-05
0.000235832
9.04389e-05
0.000119805
0.000259135
1.00398e-05
-6.52126e-05
1.91108e-05
-9.02901e-05
2.73872e-05
-9.21589e-05
3.5794e-05
-9.13113e-05
4.459e-05
-9.09703e-05
5.37642e-05
-9.13309e-05
6.32416e-05
-9.22128e-05
7.29438e-05
-9.34236e-05
8.27907e-05
-9.47564e-05
9.26834e-05
-9.59516e-05
0.000102514
-9.67226e-05
0.000112336
-9.69246e-05
0.000122407
-9.61467e-05
0.000132702
-9.28157e-05
0.000142707
-8.48261e-05
0.000151698
-7.0916e-05
0.000160044
-5.24632e-05
0.000168115
-2.97541e-05
0.000176046
-3.49715e-06
0.000186007
2.24992e-05
0.000198837
4.85212e-05
0.000215538
7.37378e-05
9.85349e-05
0.000236809
8.87783e-06
-7.40904e-05
1.77119e-05
-9.91242e-05
2.55382e-05
-9.99852e-05
3.34811e-05
-9.92542e-05
4.18966e-05
-9.93857e-05
5.0737e-05
-0.000100171
5.9867e-05
-0.000101343
6.91523e-05
-0.000102709
7.84577e-05
-0.000104062
8.76278e-05
-0.000105122
9.64033e-05
-0.000105498
0.000104634
-0.000105155
0.000112591
-0.000104103
0.00012021
-0.000100435
0.000127029
-9.16447e-05
0.000132267
-7.61542e-05
0.000137456
-5.76522e-05
0.000143316
-3.56143e-05
0.000150732
-1.09123e-05
0.000161857
1.13741e-05
0.000175612
3.4766e-05
0.000192523
5.68263e-05
7.759e-05
0.000213468
9.65328e-06
-8.37437e-05
1.82605e-05
-0.000107731
2.47704e-05
-0.000106495
3.19023e-05
-0.000106386
3.98191e-05
-0.000107303
4.82288e-05
-0.000108581
5.68851e-05
-0.000109999
6.55869e-05
-0.000111411
7.41767e-05
-0.000112652
8.25025e-05
-0.000113447
9.02855e-05
-0.000113281
9.72179e-05
-0.000112088
0.00010314
-0.000110025
0.000107605
-0.000104901
0.000111226
-9.52658e-05
0.000111886
-7.68142e-05
0.000113693
-5.94594e-05
0.000117898
-3.98185e-05
0.00012676
-1.97749e-05
0.000138511
-3.77228e-07
0.000152837
2.04401e-05
0.000170211
3.94523e-05
5.61555e-05
0.000191646
1.91585e-05
-0.000102902
2.26707e-05
-0.000111244
2.49783e-05
-0.000108803
3.09551e-05
-0.000112363
3.83663e-05
-0.000114714
4.63265e-05
-0.000116541
5.45023e-05
-0.000118175
6.28521e-05
-0.000119761
7.12015e-05
-0.000121001
7.94531e-05
-0.000121699
8.74606e-05
-0.000121289
9.44258e-05
-0.000119053
9.82745e-05
-0.000113874
9.89835e-05
-0.00010561
0.000107904
-0.000104186
0.000127809
-9.67188e-05
0.000146011
-7.7662e-05
0.000162179
-5.59862e-05
0.000176075
-3.36704e-05
0.000188562
-1.28649e-05
0.000199906
9.09624e-06
0.000206995
3.23637e-05
5.21532e-05
0.000210997
4.62528e-05
-0.000149155
3.1894e-05
-9.68848e-05
2.70822e-05
-0.000103991
3.23974e-05
-0.000117678
3.97602e-05
-0.000122077
4.77533e-05
-0.000124534
5.56614e-05
-0.000126083
6.38542e-05
-0.000127953
7.19534e-05
-0.0001291
8.03281e-05
-0.000130074
9.05209e-05
-0.000131481
0.000105489
-0.000134021
0.000119383
-0.000127768
0.000133771
-0.000119997
0.000143227
-0.000113642
0.000151664
-0.000105156
0.000163824
-8.98226e-05
0.000178477
-7.06394e-05
0.000194991
-5.01839e-05
0.000211953
-2.98276e-05
0.000229702
-8.6527e-06
0.000248998
1.30683e-05
3.46955e-05
0.000266456
2.94146e-05
-0.000178569
3.03944e-05
-9.78652e-05
3.20468e-05
-0.000105643
3.73821e-05
-0.000123013
4.588e-05
-0.000130574
5.56972e-05
-0.000134351
6.70129e-05
-0.000137399
7.88665e-05
-0.000139807
9.11089e-05
-0.000141342
0.000103211
-0.000142176
0.000114014
-0.000142285
0.000121078
-0.000141085
0.00012883
-0.00013552
0.000136692
-0.00012786
0.000142906
-0.000119856
0.000147632
-0.000109882
0.000154433
-9.66228e-05
0.00016476
-8.09666e-05
0.000179051
-6.44754e-05
0.000197336
-4.81124e-05
0.000220406
-3.17222e-05
0.000248135
-1.46607e-05
4.21376e-06
0.000278616
-1.091e-05
-0.000167659
1.38304e-05
-0.000122606
3.22841e-05
-0.000124097
4.40186e-05
-0.000134748
5.46252e-05
-0.000141181
6.48954e-05
-0.000144622
7.46967e-05
-0.0001472
8.40198e-05
-0.00014913
9.28637e-05
-0.000150186
0.00010087
-0.000150182
0.000107383
-0.000148798
0.000111653
-0.000145355
0.000115342
-0.000139209
0.000118583
-0.000131101
0.000120678
-0.00012195
0.000122366
-0.00011157
0.000125677
-9.99339e-05
0.000132409
-8.76983e-05
0.000143832
-7.58989e-05
0.000161008
-6.52881e-05
0.000185141
-5.58548e-05
0.00021693
-4.64499e-05
-3.42093e-05
0.000255353
-8.57319e-06
-0.000159086
1.35465e-05
-0.000144725
3.16579e-05
-0.000142208
4.32141e-05
-0.000146304
5.20818e-05
-0.000150049
6.01032e-05
-0.000152643
6.74809e-05
-0.000154578
7.41651e-05
-0.000155814
8.00104e-05
-0.000156032
8.47077e-05
-0.00015488
8.78915e-05
-0.000151982
8.95068e-05
-0.000146971
9.01128e-05
-0.000139815
8.99804e-05
-0.000130968
8.91685e-05
-0.000121139
8.85212e-05
-0.000110923
8.94707e-05
-0.000100883
9.35943e-05
-9.18218e-05
0.000102385
-8.46896e-05
0.00011742
-8.03234e-05
0.000140514
-7.89482e-05
0.000173081
-7.90169e-05
-7.53079e-05
0.000214179
2.20075e-06
-0.000161286
1.44843e-05
-0.000157009
2.66208e-05
-0.000154345
3.55731e-05
-0.000155257
4.24883e-05
-0.000156964
4.83688e-05
-0.000158524
5.34506e-05
-0.00015966
5.76771e-05
-0.000160041
6.08915e-05
-0.000159246
6.28837e-05
-0.000156872
6.3495e-05
-0.000152593
6.27897e-05
-0.000146265
6.10623e-05
-0.000138087
5.86765e-05
-0.000128583
5.60243e-05
-0.000118486
5.38582e-05
-0.000108757
5.32552e-05
-0.000100281
5.54478e-05
-9.40144e-05
6.17789e-05
-9.10208e-05
7.38402e-05
-9.23847e-05
9.34824e-05
-9.85906e-05
0.000122252
-0.000107787
-0.00011276
0.000159704
4.07085e-06
-0.000165357
1.16014e-05
-0.00016454
1.90453e-05
-0.000161789
2.5117e-05
-0.000161328
2.99212e-05
-0.000161768
3.37673e-05
-0.00016237
3.67398e-05
-0.000162632
3.87741e-05
-0.000162075
3.97543e-05
-0.000160226
3.95713e-05
-0.000156689
3.81964e-05
-0.000151218
3.57483e-05
-0.000143817
3.24779e-05
-0.000134817
2.87564e-05
-0.000124861
2.50866e-05
-0.000114817
2.20743e-05
-0.000105744
2.04748e-05
-9.8681e-05
2.11199e-05
-9.46595e-05
2.49026e-05
-9.48036e-05
3.28047e-05
-0.000100287
4.58157e-05
-0.000111602
6.46176e-05
-0.000126589
-0.000137174
8.90322e-05
2.88087e-06
-0.000168238
6.6995e-06
-0.000168358
1.08181e-05
-0.000165907
1.42934e-05
-0.000164803
1.6961e-05
-0.000164436
1.88209e-05
-0.00016423
1.98387e-05
-0.00016365
1.99413e-05
-0.000162178
1.90574e-05
-0.000159343
1.71588e-05
-0.00015479
1.43021e-05
-0.000148362
1.06539e-05
-0.000140169
6.48282e-06
-0.000130646
2.14216e-06
-0.000120521
-1.93869e-06
-0.000110736
-5.31851e-06
-0.000102365
-7.55364e-06
-9.64458e-05
-8.24193e-06
-9.39712e-05
-7.09313e-06
-9.59525e-05
-4.0631e-06
-0.000103317
5.35839e-07
-0.000116201
6.22422e-06
-0.000132277
-0.000143542
1.25916e-05
6.27616e-07
-0.000168866
1.66782e-06
-0.000169398
3.1075e-06
-0.000167347
4.26792e-06
-0.000165964
4.90299e-06
-0.000165071
4.88861e-06
-0.000164215
4.13372e-06
-0.000162895
2.57023e-06
-0.000160614
1.70514e-07
-0.000156943
-3.0319e-06
-0.000151588
-6.92118e-06
-0.000144472
-1.12957e-05
-0.000135794
-1.5888e-05
-0.000126054
-2.03913e-05
-0.000116017
-2.44938e-05
-0.000106634
-2.79395e-05
-9.89189e-05
-3.056e-05
-9.38253e-05
-3.23328e-05
-9.21985e-05
-3.35095e-05
-9.47758e-05
-3.47918e-05
-0.000102035
-3.73326e-05
-0.00011366
-4.2251e-05
-0.000127359
-0.000136378
-4.94148e-05
-1.66605e-06
-0.0001672
-2.80417e-06
-0.00016826
-3.58596e-06
-0.000166565
-4.44538e-06
-0.000165104
-5.64023e-06
-0.000163876
-7.33493e-06
-0.000162521
-9.6334e-06
-0.000160597
-1.2585e-05
-0.000157663
-1.61776e-05
-0.00015335
-2.03289e-05
-0.000147437
-2.48847e-05
-0.000139917
-2.96313e-05
-0.000131048
-3.43251e-05
-0.00012136
-3.87304e-05
-0.000111612
-4.26622e-05
-0.000102702
-4.60358e-05
-9.55453e-05
-4.89021e-05
-9.0959e-05
-5.15103e-05
-8.95905e-05
-5.44242e-05
-9.18618e-05
-5.86373e-05
-9.78216e-05
-6.54685e-05
-0.000106829
-7.58575e-05
-0.00011697
-0.000124068
-8.81677e-05
-3.54373e-06
-0.000163656
-6.50385e-06
-0.0001653
-9.10036e-06
-0.000163968
-1.1656e-05
-0.000162549
-1.44149e-05
-0.000161117
-1.75392e-05
-0.000159396
-2.11196e-05
-0.000157016
-2.51784e-05
-0.000153604
-2.96685e-05
-0.00014886
-3.44753e-05
-0.00014263
-3.94272e-05
-0.000134965
-4.43194e-05
-0.000126155
-4.89497e-05
-0.00011673
-5.3161e-05
-0.000107401
-5.68828e-05
-9.898e-05
-6.01689e-05
-9.22593e-05
-6.32257e-05
-8.79022e-05
-6.64594e-05
-8.63568e-05
-7.05484e-05
-8.77727e-05
-7.64925e-05
-9.18776e-05
-8.54984e-05
-9.78234e-05
-9.84199e-05
-0.000104049
-0.000108454
-0.000114033
-4.9775e-06
-0.000158678
-9.38328e-06
-0.000160894
-1.34109e-05
-0.000159941
-1.73328e-05
-0.000158627
-2.13628e-05
-0.000157087
-2.56406e-05
-0.000155118
-3.02321e-05
-0.000152424
-3.51318e-05
-0.000148704
-4.02662e-05
-0.000143726
-4.55032e-05
-0.000137393
-5.0671e-05
-0.000129797
-5.55877e-05
-0.000121239
-6.01001e-05
-0.000112217
-6.4124e-05
-0.000103377
-6.76806e-05
-9.54234e-05
-7.09222e-05
-8.90177e-05
-7.41494e-05
-8.4675e-05
-7.78339e-05
-8.26723e-05
-8.2649e-05
-8.29577e-05
-8.94756e-05
-8.50509e-05
-9.93275e-05
-8.79715e-05
-0.000113051
-9.03257e-05
-9.09936e-05
-0.000130512
-5.98583e-06
-0.000152693
-1.14645e-05
-0.000155415
-1.65734e-05
-0.000154832
-2.15428e-05
-0.000153658
-2.65511e-05
-0.000152079
-3.17074e-05
-0.000149962
-3.70508e-05
-0.000147081
-4.2552e-05
-0.000143203
-4.81208e-05
-0.000138157
-5.36203e-05
-0.000131894
-5.889e-05
-0.000124527
-6.37783e-05
-0.00011635
-6.81788e-05
-0.000107817
-7.20673e-05
-9.94887e-05
-7.55296e-05
-9.19611e-05
-7.87775e-05
-8.57698e-05
-8.21541e-05
-8.12985e-05
-8.61348e-05
-7.86916e-05
-9.13254e-05
-7.77672e-05
-9.84434e-05
-7.7933e-05
-0.000108268
-7.81466e-05
-0.000121537
-7.70569e-05
-7.37874e-05
-0.000138743
-6.61099e-06
-0.000146082
-1.28186e-05
-0.000149207
-1.86918e-05
-0.000148959
-2.44141e-05
-0.000147935
-3.01254e-05
-0.000146368
-3.59038e-05
-0.000144184
-4.17634e-05
-0.000141221
-4.76579e-05
-0.000137309
-5.34896e-05
-0.000132326
-5.91258e-05
-0.000126258
-6.44244e-05
-0.000119228
-6.92647e-05
-0.00011151
-7.35807e-05
-0.000103501
-7.73914e-05
-9.5678e-05
-8.08216e-05
-8.8531e-05
-8.41094e-05
-8.2482e-05
-8.76017e-05
-7.78063e-05
-9.17399e-05
-7.45535e-05
-9.7037e-05
-7.24699e-05
-0.000104043
-7.0927e-05
-0.000113302
-6.88879e-05
-0.000125335
-6.50243e-05
-5.84053e-05
-0.000140717
-6.90511e-06
-0.000139176
-1.35401e-05
-0.000142572
-1.98982e-05
-0.000142601
-2.61107e-05
-0.000141723
-3.22782e-05
-0.0001402
-3.84495e-05
-0.000138012
-4.4619e-05
-0.000135052
-5.07298e-05
-0.000131198
-5.66837e-05
-0.000126372
-6.23588e-05
-0.000120582
-6.76337e-05
-0.000113954
-7.2416e-05
-0.000106728
-7.6671e-05
-9.92458e-05
-8.04452e-05
-9.19038e-05
-8.3881e-05
-8.50952e-05
-8.7218e-05
-7.91452e-05
-9.0781e-05
-7.42433e-05
-9.49578e-05
-7.03768e-05
-0.000100163
-6.72644e-05
-0.000106795
-6.42948e-05
-0.000115189
-6.04945e-05
-0.000125613
-5.46006e-05
-4.56155e-05
-0.000138403
-6.92999e-06
-0.000132246
-1.37377e-05
-0.000135764
-2.03406e-05
-0.000135998
-2.68155e-05
-0.000135248
-3.32248e-05
-0.000133791
-3.95917e-05
-0.000131645
-4.58954e-05
-0.000128748
-5.20741e-05
-0.000125019
-5.80344e-05
-0.000120411
-6.36682e-05
-0.000114949
-6.88748e-05
-0.000108747
-7.35858e-05
-0.000102017
-7.77883e-05
-9.50433e-05
-8.15435e-05
-8.81485e-05
-8.49956e-05
-8.16432e-05
-8.83685e-05
-7.57725e-05
-9.19506e-05
-7.06611e-05
-9.60684e-05
-6.62592e-05
-0.000101045
-6.22876e-05
-0.000107153
-5.81872e-05
-0.000114561
-5.30866e-05
-0.000123323
-4.58382e-05
-3.54517e-05
-0.000133487
-6.75162e-06
-0.000125495
-1.35246e-05
-0.000128991
-2.01712e-05
-0.000129351
-2.67162e-05
-0.000128703
-3.31867e-05
-0.00012732
-3.95839e-05
-0.000125248
-4.58761e-05
-0.000122456
-5.20006e-05
-0.000118895
-5.78718e-05
-0.00011454
-6.33964e-05
-0.000109424
-6.84927e-05
-0.000103651
-7.31111e-05
-9.73985e-05
-7.7253e-05
-9.09013e-05
-8.09843e-05
-8.44171e-05
-8.44402e-05
-7.81873e-05
-8.78196e-05
-7.23933e-05
-9.13678e-05
-6.71127e-05
-9.53498e-05
-6.2277e-05
-0.00010001
-5.76276e-05
-0.000105522
-5.26755e-05
-0.000111937
-4.66713e-05
-0.00011916
-3.86149e-05
-2.75859e-05
-0.000127026
-6.43231e-06
-0.000119062
-1.30086e-05
-0.000122415
-1.95359e-05
-0.000122824
-2.59935e-05
-0.000122245
-3.23776e-05
-0.000120936
-3.86708e-05
-0.000118955
-4.48339e-05
-0.000116293
-5.08058e-05
-0.000112923
-5.651e-05
-0.000108836
-6.18676e-05
-0.000104066
-6.68132e-05
-9.8705e-05
-7.13113e-05
-9.29004e-05
-7.53716e-05
-8.68411e-05
-7.90579e-05
-8.07308e-05
-8.24901e-05
-7.4755e-05
-8.58374e-05
-6.9046e-05
-8.93016e-05
-6.36485e-05
-9.3091e-05
-5.84874e-05
-9.73837e-05
-5.33349e-05
-0.000102281
-4.77779e-05
-0.00010776
-4.11923e-05
-0.00011364
-3.27356e-05
-2.15922e-05
-0.000119633
-6.02465e-06
-0.000113037
-1.22851e-05
-0.000116154
-1.85665e-05
-0.000116542
-2.48127e-05
-0.000115999
-3.09939e-05
-0.000114755
-3.70778e-05
-0.000112871
-4.30201e-05
-0.000110351
-4.87623e-05
-0.000107181
-5.42374e-05
-0.000103361
-5.93797e-05
-9.89237e-05
-6.41369e-05
-9.39477e-05
-6.8484e-05
-8.85532e-05
-7.24341e-05
-8.28908e-05
-7.60449e-05
-7.71199e-05
-7.94183e-05
-7.13815e-05
-8.26933e-05
-6.5771e-05
-8.60301e-05
-6.03116e-05
-8.95878e-05
-5.49298e-05
-9.3491e-05
-4.94316e-05
-9.77908e-05
-4.34781e-05
-0.00010242
-3.65626e-05
-0.000107162
-2.79939e-05
-1.70733e-05
-0.000111681
-5.56955e-06
-0.000107468
-1.14338e-05
-0.000110289
-1.73766e-05
-0.000110599
-2.33182e-05
-0.000110058
-2.92087e-05
-0.000108864
-3.50041e-05
-0.000107075
-4.06564e-05
-0.000104698
-4.61109e-05
-0.000101726
-5.13093e-05
-9.81621e-05
-5.6197e-05
-9.40359e-05
-6.07327e-05
-8.9412e-05
-6.48983e-05
-8.43875e-05
-6.87076e-05
-7.90814e-05
-7.22096e-05
-7.36177e-05
-7.5488e-05
-6.81032e-05
-7.86529e-05
-6.26061e-05
-8.18281e-05
-5.71362e-05
-8.51307e-05
-5.16271e-05
-8.86442e-05
-4.59182e-05
-9.2385e-05
-3.97373e-05
-9.62659e-05
-3.26816e-05
-0.000100065
-2.4195e-05
-1.36924e-05
-0.000103445
-5.09682e-06
-0.000102371
-1.05179e-05
-0.000104868
-1.60605e-05
-0.000105056
-2.16323e-05
-0.000104486
-2.71693e-05
-0.000103327
-3.26192e-05
-0.000101626
-3.79321e-05
-9.93857e-05
-4.30569e-05
-9.66015e-05
-4.79434e-05
-9.32758e-05
-5.25463e-05
-8.94331e-05
-5.68328e-05
-8.51256e-05
-6.07895e-05
-8.04307e-05
-6.44288e-05
-7.54422e-05
-6.77906e-05
-7.02559e-05
-7.09408e-05
-6.4953e-05
-7.39642e-05
-5.95827e-05
-7.69531e-05
-5.41472e-05
-7.99909e-05
-4.85893e-05
-8.31297e-05
-4.27795e-05
-8.63637e-05
-3.65033e-05
-8.95998e-05
-2.94455e-05
-9.26298e-05
-2.11649e-05
-1.11778e-05
-9.51442e-05
-4.62641e-06
-9.77442e-05
-9.58474e-06
-9.991e-05
-1.46928e-05
-9.99484e-05
-1.98537e-05
-9.9325e-05
-2.49959e-05
-9.8185e-05
-3.00621e-05
-9.65595e-05
-3.50019e-05
-9.4446e-05
-3.97684e-05
-9.1835e-05
-4.43182e-05
-8.8726e-05
-4.86142e-05
-8.51373e-05
-5.26297e-05
-8.11101e-05
-5.63544e-05
-7.67058e-05
-5.97985e-05
-7.19982e-05
-6.29926e-05
-6.70619e-05
-6.59868e-05
-6.19588e-05
-6.88443e-05
-5.67251e-05
-7.16316e-05
-5.13599e-05
-7.44052e-05
-4.58158e-05
-7.71941e-05
-3.99906e-05
-7.99795e-05
-3.37179e-05
-8.26707e-05
-2.67542e-05
-8.5083e-05
-1.87526e-05
-9.3158e-06
-8.6945e-05
-4.16961e-06
-9.35746e-05
-8.66712e-06
-9.54123e-05
-1.33285e-05
-9.52872e-05
-1.80582e-05
-9.45954e-05
-2.2782e-05
-9.34613e-05
-2.74412e-05
-9.19004e-05
-3.19869e-05
-8.99004e-05
-3.63768e-05
-8.74451e-05
-4.0574e-05
-8.4529e-05
-4.45475e-05
-8.11639e-05
-4.82759e-05
-7.73817e-05
-5.17506e-05
-7.32309e-05
-5.49787e-05
-6.87701e-05
-5.79827e-05
-6.40579e-05
-6.07991e-05
-5.91425e-05
-6.34729e-05
-5.40512e-05
-6.60502e-05
-4.87826e-05
-6.85668e-05
-4.32992e-05
-7.10355e-05
-3.75219e-05
-7.34301e-05
-3.13233e-05
-7.56675e-05
-2.45167e-05
-7.75893e-05
-1.68308e-05
-7.94016e-06
-7.8965e-05
-3.73023e-06
-8.98444e-05
-7.78386e-06
-9.13587e-05
-1.20042e-05
-9.10669e-05
-1.62989e-05
-9.03007e-05
-2.0595e-05
-8.91653e-05
-2.48358e-05
-8.76598e-05
-2.89763e-05
-8.57599e-05
-3.29797e-05
-8.34418e-05
-3.68147e-05
-8.0694e-05
-4.04562e-05
-7.75224e-05
-4.38866e-05
-7.39513e-05
-4.7098e-05
-7.00194e-05
-5.00944e-05
-6.57738e-05
-5.2891e-05
-6.12613e-05
-5.55131e-05
-5.65205e-05
-5.79911e-05
-5.15732e-05
-6.0355e-05
-4.64187e-05
-6.26255e-05
-4.10288e-05
-6.48039e-05
-3.53434e-05
-6.68611e-05
-2.9266e-05
-6.87237e-05
-2.26541e-05
-7.02589e-05
-1.52955e-05
-6.92282e-06
-7.12763e-05
-3.30599e-06
-8.65382e-05
-6.9428e-06
-8.77219e-05
-1.07405e-05
-8.72691e-05
-1.46085e-05
-8.64326e-05
-1.84781e-05
-8.52958e-05
-2.2298e-05
-8.38398e-05
-2.60298e-05
-8.2028e-05
-2.96429e-05
-7.98286e-05
-3.31123e-05
-7.72247e-05
-3.64173e-05
-7.42174e-05
-3.95432e-05
-7.08253e-05
-4.24826e-05
-6.708e-05
-4.52364e-05
-6.30201e-05
-4.78137e-05
-5.86842e-05
-5.02302e-05
-5.4104e-05
-5.25051e-05
-4.92982e-05
-5.46559e-05
-4.42679e-05
-5.66923e-05
-3.89925e-05
-5.86084e-05
-3.34274e-05
-6.03745e-05
-2.74998e-05
-6.19275e-05
-2.11011e-05
-6.31588e-05
-1.40642e-05
-6.16783e-06
-6.39138e-05
-2.89216e-06
-8.36461e-05
-6.14661e-06
-8.44675e-05
-9.5475e-06
-8.38681e-05
-1.30035e-05
-8.29766e-05
-1.64536e-05
-8.18458e-05
-1.98558e-05
-8.04375e-05
-2.31808e-05
-7.8703e-05
-2.64054e-05
-7.66041e-05
-2.95101e-05
-7.412e-05
-3.24785e-05
-7.12489e-05
-3.52981e-05
-6.80057e-05
-3.79612e-05
-6.44169e-05
-4.04661e-05
-6.05153e-05
-4.28166e-05
-5.63338e-05
-4.50211e-05
-5.18996e-05
-4.70897e-05
-4.72296e-05
-4.90308e-05
-4.23268e-05
-5.08459e-05
-3.71774e-05
-5.25246e-05
-3.17487e-05
-5.40385e-05
-2.59858e-05
-5.53343e-05
-1.98053e-05
-5.63246e-05
-1.30739e-05
-5.60563e-06
-5.68869e-05
-2.48942e-06
-8.11568e-05
-5.40142e-06
-8.15555e-05
-8.43201e-06
-8.08375e-05
-1.14901e-05
-7.99185e-05
-1.45281e-05
-7.88078e-05
-1.7518e-05
-7.74474e-05
-2.04413e-05
-7.57796e-05
-2.32827e-05
-7.37626e-05
-2.6028e-05
-7.13747e-05
-2.86639e-05
-6.8613e-05
-3.11792e-05
-6.54904e-05
-3.35656e-05
-6.20305e-05
-3.58192e-05
-5.82618e-05
-3.79398e-05
-5.42133e-05
-3.99298e-05
-4.99095e-05
-4.17929e-05
-4.53665e-05
-4.35303e-05
-4.05894e-05
-4.51378e-05
-3.55699e-05
-4.66019e-05
-3.02845e-05
-4.78961e-05
-2.46915e-05
-4.8976e-05
-1.87253e-05
-4.97727e-05
-1.22772e-05
-5.18736e-06
-5.0191e-05
-2.11503e-06
-7.90417e-05
-4.72539e-06
-7.8945e-05
-7.40409e-06
-7.81587e-05
-1.00697e-05
-7.72528e-05
-1.2698e-05
-7.61794e-05
-1.52793e-05
-7.48658e-05
-1.78073e-05
-7.32515e-05
-2.02737e-05
-7.12962e-05
-2.2668e-05
-6.89804e-05
-2.49786e-05
-6.63024e-05
-2.71947e-05
-6.32745e-05
-2.93073e-05
-5.99179e-05
-3.13105e-05
-5.62586e-05
-3.32012e-05
-5.23226e-05
-3.49781e-05
-4.81326e-05
-3.66397e-05
-4.37048e-05
-3.81822e-05
-3.90468e-05
-3.9597e-05
-3.4155e-05
-4.08685e-05
-2.90129e-05
-4.19716e-05
-2.35884e-05
-4.2869e-05
-1.78279e-05
-4.35073e-05
-1.1639e-05
-4.87909e-06
-4.38155e-05
-1.80833e-06
-7.72333e-05
-4.15188e-06
-7.66013e-05
-6.47821e-06
-7.58322e-05
-8.74065e-06
-7.49903e-05
-1.09524e-05
-7.39675e-05
-1.31259e-05
-7.26921e-05
-1.52652e-05
-7.11121e-05
-1.73664e-05
-6.9195e-05
-1.94201e-05
-6.69266e-05
-2.14148e-05
-6.43078e-05
-2.33387e-05
-6.13506e-05
-2.51821e-05
-5.80745e-05
-2.69379e-05
-5.45028e-05
-2.86011e-05
-5.06593e-05
-3.01682e-05
-4.65654e-05
-3.16349e-05
-4.22381e-05
-3.2994e-05
-3.76877e-05
-3.42337e-05
-3.29152e-05
-3.53359e-05
-2.79106e-05
-3.62754e-05
-2.26488e-05
-3.70194e-05
-1.70839e-05
-3.75264e-05
-1.1132e-05
-4.65772e-06
-3.77477e-05
-1.62501e-06
-7.56082e-05
-3.72225e-06
-7.45041e-05
-5.66435e-06
-7.38899e-05
-7.49311e-06
-7.31615e-05
-9.27378e-06
-7.21868e-05
-1.10388e-05
-7.09271e-05
-1.27972e-05
-6.93537e-05
-1.45445e-05
-6.74477e-05
-1.6269e-05
-6.5202e-05
-1.79573e-05
-6.26196e-05
-1.95961e-05
-5.97118e-05
-2.1175e-05
-5.64957e-05
-2.26861e-05
-5.29917e-05
-2.41245e-05
-4.9221e-05
-2.54859e-05
-4.5204e-05
-2.67653e-05
-4.09587e-05
-2.79544e-05
-3.64985e-05
-2.90395e-05
-3.183e-05
-2.99997e-05
-2.69502e-05
-3.0807e-05
-2.18414e-05
-3.14276e-05
-1.64633e-05
-3.18263e-05
-1.07333e-05
-4.50847e-06
-3.19756e-05
-1.65857e-06
-7.39496e-05
-3.46467e-06
-7.2698e-05
-4.94721e-06
-7.24071e-05
-6.29864e-06
-7.18101e-05
-7.63515e-06
-7.08503e-05
-8.99625e-06
-6.95659e-05
-1.03857e-05
-6.79642e-05
-1.1792e-05
-6.60413e-05
-1.31986e-05
-6.37955e-05
-1.45885e-05
-6.12299e-05
-1.59472e-05
-5.83534e-05
-1.72636e-05
-5.51795e-05
-1.85306e-05
-5.17247e-05
-1.97441e-05
-4.80075e-05
-2.09013e-05
-4.40468e-05
-2.19992e-05
-3.98609e-05
-2.3031e-05
-3.54666e-05
-2.39837e-05
-3.08773e-05
-2.48347e-05
-2.60991e-05
-2.55503e-05
-2.11258e-05
-2.60874e-05
-1.59263e-05
-2.64053e-05
-1.04155e-05
-4.42127e-06
-2.64925e-05
-2.07258e-06
-7.1877e-05
-3.36075e-06
-7.14097e-05
-4.27313e-06
-7.14946e-05
-5.10958e-06
-7.09736e-05
-6.00443e-06
-6.99554e-05
-6.97895e-06
-6.85913e-05
-8.01794e-06
-6.69252e-05
-9.09778e-06
-6.49616e-05
-1.01954e-05
-6.26981e-05
-1.1291e-05
-6.01343e-05
-1.23698e-05
-5.72747e-05
-1.34213e-05
-5.4128e-05
-1.44396e-05
-5.07064e-05
-1.54227e-05
-4.70245e-05
-1.63709e-05
-4.30987e-05
-1.72853e-05
-3.89465e-05
-1.81649e-05
-3.45869e-05
-1.90027e-05
-3.00394e-05
-1.97794e-05
-2.53223e-05
-2.04574e-05
-2.04478e-05
-2.09754e-05
-1.54083e-05
-2.12632e-05
-1.01278e-05
-4.38173e-06
-2.13028e-05
-3.01486e-06
-6.88623e-05
-3.3769e-06
-7.10475e-05
-3.57447e-06
-7.1297e-05
-3.87651e-06
-7.06716e-05
-4.35726e-06
-6.94747e-05
-4.9773e-06
-6.79713e-05
-5.68889e-06
-6.62136e-05
-6.45471e-06
-6.41958e-05
-7.24724e-06
-6.19056e-05
-8.04669e-06
-5.9335e-05
-8.83937e-06
-5.64821e-05
-9.61675e-06
-5.33507e-05
-1.03748e-05
-4.99483e-05
-1.11136e-05
-4.62857e-05
-1.18368e-05
-4.23755e-05
-1.25509e-05
-3.82323e-05
-1.32643e-05
-3.38735e-05
-1.39829e-05
-2.93208e-05
-1.47041e-05
-2.4601e-05
-1.54028e-05
-1.97492e-05
-1.6007e-05
-1.48042e-05
-1.63826e-05
-9.75225e-06
-4.35142e-06
-1.6413e-05
-4.61305e-06
-6.42492e-05
-3.45852e-06
-7.22019e-05
-2.71193e-06
-7.20436e-05
-2.53183e-06
-7.08517e-05
-2.67429e-06
-6.93322e-05
-2.98727e-06
-6.76583e-05
-3.39439e-06
-6.58064e-05
-3.8526e-06
-6.37377e-05
-4.336e-06
-6.14223e-05
-4.82861e-06
-5.88424e-05
-5.3205e-06
-5.59902e-05
-5.80598e-06
-5.28651e-05
-6.28286e-06
-4.94714e-05
-6.75241e-06
-4.58162e-05
-7.21972e-06
-4.19082e-05
-7.69466e-06
-3.77573e-05
-8.19299e-06
-3.33752e-05
-8.73694e-06
-2.87768e-05
-9.35374e-06
-2.39843e-05
-1.00682e-05
-1.90348e-05
-1.08672e-05
-1.40053e-05
-1.16031e-05
-9.01637e-06
-4.14816e-06
-1.18064e-05
-6.97266e-06
-2.41182e-06
-1.23922e-06
-9.48592e-07
-9.17381e-07
-9.94313e-07
-1.12206e-06
-1.27406e-06
-1.4375e-06
-1.60556e-06
-1.77438e-06
-1.94184e-06
-2.10724e-06
-2.27139e-06
-2.43715e-06
-2.61067e-06
-2.80383e-06
-3.03856e-06
-3.35403e-06
-3.81689e-06
-4.54128e-06
-5.73399e-06
-7.40197e-06
0.00014058
9.35463e-05
6.63499e-05
7.42304e-05
1.18463e-05
5.45036e-05
4.34537e-05
-3.16074e-05
0.000273026
9.59918e-05
0.000250831
9.64251e-05
0.000214651
9.06843e-05
8.39395e-05
0.000174165
0.000287877
8.09649e-05
0.000295293
8.90086e-05
0.000291192
9.47861e-05
9.68459e-05
0.000278285
0.000272003
6.80965e-05
0.000284662
7.63497e-05
0.00029452
8.49284e-05
9.24657e-05
0.0002989
0.000247829
5.70757e-05
0.000259815
6.43643e-05
0.000271986
7.27573e-05
8.19649e-05
0.000282487
0.000224677
4.58666e-05
0.000237151
5.1891e-05
0.000250289
5.96192e-05
6.99295e-05
0.000262324
0.000203959
3.35535e-05
0.000218009
3.78406e-05
0.000235686
4.19423e-05
5.45327e-05
0.000251083
0.000214304
3.02471e-05
0.000219851
3.22933e-05
0.000230856
3.09374e-05
3.86627e-05
0.000246726
0.000272666
2.40369e-05
0.000276714
2.82455e-05
0.000276596
3.10555e-05
3.99791e-05
0.000275279
0.000292496
1.01576e-05
0.000304446
1.62951e-05
0.000311288
2.42132e-05
4.02855e-05
0.000310982
0.000274256
-8.74587e-06
0.000292087
-1.53536e-06
0.000306599
9.70056e-06
3.3681e-05
0.000313204
0.000234466
-2.90331e-05
0.000253695
-2.07646e-05
0.000269704
-6.30785e-06
2.37552e-05
0.00027963
0.000178316
-4.7645e-05
0.000196132
-3.85811e-05
0.000211129
-2.13045e-05
9.54737e-06
0.000225337
0.000101447
-6.00595e-05
0.000113895
-5.10294e-05
0.000126211
-3.36207e-05
-4.41451e-06
0.000140173
1.66679e-05
-6.41357e-05
2.18347e-05
-5.61963e-05
2.96013e-05
-4.13874e-05
-1.74564e-05
4.2643e-05
-5.15846e-05
-6.19658e-05
-5.15974e-05
-5.61832e-05
-4.84072e-05
-4.45774e-05
-2.48416e-05
-4.10222e-05
-9.20472e-05
-5.80865e-05
-9.26287e-05
-5.56019e-05
-8.76204e-05
-4.95857e-05
-3.90289e-05
-7.34334e-05
-0.000120416
-5.17032e-05
-0.000124252
-5.17657e-05
-0.000123299
-5.05394e-05
-4.65724e-05
-0.000115755
-0.00013931
-4.29051e-05
-0.000147504
-4.35714e-05
-0.000153663
-4.43807e-05
-4.37109e-05
-0.000156524
-0.000148232
-3.34154e-05
-0.000158354
-3.34496e-05
-0.000168443
-3.42915e-05
-3.44987e-05
-0.000177655
-0.0001494
-2.47326e-05
-0.000159108
-2.37415e-05
-0.000169729
-2.367e-05
-2.34234e-05
-0.000180804
-0.000145489
-1.76459e-05
-0.000153427
-1.58033e-05
-0.000162314
-1.47838e-05
-1.38413e-05
-0.000171896
-0.00013888
-1.22524e-05
-0.000144801
-9.88238e-06
-0.000151372
-8.21342e-06
-6.76132e-06
-0.000158452
-0.000130966
-8.312e-06
-0.000135161
-5.68803e-06
-0.000139717
-3.65719e-06
-1.91515e-06
-0.000144563
-0.000122443
-5.50162e-06
-0.000125321
-2.81013e-06
-0.000128363
-6.15309e-07
1.26434e-06
-0.000131543
-0.000113652
-3.53019e-06
-0.000115582
-8.80059e-07
-0.000117548
1.3502e-06
3.27628e-06
-0.00011956
-0.000104806
-2.16983e-06
-0.000106062
3.76146e-07
-0.000107283
2.57069e-06
4.48712e-06
-0.000108493
-9.60632e-05
-1.25088e-06
-9.68487e-05
1.16154e-06
-9.75587e-05
3.28062e-06
5.15362e-06
-9.82252e-05
-8.75505e-05
-6.45374e-07
-8.80129e-05
1.62387e-06
-8.83804e-05
3.64801e-06
5.45822e-06
-8.8685e-05
-7.93537e-05
-2.56811e-07
-7.96008e-05
1.87101e-06
-7.97465e-05
3.79362e-06
5.53169e-06
-7.982e-05
-7.15184e-05
-1.48415e-08
-7.16274e-05
1.97998e-06
-7.16363e-05
3.80243e-06
5.46584e-06
-7.15704e-05
-6.40587e-05
1.29968e-07
-6.40826e-05
2.00389e-06
-6.40124e-05
3.73219e-06
5.32296e-06
-6.38695e-05
-5.69684e-05
2.1145e-07
-5.69427e-05
1.97819e-06
-5.68313e-05
3.62089e-06
5.14399e-06
-5.66524e-05
-5.02316e-05
2.52055e-07
-5.01791e-05
1.92575e-06
-5.0051e-05
3.4928e-06
4.9551e-06
-4.98621e-05
-4.38293e-05
2.6587e-07
-4.37641e-05
1.86058e-06
-4.36341e-05
3.36276e-06
4.77249e-06
-4.34514e-05
-3.77429e-05
2.61068e-07
-3.76731e-05
1.79079e-06
-3.75499e-05
3.23959e-06
4.60602e-06
-3.73834e-05
-3.19567e-05
2.42208e-07
-3.18871e-05
1.72122e-06
-3.17766e-05
3.12903e-06
4.46234e-06
-3.16329e-05
-2.64627e-05
2.12319e-07
-2.63977e-05
1.65618e-06
-2.63056e-05
3.03695e-06
4.34821e-06
-2.61915e-05
-2.1267e-05
1.76415e-07
-2.12148e-05
1.60397e-06
-2.11525e-05
2.97464e-06
4.27537e-06
-2.10797e-05
-1.6392e-05
1.55356e-07
-1.63831e-05
1.59501e-06
-1.63826e-05
2.97417e-06
4.27137e-06
-1.63787e-05
-1.187e-05
2.18839e-07
-1.20177e-05
1.74271e-06
-1.21739e-05
3.13033e-06
4.39772e-06
-1.23003e-05
-8.06437e-06
-8.6195e-06
-9.04244e-06
-9.36448e-06
-3.17309e-05
0.000103181
-5.24826e-05
5.4936e-05
-5.21512e-05
1.12268e-05
-4.438e-05
-1.52486e-05
-3.43554e-05
-2.82434e-05
-2.44475e-05
-3.256e-05
-1.61946e-05
-3.11413e-05
-9.91422e-06
-2.71775e-05
-5.33468e-06
-2.25117e-05
-2.05236e-06
-1.79104e-05
2.51481e-07
-1.36179e-05
1.7852e-06
-9.72218e-06
2.69544e-06
-6.2825e-06
3.08974e-06
-3.35769e-06
3.05712e-06
-1.00862e-06
2.66135e-06
7.58608e-07
1.99801e-06
1.90518e-06
1.08446e-06
2.50247e-06
2.66274e-06
0.000106623
0.000170723
3.80353e-05
0.000123524
-1.89479e-05
6.82099e-05
-3.32428e-05
-9.53578e-07
-2.91279e-05
-3.23584e-05
-1.96462e-05
-4.2042e-05
-1.08732e-05
-3.99144e-05
-4.45459e-06
-3.35961e-05
-2.32097e-07
-2.67344e-05
2.4224e-06
-2.0565e-05
4.01291e-06
-1.52083e-05
4.87289e-06
-1.0582e-05
5.19036e-06
-6.59992e-06
5.07871e-06
-3.24589e-06
4.60535e-06
-5.35285e-07
3.83737e-06
1.52657e-06
2.79681e-06
2.94595e-06
1.52138e-06
3.77777e-06
4.18419e-06
0.00023137
0.000217638
0.000165579
0.000189315
8.68758e-05
0.000146913
9.75964e-06
7.61627e-05
-1.36155e-05
-8.98323e-06
-1.01909e-05
-4.54664e-05
-2.73876e-06
-4.73665e-05
2.8835e-06
-3.92183e-05
6.26955e-06
-3.01206e-05
7.96241e-06
-2.22578e-05
8.59704e-06
-1.58428e-05
8.58845e-06
-1.05734e-05
8.16453e-06
-6.17622e-06
7.42927e-06
-2.51052e-06
6.42584e-06
4.68257e-07
5.17972e-06
2.7724e-06
3.69923e-06
4.42645e-06
1.9783e-06
5.49863e-06
6.1626e-06
0.000283309
0.000233228
0.000241215
0.000231409
0.000178783
0.000209346
9.34834e-05
0.000161462
2.30638e-05
6.14364e-05
7.87324e-06
-3.02758e-05
1.0006e-05
-4.9499e-05
1.30694e-05
-4.22816e-05
1.4527e-05
-3.15782e-05
1.46577e-05
-2.23886e-05
1.39911e-05
-1.51764e-05
1.29014e-05
-9.48378e-06
1.15833e-05
-4.85816e-06
1.01053e-05
-1.03268e-06
8.47266e-06
2.10093e-06
6.66913e-06
4.57587e-06
4.67533e-06
6.42032e-06
2.4613e-06
7.71265e-06
8.62383e-06
0.000290608
0.000225107
0.000272675
0.000249342
0.000234692
0.000247329
0.000173916
0.000222238
9.0537e-05
0.000144815
4.01983e-05
2.00628e-05
2.88551e-05
-3.81557e-05
2.63214e-05
-3.97478e-05
2.44916e-05
-2.97484e-05
2.23663e-05
-2.02634e-05
2.00349e-05
-1.2845e-05
1.76618e-05
-7.11065e-06
1.53251e-05
-2.52137e-06
1.30138e-05
1.2787e-06
1.06809e-05
4.43357e-06
8.26018e-06
6.99673e-06
5.70017e-06
8.98041e-06
2.95591e-06
1.04569e-05
1.15795e-05
0.000279893
0.000207538
0.000277156
0.000252078
0.000256678
0.000267807
0.000219118
0.000259799
0.00015285
0.000211083
8.44552e-05
8.84573e-05
5.41671e-05
-7.86767e-06
4.23314e-05
-2.79123e-05
3.56766e-05
-2.30937e-05
3.06532e-05
-1.52398e-05
2.63859e-05
-8.57782e-06
2.26115e-05
-3.33638e-06
1.92007e-05
8.89537e-07
1.60287e-05
4.45095e-06
1.29639e-05
7.49844e-06
9.8985e-06
1.00619e-05
6.74856e-06
1.21302e-05
3.45544e-06
1.37501e-05
1.5035e-05
0.00027295
0.000185672
0.000272883
0.000252144
0.000258929
0.000281761
0.000235126
0.000283601
0.000187981
0.000258228
0.000125617
0.000150821
8.2157e-05
3.55927e-05
5.94706e-05
-5.22583e-06
4.69899e-05
-1.06131e-05
3.87808e-05
-7.03053e-06
3.25584e-05
-2.35555e-06
2.74227e-05
1.7995e-06
2.29992e-05
5.31328e-06
1.89988e-05
8.45121e-06
1.52256e-05
1.12717e-05
1.15253e-05
1.37622e-05
7.78904e-06
1.58663e-05
3.94936e-06
1.75896e-05
1.89844e-05
0.000270077
0.000162321
0.000265489
0.000256731
0.000252351
0.0002949
0.00023463
0.000301322
0.000202465
0.000290393
0.000154295
0.000198992
0.000106487
8.34008e-05
7.48442e-05
2.64173e-05
5.68138e-05
7.41737e-06
4.57983e-05
3.98531e-06
3.79708e-05
5.472e-06
3.17854e-05
7.98497e-06
2.65112e-05
1.05877e-05
2.17968e-05
1.31655e-05
1.73839e-05
1.56845e-05
1.30909e-05
1.80552e-05
8.79563e-06
2.01615e-05
4.42983e-06
2.19554e-05
2.34143e-05
0.000268731
0.000168869
0.00025569
0.000269772
0.000240872
0.000309719
0.000225556
0.000316638
0.000203765
0.000312183
0.000169332
0.000233425
0.000121726
0.000131007
8.4624e-05
6.35194e-05
6.32589e-05
2.87826e-05
5.0773e-05
1.6471e-05
4.21827e-05
1.40624e-05
3.54001e-05
1.47677e-05
2.95862e-05
1.64015e-05
2.4333e-05
1.84188e-05
1.93836e-05
2.06339e-05
1.45613e-05
2.28776e-05
9.74913e-06
2.49736e-05
4.88414e-06
2.68203e-05
2.82983e-05
0.000266489
0.000213362
0.000243808
0.000292452
0.000226679
0.000326848
0.000212387
0.00033093
0.000196756
0.000327814
0.000171889
0.000258292
0.000124558
0.000178338
8.62371e-05
0.00010184
6.49742e-05
5.00458e-05
5.31348e-05
2.83103e-05
4.49573e-05
2.22399e-05
3.82213e-05
2.15041e-05
3.21985e-05
2.24243e-05
2.65903e-05
2.40273e-05
2.121e-05
2.60142e-05
1.59235e-05
2.8164e-05
1.06405e-05
3.02566e-05
5.3163e-06
3.21444e-05
3.36145e-05
0.000259199
0.000267367
0.000230605
0.000321046
0.000211659
0.000345794
0.000198207
0.000344382
0.000185991
0.00034003
0.000161794
0.000282489
0.000114333
0.000225799
7.9663e-05
0.000136511
6.22592e-05
6.74499e-05
5.32194e-05
3.73501e-05
4.65788e-05
2.88805e-05
4.04353e-05
2.76479e-05
3.44654e-05
2.83942e-05
2.86286e-05
2.98642e-05
2.2886e-05
3.17568e-05
1.7181e-05
3.38689e-05
1.14653e-05
3.59722e-05
5.71614e-06
3.78935e-05
3.93306e-05
0.000242141
0.000304855
0.000218027
0.000345161
0.000197887
0.000365934
0.000182189
0.000360079
0.000172062
0.000350158
0.000140154
0.000314398
9.54337e-05
0.000270519
6.8468e-05
0.000163477
5.74484e-05
7.84697e-05
5.24746e-05
4.23239e-05
4.78847e-05
3.34705e-05
4.25103e-05
3.30225e-05
3.66283e-05
3.42764e-05
3.05619e-05
3.59305e-05
2.44552e-05
3.78635e-05
1.83424e-05
3.99818e-05
1.22192e-05
4.20952e-05
6.07915e-06
4.40335e-05
4.54097e-05
0.000217933
0.000312259
0.000207313
0.000355781
0.000188895
0.000384352
0.000166738
0.000382236
0.000152199
0.000364696
0.000115723
0.000350874
7.77288e-05
0.000308513
5.91932e-05
0.000182012
5.44849e-05
8.31781e-05
5.31014e-05
4.37074e-05
5.00593e-05
3.65128e-05
4.50348e-05
3.8047e-05
3.89583e-05
4.03529e-05
3.24969e-05
4.23918e-05
2.59443e-05
4.4416e-05
1.94e-05
4.65262e-05
1.28854e-05
4.86099e-05
6.39593e-06
5.05228e-05
5.18056e-05
0.000182838
0.000269595
0.000194102
0.000344517
0.000183653
0.000394801
0.000156361
0.000409527
0.00012877
0.000392288
9.81002e-05
0.000381544
7.09759e-05
0.000335638
5.88033e-05
0.000194185
5.76455e-05
8.43359e-05
5.7494e-05
4.38589e-05
5.42354e-05
3.97715e-05
4.84713e-05
4.38111e-05
4.16065e-05
4.72177e-05
3.44485e-05
4.95498e-05
2.73167e-05
5.15479e-05
2.03064e-05
5.35365e-05
1.34247e-05
5.54916e-05
6.64241e-06
5.73051e-05
5.8448e-05
0.000139774
0.000172464
0.000177452
0.000306839
0.000182295
0.000389958
0.000164358
0.000427464
0.000131867
0.000424779
0.000106627
0.000406784
8.48916e-05
0.000357373
7.35e-05
0.000205577
7.06913e-05
8.71445e-05
6.72469e-05
4.73034e-05
6.08578e-05
4.61606e-05
5.28215e-05
5.18475e-05
4.44336e-05
5.56056e-05
3.62572e-05
5.77263e-05
2.84347e-05
5.93704e-05
2.09596e-05
6.10115e-05
1.37718e-05
6.26794e-05
6.78687e-06
6.429e-05
6.52349e-05
6.99841e-05
6.14576e-05
0.00014245
0.000234373
0.000173359
0.000359049
0.000175836
0.000424988
0.000162142
0.000438472
0.000145376
0.000423551
0.000125174
0.000377574
0.00010663
0.000224121
9.41994e-05
9.95753e-05
8.17065e-05
5.97964e-05
6.90298e-05
5.88373e-05
5.73353e-05
6.3542e-05
4.69019e-05
6.6039e-05
3.75555e-05
6.70726e-05
2.90564e-05
6.78694e-05
2.12084e-05
6.88595e-05
1.38403e-05
7.00474e-05
6.79093e-06
7.13393e-05
7.20258e-05
1.01436e-05
-2.21197e-05
9.88573e-05
0.000145659
0.000150934
0.000306973
0.000174369
0.000401553
0.000181787
0.000431054
0.000182655
0.000422683
0.000173699
0.00038653
0.000148274
0.000249545
0.000121341
0.000126509
9.62277e-05
8.49095e-05
7.59951e-05
7.90699e-05
6.0452e-05
7.9085e-05
4.81144e-05
7.83766e-05
3.78194e-05
7.73674e-05
2.88781e-05
7.68106e-05
2.08826e-05
7.6855e-05
1.3541e-05
7.73891e-05
6.61661e-06
7.82636e-05
7.86424e-05
-7.19008e-05
-6.59738e-05
2.01699e-05
5.35884e-05
0.000108187
0.000218955
0.000156359
0.00035338
0.00017865
0.000408764
0.000191738
0.000409595
0.000199868
0.0003784
0.000174523
0.00027489
0.000136667
0.000164366
0.000102684
0.000118892
7.78523e-05
0.000103902
6.02636e-05
9.66736e-05
4.70904e-05
9.15497e-05
3.65322e-05
8.79255e-05
2.76308e-05
8.57119e-05
1.98465e-05
8.46393e-05
1.28089e-05
8.44266e-05
6.23838e-06
8.48342e-05
8.48808e-05
-0.00014121
-8.12882e-05
-8.36572e-05
-3.96436e-06
1.98472e-05
0.000115451
0.000104009
0.000269219
0.000150863
0.000361909
0.000171615
0.000388843
0.000182015
0.000368001
0.000163528
0.000293377
0.000127642
0.000200251
9.53891e-05
0.000151145
7.20431e-05
0.000127248
5.55637e-05
0.000113153
4.32461e-05
0.000103867
3.34207e-05
9.77509e-05
2.51978e-05
9.39348e-05
1.80562e-05
9.17808e-05
1.16308e-05
9.0852e-05
5.65349e-06
9.08116e-05
9.05343e-05
-0.000187725
-7.12186e-05
-0.000164979
-2.67099e-05
-0.000105876
5.63477e-05
-1.13631e-05
0.000174706
6.54968e-05
0.000285049
0.000107968
0.000346372
0.000124946
0.000351022
0.000119333
0.00029899
9.71156e-05
0.000222469
7.56467e-05
0.000172614
5.91038e-05
0.000143791
4.65968e-05
0.00012566
3.67431e-05
0.000113721
2.86191e-05
0.000105875
2.16876e-05
0.000100866
1.55908e-05
9.78777e-05
1.00571e-05
9.63857e-05
4.8864e-06
9.59822e-05
9.54207e-05
-0.000204536
-4.74873e-05
-0.000215049
-1.61966e-05
-0.000198973
4.02715e-05
-0.000146309
0.000122043
-7.74406e-05
0.00021618
-1.57713e-05
0.000284702
2.90828e-05
0.000306168
5.36857e-05
0.000274387
5.55487e-05
0.000220606
4.944e-05
0.000178723
4.19959e-05
0.000151235
3.48937e-05
0.000132762
2.84418e-05
0.000120173
2.26419e-05
0.000111675
1.74132e-05
0.000106095
1.26378e-05
0.000102653
8.19394e-06
0.00010083
3.98475e-06
0.000100191
9.94055e-05
-0.000194839
-2.45444e-05
-0.000213587
2.55151e-06
-0.000218683
4.5368e-05
-0.000200526
0.000103885
-0.000155676
0.000171331
-9.76235e-05
0.000226649
-4.06026e-05
0.000249147
-3.96354e-07
0.000234181
1.84601e-05
0.000201749
2.42934e-05
0.000172889
2.4588e-05
0.00015094
2.25444e-05
0.000134806
1.95336e-05
0.000123184
1.61881e-05
0.00011502
1.27887e-05
0.000109494
9.44208e-06
0.000106
6.17872e-06
0.000104093
3.00934e-06
0.000103361
0.000102415
-0.000175609
-7.38727e-06
-0.000189986
1.69287e-05
-0.000196332
5.17137e-05
-0.000187799
9.53522e-05
-0.000159025
0.000142556
-0.000114213
0.000181837
-6.59401e-05
0.000200874
-2.85e-05
0.000196741
-6.68733e-06
0.000179937
4.45728e-06
0.000161745
9.51304e-06
0.000145884
1.12023e-05
0.000133117
1.10473e-05
0.000123339
9.89389e-06
0.000116174
8.20771e-06
0.00011118
6.24494e-06
0.000107962
4.1507e-06
0.000106187
2.02299e-06
0.000105489
0.000104438
-0.000156068
4.11785e-06
-0.000164785
2.56456e-05
-0.000167342
5.427e-05
-0.000159673
8.76835e-05
-0.000138944
0.000121827
-0.000107104
0.000149997
-7.1893e-05
0.000165663
-4.24686e-05
0.000167316
-2.23533e-05
0.000159821
-9.79007e-06
0.000149182
-2.38408e-06
0.000138478
1.67516e-06
0.000129057
3.60206e-06
0.000121412
4.19717e-06
0.000115578
3.96894e-06
0.000111409
3.24299e-06
0.000108688
2.22931e-06
0.000107201
1.08003e-06
0.000106638
0.000105518
-0.000138845
1.14203e-05
-0.000143489
3.02896e-05
-0.000143171
5.39513e-05
-0.000135645
8.01583e-05
-0.000119727
0.000105909
-9.69066e-05
0.000127177
-7.16607e-05
0.000140417
-4.91091e-05
0.000144765
-3.17918e-05
0.000142504
-1.94935e-05
0.000136883
-1.11894e-05
0.000130174
-5.83201e-06
0.0001237
-2.54612e-06
0.000118126
-6.74623e-07
0.000113707
2.57225e-07
0.000110477
5.71498e-07
0.000108374
5.03846e-07
0.000107268
2.19213e-07
0.000106922
0.000105737
-0.000123987
1.58472e-05
-0.000126083
3.23857e-05
-0.000124269
5.21376e-05
-0.000117309
7.31978e-05
-0.000104802
9.34018e-05
-8.78769e-05
0.000110252
-6.91682e-05
0.000121708
-5.16165e-05
0.000127213
-3.70002e-05
0.000127888
-2.56896e-05
0.000125573
-1.73582e-05
0.000121843
-1.14418e-05
0.000117784
-7.3617e-06
0.000114046
-4.6217e-06
0.000110967
-2.83278e-06
0.000108688
-1.69362e-06
0.000107235
-9.77142e-07
0.000106552
-5.41013e-07
0.000106486
0.000105196
-0.000110986
1.83399e-05
-0.000111536
3.29354e-05
-0.000109059
4.96611e-05
-0.000102859
6.69978e-05
-9.28564e-05
8.33987e-05
-7.98674e-05
9.72629e-05
-6.55093e-05
0.00010735
-5.15816e-05
0.000113285
-3.93408e-05
0.000115647
-2.92846e-05
0.000115517
-2.1397e-05
0.000113955
-1.54048e-05
0.000111792
-1.09487e-05
0.00010959
-7.67822e-06
0.000107697
-5.28879e-06
0.000106299
-3.5274e-06
0.000105474
-2.19092e-06
0.000105215
-1.16688e-06
0.000105462
0.000104029
-9.94224e-05
1.95372e-05
-9.90365e-05
3.25495e-05
-9.63246e-05
4.69492e-05
-9.08844e-05
6.15576e-05
-8.27545e-05
7.52689e-05
-7.252e-05
8.70283e-05
-6.12215e-05
9.60517e-05
-5.0017e-05
0.000102081
-3.97955e-05
0.000105426
-3.10162e-05
0.000106737
-2.37874e-05
0.000106727
-1.80033e-05
0.000106008
-1.34563e-05
0.000105043
-9.91055e-06
0.000104151
-7.13919e-06
0.000103527
-4.93891e-06
0.000103273
-3.13816e-06
0.000103415
-1.63392e-06
0.000103958
0.000102395
-8.90331e-05
1.98853e-05
-8.80986e-05
3.1615e-05
-8.53759e-05
4.42264e-05
-8.06311e-05
5.68128e-05
-7.39408e-05
6.85786e-05
-6.57258e-05
7.88133e-05
-5.66789e-05
8.70048e-05
-4.75698e-05
9.29717e-05
-3.9027e-05
9.68829e-05
-3.14302e-05
9.91406e-05
-2.49278e-05
0.000100224
-1.95049e-05
0.000100585
-1.50523e-05
0.000100591
-1.1418e-05
0.000100517
-8.4387e-06
0.000100548
-5.95627e-06
0.000100791
-3.82962e-06
0.000101288
-1.96131e-06
0.000102089
0.000100434
-7.96368e-05
1.97021e-05
-7.84131e-05
3.03913e-05
-7.58071e-05
4.16204e-05
-7.16849e-05
5.26905e-05
-6.61292e-05
6.30229e-05
-5.94442e-05
7.21283e-05
-5.21018e-05
7.96624e-05
-4.46251e-05
8.54951e-05
-3.7462e-05
8.97199e-05
-3.09135e-05
9.25922e-05
-2.51296e-05
9.44407e-05
-2.0141e-05
9.55961e-05
-1.58986e-05
9.63482e-05
-1.23083e-05
9.69265e-05
-9.25544e-06
9.74951e-05
-6.62006e-06
9.81555e-05
-4.28847e-06
9.89564e-05
-2.16912e-06
9.997e-05
9.82645e-05
-7.10798e-05
1.92114e-05
-6.97417e-05
2.90532e-05
-6.73259e-05
3.92046e-05
-6.37579e-05
4.91224e-05
-5.91143e-05
5.83792e-05
-5.36163e-05
6.66303e-05
-4.75916e-05
7.36378e-05
-4.14033e-05
7.93069e-05
-3.5374e-05
8.36907e-05
-2.97382e-05
8.69566e-05
-2.46317e-05
8.93342e-05
-2.01038e-05
9.10683e-05
-1.61403e-05
9.23848e-05
-1.26857e-05
9.3472e-05
-9.66112e-06
9.44706e-05
-6.977e-06
9.54714e-05
-4.54302e-06
9.65224e-05
-2.27522e-06
9.77021e-05
9.59892e-05
-6.3225e-05
1.85669e-05
-6.18868e-05
2.7715e-05
-5.96998e-05
3.70176e-05
-5.66246e-05
4.60472e-05
-5.27275e-05
5.44822e-05
-4.81709e-05
6.20739e-05
-4.31868e-05
6.86538e-05
-3.8032e-05
7.41522e-05
-3.29418e-05
7.86006e-05
-2.80976e-05
8.21125e-05
-2.36151e-05
8.48518e-05
-1.95485e-05
8.70017e-05
-1.59022e-05
8.87386e-05
-1.26454e-05
9.02153e-05
-9.7249e-06
9.15501e-05
-7.0746e-06
9.28211e-05
-4.62344e-06
9.40712e-05
-2.29593e-06
9.53745e-05
9.36932e-05
-5.59556e-05
1.78701e-05
-5.46888e-05
2.64482e-05
-5.2747e-05
3.50758e-05
-5.0111e-05
4.34113e-05
-4.68363e-05
5.12076e-05
-4.30433e-05
5.8281e-05
-3.8899e-05
6.45097e-05
-3.45887e-05
6.98421e-05
-3.02859e-05
7.4298e-05
-2.61304e-05
7.79569e-05
-2.22176e-05
8.09391e-05
-1.85993e-05
8.33833e-05
-1.52889e-05
8.54282e-05
-1.22711e-05
8.71975e-05
-9.51028e-06
8.87893e-05
-6.95833e-06
9.02692e-05
-4.55968e-06
9.16725e-05
-2.2477e-06
9.30624e-05
9.14455e-05
-4.91776e-05
1.71856e-05
-4.80247e-05
2.52953e-05
-4.6331e-05
3.33822e-05
-4.40884e-05
4.11687e-05
-4.13419e-05
4.84612e-05
-3.81819e-05
5.51212e-05
-3.47305e-05
6.10586e-05
-3.11235e-05
6.62352e-05
-2.749e-05
7.06646e-05
-2.39377e-05
7.44046e-05
-2.0544e-05
7.75454e-05
-1.73548e-05
8.0194e-05
-1.4387e-05
8.24605e-05
-1.16345e-05
8.4445e-05
-9.07375e-06
8.62287e-05
-6.66987e-06
8.78653e-05
-4.37969e-06
8.93823e-05
-2.14528e-06
9.08279e-05
8.93001e-05
-4.28187e-05
1.6553e-05
-4.18034e-05
2.42801e-05
-4.03533e-05
3.19321e-05
-3.84649e-05
3.92804e-05
-3.61743e-05
4.61708e-05
-3.35496e-05
5.24966e-05
-3.06815e-05
5.81906e-05
-2.76706e-05
6.32244e-05
-2.46141e-05
6.76081e-05
-2.15949e-05
7.13853e-05
-1.86751e-05
7.46255e-05
-1.58936e-05
7.74126e-05
-1.32679e-05
7.98347e-05
-1.07966e-05
8.19738e-05
-8.46465e-06
8.38967e-05
-6.24644e-06
8.56471e-05
-4.10866e-06
8.72444e-05
-2.00133e-06
8.87205e-05
8.72988e-05
-3.68267e-05
1.59962e-05
-3.59613e-05
2.34147e-05
-3.47461e-05
3.07169e-05
-3.31786e-05
3.77131e-05
-3.12869e-05
4.42792e-05
-2.91226e-05
5.03325e-05
-2.67539e-05
5.58221e-05
-2.42564e-05
6.0727e-05
-2.17038e-05
6.50554e-05
-1.91601e-05
6.88415e-05
-1.66744e-05
7.21397e-05
-1.42793e-05
7.50173e-05
-1.19905e-05
7.75459e-05
-9.80941e-06
7.97927e-05
-7.72584e-06
8.18131e-05
-5.72107e-06
8.36423e-05
-3.76914e-06
8.52925e-05
-1.82712e-06
8.67784e-05
8.54717e-05
-3.11687e-05
1.5532e-05
-3.04594e-05
2.27053e-05
-2.94685e-05
2.9726e-05
-2.81926e-05
3.64373e-05
-2.66531e-05
4.27398e-05
-2.48897e-05
4.85692e-05
-2.29543e-05
5.38867e-05
-2.09045e-05
5.86771e-05
-1.87966e-05
6.29474e-05
-1.66801e-05
6.67249e-05
-1.45939e-05
7.00534e-05
-1.25642e-05
7.29876e-05
-1.06046e-05
7.55862e-05
-8.71727e-06
7.79054e-05
-6.89495e-06
7.99908e-05
-5.12331e-06
8.18707e-05
-3.38172e-06
8.35509e-05
-1.63323e-06
8.503e-05
8.38385e-05
-2.58351e-05
1.51755e-05
-2.52852e-05
2.21553e-05
-2.45065e-05
2.89473e-05
-2.34946e-05
3.54254e-05
-2.22665e-05
4.15117e-05
-2.08537e-05
4.71564e-05
-1.92967e-05
5.23297e-05
-1.764e-05
5.70204e-05
-1.59272e-05
6.12344e-05
-1.41965e-05
6.49941e-05
-1.24784e-05
6.83352e-05
-1.07937e-05
7.13028e-05
-9.15348e-06
7.39459e-05
-7.55945e-06
7.63113e-05
-6.00572e-06
7.84371e-05
-4.4803e-06
8.03453e-05
-2.96583e-06
8.20365e-05
-1.43015e-06
8.34943e-05
8.24083e-05
-2.08507e-05
1.49464e-05
-2.04618e-05
2.17663e-05
-1.98801e-05
2.83656e-05
-1.91032e-05
3.46485e-05
-1.81469e-05
4.05555e-05
-1.70382e-05
4.60477e-05
-1.58103e-05
5.11017e-05
-1.44981e-05
5.57081e-05
-1.31355e-05
5.98717e-05
-1.17525e-05
6.36108e-05
-1.03724e-05
6.6955e-05
-9.01146e-06
6.99418e-05
-7.67804e-06
7.26125e-05
-6.37298e-06
7.50063e-05
-5.09041e-06
7.71545e-05
-3.81883e-06
7.90737e-05
-2.54167e-06
8.07594e-05
-1.22989e-06
8.21826e-05
8.11785e-05
-1.63049e-05
1.48725e-05
-1.60765e-05
2.15378e-05
-1.56702e-05
2.79592e-05
-1.50925e-05
3.40708e-05
-1.43639e-05
3.98269e-05
-1.35106e-05
4.51945e-05
-1.25611e-05
5.01522e-05
-1.15441e-05
5.4691e-05
-1.04862e-05
5.88137e-05
-9.41038e-06
6.25349e-05
-8.33465e-06
6.58792e-05
-7.27125e-06
6.88784e-05
-6.22625e-06
7.15675e-05
-5.19952e-06
7.39796e-05
-4.18479e-06
7.61399e-05
-3.16947e-06
7.80585e-05
-2.13357e-06
7.97235e-05
-1.04691e-06
8.10959e-05
8.01316e-05
-1.24277e-05
1.49999e-05
-1.2357e-05
2.1467e-05
-1.20906e-05
2.76929e-05
-1.16621e-05
3.36423e-05
-1.11038e-05
3.92686e-05
-1.04451e-05
4.45357e-05
-9.71252e-06
4.94196e-05
-8.93009e-06
5.39085e-05
-8.11885e-06
5.80024e-05
-7.29635e-06
6.17124e-05
-6.47615e-06
6.5059e-05
-5.66743e-06
6.80696e-05
-4.87487e-06
7.07749e-05
-4.09859e-06
7.32033e-05
-3.33384e-06
7.53751e-05
-2.56969e-06
7.72943e-05
-1.78352e-06
7.89373e-05
-9.24663e-07
8.02371e-05
7.92069e-05
-9.8155e-06
-9.86373e-06
-9.66923e-06
-9.31199e-06
-8.84045e-06
-8.28856e-06
-7.68221e-06
-7.04211e-06
-6.38498e-06
-5.72403e-06
-5.06916e-06
-4.42717e-06
-3.80202e-06
-3.19514e-06
-2.60553e-06
-2.02884e-06
-1.45087e-06
-8.16798e-07
)
;

boundaryField
{
    leftWall
    {
        type            calculated;
        value           uniform 0;
    }
    rightWall
    {
        type            calculated;
        value           uniform 0;
    }
    lowerWall
    {
        type            calculated;
        value           uniform 0;
    }
    atmosphere
    {
        type            calculated;
        value           nonuniform List<scalar> 
46
(
-5.72764e-05
-7.67628e-05
-7.3216e-05
-7.11421e-05
-6.93633e-05
-6.75814e-05
-6.56788e-05
-6.35857e-05
-6.12588e-05
-5.86743e-05
-5.58214e-05
-5.26977e-05
-4.9306e-05
-4.5652e-05
-4.17424e-05
-3.75838e-05
-3.3182e-05
-2.85421e-05
-2.36688e-05
-1.85719e-05
-1.3281e-05
-7.82369e-06
-2.4802e-06
8.81224e-07
2.29782e-06
3.55325e-06
4.71974e-06
1.54509e-05
2.15152e-05
2.74984e-05
3.32851e-05
3.87971e-05
4.39838e-05
4.88133e-05
5.32684e-05
5.73452e-05
6.10514e-05
6.44041e-05
6.74276e-05
7.01498e-05
7.25964e-05
7.47855e-05
7.67176e-05
7.83594e-05
7.9603e-05
7.83901e-05
)
;
    }
    defaultFaces
    {
        type            empty;
        value           nonuniform List<scalar> 0();
    }
}


// ************************************************************************* //
