/*--------------------------------*- C++ -*----------------------------------*\
| =========                 |                                                 |
| \\      /  F ield         | OpenFOAM: The Open Source CFD Toolbox           |
|  \\    /   O peration     | Version:  v2012                                 |
|   \\  /    A nd           | Website:  www.openfoam.com                      |
|    \\/     M anipulation  |                                                 |
\*---------------------------------------------------------------------------*/
FoamFile
{
    version     2.0;
    format      ascii;
    class       volVectorField;
    location    "0.25";
    object      U;
}
// * * * * * * * * * * * * * * * * * * * * * * * * * * * * * * * * * * * * * //

dimensions      [0 1 -1 0 0 0 0];


internalField   nonuniform List<vector> 
2268
(
(-0.0397674 0.0121112 0)
(-0.0387692 -0.00955136 0)
(0.0111131 -0.0193992 0)
(0.0723072 -0.0220546 0)
(0.136928 -0.0218318 0)
(0.201257 -0.0209902 0)
(0.264351 -0.0203367 0)
(0.326673 -0.0199836 0)
(0.388931 -0.0198433 0)
(0.45147 -0.0197757 0)
(0.514116 -0.0196075 0)
(0.576069 -0.0191235 0)
(0.635744 -0.0180442 0)
(0.690468 -0.0159972 0)
(0.736078 -0.0124072 0)
(0.766559 -0.0059891 0)
(0.771041 0.00575083 0)
(0.727689 0.0242736 0)
(0.620951 0.0486338 0)
(0.436567 0.0727397 0)
(0.195037 0.0830723 0)
(-0.138598 0.036454 0)
(-0.141563 -0.0972676 0)
(-0.0180204 0.0250654 0)
(0.00469626 -0.0191983 0)
(0.0551952 -0.0398732 0)
(0.115316 -0.0464251 0)
(0.178481 -0.0472671 0)
(0.241794 -0.0466011 0)
(0.304549 -0.0460216 0)
(0.36704 -0.0458732 0)
(0.429697 -0.0460365 0)
(0.492667 -0.0462191 0)
(0.555661 -0.0460257 0)
(0.617837 -0.04495 0)
(0.677636 -0.0423278 0)
(0.73255 -0.0372682 0)
(0.778942 -0.0285024 0)
(0.811504 -0.0139347 0)
(0.825948 0.00979799 0)
(0.817888 0.0458227 0)
(0.772812 0.0947993 0)
(0.662836 0.149905 0)
(0.47213 0.189601 0)
(0.135575 0.155699 0)
(0.0520962 -0.074581 0)
(0.00296327 0.0210021 0)
(0.0326979 -0.0375128 0)
(0.0851626 -0.0651987 0)
(0.144497 -0.0740321 0)
(0.205946 -0.0753529 0)
(0.267653 -0.0746472 0)
(0.329201 -0.0740183 0)
(0.390818 -0.0739546 0)
(0.452778 -0.074286 0)
(0.515105 -0.0745764 0)
(0.577446 -0.0742276 0)
(0.638953 -0.0724652 0)
(0.698129 -0.068273 0)
(0.752632 -0.0603108 0)
(0.799122 -0.0467867 0)
(0.832993 -0.0253415 0)
(0.848974 0.00743532 0)
(0.842271 0.0560307 0)
(0.806893 0.123859 0)
(0.730383 0.206829 0)
(0.6004 0.281915 0)
(0.341469 0.264939 0)
(0.171037 0.0168992 0)
(0.0134329 0.00907538 0)
(0.0515384 -0.0594916 0)
(0.107486 -0.0920726 0)
(0.167066 -0.102386 0)
(0.22737 -0.103918 0)
(0.287705 -0.103135 0)
(0.348053 -0.10249 0)
(0.408684 -0.102539 0)
(0.469806 -0.103041 0)
(0.531382 -0.103421 0)
(0.593038 -0.102886 0)
(0.65395 -0.10041 0)
(0.712705 -0.0946427 0)
(0.767119 -0.0838296 0)
(0.814101 -0.065705 0)
(0.849525 -0.0374286 0)
(0.868431 0.00468128 0)
(0.865911 0.0651546 0)
(0.837154 0.148075 0)
(0.774961 0.251755 0)
(0.67093 0.357906 0)
(0.467304 0.374432 0)
(0.254333 0.159037 0)
(0.0178534 -0.00748498 0)
(0.0635937 -0.0847494 0)
(0.123641 -0.120116 0)
(0.184224 -0.130941 0)
(0.243974 -0.132363 0)
(0.303304 -0.131483 0)
(0.362638 -0.130899 0)
(0.422363 -0.131141 0)
(0.482687 -0.131877 0)
(0.543563 -0.132394 0)
(0.604634 -0.131724 0)
(0.665137 -0.128601 0)
(0.723765 -0.121371 0)
(0.778498 -0.10789 0)
(0.826479 -0.0854657 0)
(0.863958 -0.0508342 0)
(0.88643 -7.58164e-05 0)
(0.889364 0.0713637 0)
(0.868281 0.167742 0)
(0.817418 0.288868 0)
(0.726473 0.421898 0)
(0.556146 0.48264 0)
(0.316322 0.338175 0)
(0.0200476 -0.0267266 0)
(0.071276 -0.112595 0)
(0.134867 -0.149218 0)
(0.196572 -0.159573 0)
(0.25607 -0.160474 0)
(0.314668 -0.159401 0)
(0.37318 -0.158902 0)
(0.432119 -0.159392 0)
(0.491726 -0.160418 0)
(0.551984 -0.161139 0)
(0.612585 -0.160421 0)
(0.672855 -0.156785 0)
(0.731618 -0.148287 0)
(0.787032 -0.132426 0)
(0.836462 -0.106117 0)
(0.87649 -0.0657385 0)
(0.903074 -0.00717801 0)
(0.912216 0.0741398 0)
(0.899837 0.182664 0)
(0.861014 0.319815 0)
(0.782364 0.478117 0)
(0.63946 0.589563 0)
(0.373969 0.553124 0)
(0.0216386 -0.0476641 0)
(0.0763299 -0.142253 0)
(0.142315 -0.179169 0)
(0.20475 -0.188304 0)
(0.263985 -0.188325 0)
(0.321963 -0.186946 0)
(0.379774 -0.186522 0)
(0.438016 -0.187284 0)
(0.496974 -0.188644 0)
(0.556673 -0.189634 0)
(0.616881 -0.188974 0)
(0.677038 -0.184987 0)
(0.736123 -0.17546 0)
(0.792484 -0.157555 0)
(0.843711 -0.127822 0)
(0.886687 -0.082339 0)
(0.917839 -0.01687 0)
(0.933796 0.073146 0)
(0.931226 0.192366 0)
(0.906476 0.343997 0)
(0.844638 0.525903 0)
(0.73836 0.694601 0)
(0.446112 0.798653 0)
(0.023229 -0.0697542 0)
(0.0797856 -0.173147 0)
(0.146865 -0.209623 0)
(0.209402 -0.217008 0)
(0.268158 -0.215901 0)
(0.325497 -0.214123 0)
(0.38265 -0.213747 0)
(0.440243 -0.214782 0)
(0.498588 -0.216497 0)
(0.557761 -0.21781 0)
(0.617614 -0.217309 0)
(0.677718 -0.213141 0)
(0.737229 -0.202848 0)
(0.794701 -0.183265 0)
(0.847942 -0.150608 0)
(0.894118 -0.100718 0)
(0.930121 -0.0293402 0)
(0.953294 0.0679636 0)
(0.961472 0.195867 0)
(0.953086 0.358937 0)
(0.915814 0.559494 0)
(0.859755 0.783504 0)
(0.536344 1.11813 0)
(0.00964505 0.000728207 0)
(-0.0474449 0.0212853 0)
(-0.132285 0.0165063 0)
(-0.161265 0.00522593 0)
(-0.159042 -0.00260991 0)
(-0.139037 -0.00668571 0)
(-0.111652 -0.00777478 0)
(-0.0831362 -0.00748231 0)
(-0.0569095 -0.00652582 0)
(-0.0349175 -0.00526722 0)
(-0.0178663 -0.00399381 0)
(-0.00563357 -0.00281955 0)
(0.00236353 -0.00178494 0)
(0.00660238 -0.000827625 0)
(0.00756927 5.48648e-05 0)
(0.00595369 0.000626403 0)
(0.00290816 0.000724596 0)
(-0.00032281 0.000134874 0)
(-0.00122599 -0.000819015 0)
(-0.0341381 0.0173336 0)
(-0.100552 0.0489987 0)
(-0.169322 0.0325135 0)
(-0.183451 0.00872715 0)
(-0.174907 -0.00768197 0)
(-0.153476 -0.0160869 0)
(-0.12513 -0.0189336 0)
(-0.0955641 -0.0184448 0)
(-0.0679132 -0.0162235 0)
(-0.0442767 -0.0131371 0)
(-0.0254399 -0.00985147 0)
(-0.0115245 -0.0068105 0)
(-0.00214358 -0.00413885 0)
(0.00331104 -0.00183299 0)
(0.00550783 9.42591e-05 0)
(0.00527159 0.00140517 0)
(0.00364694 0.00185257 0)
(0.00115725 0.00128734 0)
(-0.000486218 5.42681e-05 0)
(-0.060115 0.0536373 0)
(-0.131601 0.0771129 0)
(-0.185559 0.0449615 0)
(-0.193756 0.00950284 0)
(-0.182801 -0.014344 0)
(-0.159518 -0.0265536 0)
(-0.130449 -0.0309376 0)
(-0.100598 -0.0303047 0)
(-0.0726895 -0.0269156 0)
(-0.0486216 -0.0220842 0)
(-0.0291449 -0.0168182 0)
(-0.0144757 -0.0118263 0)
(-0.00437103 -0.00740057 0)
(0.00174822 -0.00362555 0)
(0.00463688 -0.000590711 0)
(0.00515334 0.00156988 0)
(0.00423236 0.00251095 0)
(0.00212256 0.00200775 0)
(0.000360539 0.000242047 0)
(-0.077613 0.0995587 0)
(-0.158176 0.10429 0)
(-0.202467 0.0550895 0)
(-0.204357 0.00874793 0)
(-0.189421 -0.0222064 0)
(-0.163205 -0.0379187 0)
(-0.132726 -0.0434805 0)
(-0.102373 -0.0424966 0)
(-0.0744202 -0.0378586 0)
(-0.0503611 -0.0312972 0)
(-0.0307698 -0.0240812 0)
(-0.0158254 -0.0171325 0)
(-0.00535578 -0.0109134 0)
(0.00114462 -0.0056273 0)
(0.00444222 -0.00142085 0)
(0.00539591 0.00157911 0)
(0.00485108 0.00306302 0)
(0.00295602 0.0027795 0)
(0.00106246 0.000958323 0)
(-0.095119 0.155477 0)
(-0.188171 0.130769 0)
(-0.223085 0.0624925 0)
(-0.216718 0.00547092 0)
(-0.196109 -0.031988 0)
(-0.165664 -0.0505878 0)
(-0.132911 -0.0567353 0)
(-0.101643 -0.0550074 0)
(-0.0736236 -0.0489114 0)
(-0.0498181 -0.0405572 0)
(-0.0304944 -0.0314178 0)
(-0.0156719 -0.022558 0)
(-0.00516905 -0.0145717 0)
(0.00144435 -0.00777811 0)
(0.00489753 -0.00238479 0)
(0.00602065 0.00147316 0)
(0.00559171 0.00353313 0)
(0.0037279 0.0035839 0)
(0.00154526 0.00202776 0)
(-0.11905 0.225196 0)
(-0.225393 0.156187 0)
(-0.247797 0.0666665 0)
(-0.230724 -0.00101161 0)
(-0.202904 -0.0441551 0)
(-0.16699 -0.0648466 0)
(-0.131119 -0.0708093 0)
(-0.0985055 -0.0677828 0)
(-0.0703306 -0.0599217 0)
(-0.0469421 -0.0496615 0)
(-0.0282 -0.0386098 0)
(-0.013866 -0.0278991 0)
(-0.00367275 -0.0182044 0)
(0.00275654 -0.00993943 0)
(0.00609143 -0.00337418 0)
(0.00711463 0.00133416 0)
(0.00654393 0.00401334 0)
(0.00448302 0.0044687 0)
(0.00186575 0.00333801 0)
(-0.152693 0.315934 0)
(-0.268616 0.175796 0)
(-0.27472 0.0668149 0)
(-0.244899 -0.0113166 0)
(-0.209022 -0.0591208 0)
(-0.166828 -0.0810192 0)
(-0.127185 -0.0859206 0)
(-0.0928848 -0.0809191 0)
(-0.0644773 -0.0708769 0)
(-0.0416354 -0.0585189 0)
(-0.0237443 -0.045522 0)
(-0.0102382 -0.0330128 0)
(-0.000701978 -0.0216791 0)
(0.00522465 -0.0119932 0)
(0.00814455 -0.00428374 0)
(0.00879083 0.00127295 0)
(0.00781802 0.00458397 0)
(0.00531447 0.00549272 0)
(0.0021349 0.00482842 0)
(-0.256982 0.306552 0)
(-0.312431 0.170499 0)
(-0.298797 0.0594469 0)
(-0.256262 -0.0268697 0)
(-0.212708 -0.0775975 0)
(-0.164188 -0.099622 0)
(-0.120585 -0.102406 0)
(-0.0845662 -0.0945721 0)
(-0.0560229 -0.0817969 0)
(-0.0339173 -0.0670649 0)
(-0.0171366 -0.0520214 0)
(-0.00477212 -0.0377125 0)
(0.00376954 -0.0247876 0)
(0.00888121 -0.0137354 0)
(0.0111141 -0.00492262 0)
(0.0111248 0.00148135 0)
(0.0095051 0.00543225 0)
(0.00635497 0.00685172 0)
(0.00248188 0.00656822 0)
(0.0256212 -0.106181 0)
(0.0832535 -0.223135 0)
(0.149938 -0.257515 0)
(0.211522 -0.261602 0)
(0.269131 -0.258607 0)
(0.325418 -0.256154 0)
(0.381632 -0.255819 0)
(0.438345 -0.257264 0)
(0.495871 -0.259551 0)
(0.554357 -0.261442 0)
(0.613795 -0.261358 0)
(0.673973 -0.257211 0)
(0.734349 -0.246181 0)
(0.793806 -0.224609 0)
(0.850469 -0.188202 0)
(0.901872 -0.132524 0)
(0.945592 -0.0534839 0)
(0.980123 0.0527367 0)
(1.00557 0.189979 0)
(1.02487 0.362787 0)
(1.04089 0.575697 0)
(1.0919 0.83352 0)
(1.12602 1.29515 0)
(0.0287021 -0.157845 0)
(0.0860678 -0.290984 0)
(0.149053 -0.320674 0)
(0.206881 -0.320156 0)
(0.261687 -0.315117 0)
(0.316029 -0.312198 0)
(0.370844 -0.312203 0)
(0.426479 -0.314407 0)
(0.483154 -0.317697 0)
(0.541036 -0.32072 0)
(0.600244 -0.321775 0)
(0.660847 -0.31857 0)
(0.722739 -0.307869 0)
(0.785249 -0.285304 0)
(0.846782 -0.245861 0)
(0.905047 -0.184916 0)
(0.958124 -0.0991609 0)
(1.00555 0.0136427 0)
(1.04926 0.154806 0)
(1.09506 0.324992 0)
(1.15235 0.523703 0)
(1.23526 0.749009 0)
(1.37128 1.04307 0)
(0.0323032 -0.212619 0)
(0.08713 -0.354939 0)
(0.144063 -0.378374 0)
(0.196834 -0.374391 0)
(0.248292 -0.368668 0)
(0.300429 -0.366233 0)
(0.353689 -0.367142 0)
(0.408127 -0.370446 0)
(0.463802 -0.374982 0)
(0.520799 -0.3794 0)
(0.579237 -0.382011 0)
(0.639377 -0.380524 0)
(0.701585 -0.371419 0)
(0.765689 -0.349485 0)
(0.830217 -0.30871 0)
(0.892606 -0.244244 0)
(0.950953 -0.154026 0)
(1.00513 -0.0376563 0)
(1.05707 0.103237 0)
(1.11208 0.264828 0)
(1.17813 0.44218 0)
(1.25861 0.628061 0)
(1.37841 0.826037 0)
(0.0350247 -0.269864 0)
(0.0851109 -0.412952 0)
(0.135372 -0.429838 0)
(0.183333 -0.424297 0)
(0.231739 -0.419331 0)
(0.281796 -0.418207 0)
(0.333472 -0.420453 0)
(0.386554 -0.425045 0)
(0.440886 -0.430859 0)
(0.496337 -0.436602 0)
(0.552788 -0.440724 0)
(0.610465 -0.441259 0)
(0.670199 -0.434705 0)
(0.732424 -0.41477 0)
(0.79566 -0.373888 0)
(0.856672 -0.306789 0)
(0.913426 -0.213381 0)
(0.966196 -0.0944565 0)
(1.01671 0.0461119 0)
(1.07015 0.199941 0)
(1.13413 0.362225 0)
(1.21335 0.527304 0)
(1.32044 0.696479 0)
(0.0329384 -0.326373 0)
(0.0793013 -0.463978 0)
(0.124641 -0.475684 0)
(0.16914 -0.470439 0)
(0.215218 -0.467346 0)
(0.263494 -0.468162 0)
(0.313642 -0.472085 0)
(0.365205 -0.478103 0)
(0.41777 -0.48514 0)
(0.470861 -0.491923 0)
(0.523814 -0.497006 0)
(0.576395 -0.49909 0)
(0.629684 -0.49514 0)
(0.684684 -0.477466 0)
(0.739777 -0.43621 0)
(0.791113 -0.365355 0)
(0.837218 -0.268736 0)
(0.880236 -0.148113 0)
(0.922146 -0.00765225 0)
(0.969258 0.140477 0)
(1.02884 0.291512 0)
(1.10644 0.441713 0)
(1.20876 0.591053 0)
(0.0235683 -0.378004 0)
(0.0735929 -0.511218 0)
(0.116208 -0.518922 0)
(0.157801 -0.514846 0)
(0.201684 -0.514458 0)
(0.248133 -0.517842 0)
(0.296523 -0.523813 0)
(0.3461 -0.53133 0)
(0.396169 -0.539304 0)
(0.445932 -0.546226 0)
(0.494198 -0.550356 0)
(0.53997 -0.551207 0)
(0.583609 -0.547031 0)
(0.625734 -0.528478 0)
(0.664126 -0.483116 0)
(0.696803 -0.403453 0)
(0.724541 -0.297943 0)
(0.751049 -0.168678 0)
(0.783579 -0.0212103 0)
(0.836811 0.121331 0)
(0.902122 0.256092 0)
(0.98328 0.382469 0)
(1.08636 0.503939 0)
(0.0231959 -0.42752 0)
(0.0807633 -0.561029 0)
(0.114847 -0.562187 0)
(0.15089 -0.559318 0)
(0.191694 -0.561898 0)
(0.235829 -0.567552 0)
(0.281844 -0.574719 0)
(0.328591 -0.582389 0)
(0.375221 -0.589159 0)
(0.420742 -0.593403 0)
(0.463991 -0.592705 0)
(0.504409 -0.587013 0)
(0.54023 -0.577362 0)
(0.568253 -0.553026 0)
(0.585649 -0.499833 0)
(0.600781 -0.405376 0)
(0.606517 -0.297101 0)
(0.61405 -0.176353 0)
(0.650815 -0.0467444 0)
(0.709612 0.0751712 0)
(0.77853 0.208035 0)
(0.86207 0.334094 0)
(0.968186 0.449668 0)
(0.0868148 -0.484224 0)
(0.119612 -0.607097 0)
(0.121087 -0.594883 0)
(0.147615 -0.595428 0)
(0.184978 -0.60078 0)
(0.226799 -0.606978 0)
(0.270289 -0.612977 0)
(0.314707 -0.617868 0)
(0.359788 -0.621402 0)
(0.404204 -0.62177 0)
(0.447144 -0.614444 0)
(0.491216 -0.592742 0)
(0.524297 -0.577779 0)
(0.533211 -0.553569 0)
(0.521862 -0.509202 0)
(0.643121 -0.451135 0)
(0.738378 -0.368931 0)
(0.82692 -0.27642 0)
(0.907349 -0.188865 0)
(0.982099 -0.104173 0)
(1.0464 -0.0110875 0)
(1.09805 0.0752069 0)
(1.13634 0.153906 0)
(0.289224 -0.618247 0)
(0.204319 -0.608311 0)
(0.135819 -0.581683 0)
(0.156259 -0.607384 0)
(0.192248 -0.618104 0)
(0.234644 -0.620503 0)
(0.277349 -0.617337 0)
(0.320768 -0.624748 0)
(0.364868 -0.632857 0)
(0.407458 -0.640884 0)
(0.450488 -0.654636 0)
(0.530994 -0.698705 0)
(0.605536 -0.670415 0)
(0.68075 -0.61502 0)
(0.740289 -0.614737 0)
(0.791535 -0.557073 0)
(0.845612 -0.463017 0)
(0.915632 -0.349501 0)
(0.99922 -0.228219 0)
(1.09019 -0.103338 0)
(1.18427 0.0234892 0)
(1.28463 0.142884 0)
(1.38358 0.2518 0)
(0.319862 -0.904012 0)
(0.119067 -0.494236 0)
(0.144636 -0.546013 0)
(0.185773 -0.647178 0)
(0.222046 -0.687383 0)
(0.27089 -0.71674 0)
(0.32898 -0.747847 0)
(0.391663 -0.769912 0)
(0.456742 -0.782247 0)
(0.52248 -0.789906 0)
(0.583599 -0.791791 0)
(0.632655 -0.765636 0)
(0.671735 -0.722815 0)
(0.713722 -0.675973 0)
(0.751621 -0.639445 0)
(0.779616 -0.587827 0)
(0.807818 -0.510203 0)
(0.851627 -0.415123 0)
(0.917007 -0.312817 0)
(1.0045 -0.209353 0)
(1.11511 -0.10302 0)
(1.25239 0.00973105 0)
(1.41184 0.128442 0)
(-0.122979 -1.05186 0)
(0.0180436 -0.514785 0)
(0.129288 -0.590431 0)
(0.208519 -0.70669 0)
(0.266052 -0.756036 0)
(0.320935 -0.775921 0)
(0.374919 -0.78599 0)
(0.426535 -0.791802 0)
(0.475599 -0.794212 0)
(0.521373 -0.793876 0)
(0.56069 -0.789527 0)
(0.589642 -0.775336 0)
(0.610562 -0.744634 0)
(0.628866 -0.703445 0)
(0.642893 -0.656951 0)
(0.651765 -0.601548 0)
(0.662635 -0.534082 0)
(0.687357 -0.458827 0)
(0.734704 -0.382227 0)
(0.810499 -0.308456 0)
(0.920129 -0.236562 0)
(1.07045 -0.161799 0)
(1.26262 -0.0741478 0)
(-0.0848994 -0.858905 0)
(0.0140909 -0.726477 0)
(0.129954 -0.726077 0)
(0.205322 -0.760889 0)
(0.257432 -0.786104 0)
(0.301842 -0.802323 0)
(0.343167 -0.814645 0)
(0.381157 -0.823619 0)
(0.415087 -0.827691 0)
(0.443695 -0.825173 0)
(0.465029 -0.814066 0)
(0.477879 -0.791818 0)
(0.483383 -0.756274 0)
(0.484188 -0.710506 0)
(0.481213 -0.658608 0)
(0.475962 -0.602412 0)
(0.474713 -0.543714 0)
(0.486424 -0.486476 0)
(0.519486 -0.435794 0)
(0.581909 -0.395552 0)
(0.682436 -0.366159 0)
(0.831059 -0.340714 0)
(1.03317 -0.298054 0)
(-0.00894326 -0.862749 0)
(0.0386051 -0.822609 0)
(0.114617 -0.808401 0)
(0.169801 -0.818101 0)
(0.211051 -0.831079 0)
(0.24489 -0.842038 0)
(0.2743 -0.850492 0)
(0.299472 -0.855082 0)
(0.319674 -0.853689 0)
(0.333821 -0.844184 0)
(0.340838 -0.824642 0)
(0.340461 -0.79382 0)
(0.333575 -0.752162 0)
(0.321908 -0.702187 0)
(0.307922 -0.647904 0)
(0.293705 -0.593712 0)
(0.284808 -0.543734 0)
(0.287658 -0.502868 0)
(0.309174 -0.476532 0)
(0.35718 -0.470005 0)
(0.440909 -0.48556 0)
(0.570162 -0.514476 0)
(0.749343 -0.523493 0)
(0.00869755 -0.884114 0)
(0.040606 -0.874433 0)
(0.0837356 -0.858367 0)
(0.120059 -0.858029 0)
(0.148967 -0.862933 0)
(0.172053 -0.868479 0)
(0.190398 -0.87222 0)
(0.20397 -0.871751 0)
(0.212192 -0.864563 0)
(0.214385 -0.848441 0)
(0.210128 -0.82183 0)
(0.199656 -0.784366 0)
(0.183993 -0.73758 0)
(0.164662 -0.684658 0)
(0.144191 -0.629911 0)
(0.125354 -0.578977 0)
(0.112052 -0.537276 0)
(0.108625 -0.51032 0)
(0.119766 -0.504226 0)
(0.150781 -0.525491 0)
(0.207175 -0.577173 0)
(0.292577 -0.648243 0)
(0.403654 -0.695571 0)
(0.00576673 -0.903361 0)
(0.0257662 -0.90268 0)
(0.0475305 -0.88807 0)
(0.068232 -0.883157 0)
(0.0848611 -0.882873 0)
(0.0970964 -0.883698 0)
(0.104912 -0.882712 0)
(0.10801 -0.87711 0)
(0.105957 -0.864277 0)
(0.0984428 -0.84216 0)
(0.0855238 -0.809672 0)
(0.0678111 -0.767145 0)
(0.0464726 -0.716697 0)
(0.0231637 -0.662114 0)
(2.07786e-05 -0.608337 0)
(-0.0205539 -0.561253 0)
(-0.036068 -0.526605 0)
(-0.0441397 -0.510022 0)
(-0.0427345 -0.517531 0)
(-0.0305129 -0.555137 0)
(-0.00813318 -0.624623 0)
(0.0191065 -0.712935 0)
(0.0438486 -0.773205 0)
(-0.00114632 -0.913548 0)
(0.00616812 -0.913903 0)
(0.0129073 -0.902099 0)
(0.020292 -0.895118 0)
(0.0253723 -0.891435 0)
(0.0272081 -0.888361 0)
(0.0252521 -0.883054 0)
(0.0190801 -0.872722 0)
(0.00841344 -0.854898 0)
(-0.00674792 -0.827827 0)
(-0.0259963 -0.790878 0)
(-0.0484556 -0.744921 0)
(-0.0728532 -0.692523 0)
(-0.0976313 -0.637791 0)
(-0.121076 -0.585919 0)
(-0.14158 -0.542622 0)
(-0.157902 -0.513353 0)
(-0.169396 -0.503173 0)
(-0.176448 -0.516914 0)
(-0.181197 -0.558423 0)
(-0.189126 -0.627065 0)
(-0.210133 -0.709574 0)
(-0.250205 -0.763533 0)
(-0.00808186 -0.909119 0)
(-0.0124678 -0.913286 0)
(-0.0172846 -0.903265 0)
(-0.0212402 -0.895441 0)
(-0.0264863 -0.889533 0)
(-0.03406 -0.883383 0)
(-0.0446822 -0.874429 0)
(-0.0587672 -0.860121 0)
(-0.0764215 -0.838284 0)
(-0.0973865 -0.807532 0)
(-0.121002 -0.76766 0)
(-0.146246 -0.719934 0)
(-0.171859 -0.667184 0)
(-0.196525 -0.613584 0)
(-0.219058 -0.564176 0)
(-0.238663 -0.524217 0)
(-0.255152 -0.498513 0)
(-0.269213 -0.491109 0)
(-0.282851 -0.505091 0)
(-0.30004 -0.541735 0)
(-0.327654 -0.598227 0)
(-0.374954 -0.663027 0)
(-0.44262 -0.706953 0)
(-0.0136653 -0.894226 0)
(-0.0279102 -0.901708 0)
(-0.0421797 -0.893595 0)
(-0.0555018 -0.885755 0)
(-0.0695329 -0.878453 0)
(-0.0851668 -0.869993 0)
(-0.103098 -0.858182 0)
(-0.123638 -0.840819 0)
(-0.146719 -0.816101 0)
(-0.171886 -0.78302 0)
(-0.198331 -0.741724 0)
(-0.225 -0.693728 0)
(-0.25076 -0.641928 0)
(-0.274613 -0.590336 0)
(-0.295903 -0.543592 0)
(-0.314525 -0.506324 0)
(-0.331103 -0.482524 0)
(-0.347203 -0.475106 0)
(-0.365655 -0.485506 0)
(-0.390923 -0.512936 0)
(-0.429368 -0.553227 0)
(-0.48857 -0.597295 0)
(-0.569207 -0.630087 0)
(-0.01781 -0.870579 0)
(-0.0398285 -0.881295 0)
(-0.0615702 -0.87523 0)
(-0.0823772 -0.867836 0)
(-0.103536 -0.859732 0)
(-0.125718 -0.84964 0)
(-0.149496 -0.83577 0)
(-0.175044 -0.816309 0)
(-0.202141 -0.789831 0)
(-0.230204 -0.755676 0)
(-0.25837 -0.714251 0)
(-0.285641 -0.667184 0)
(-0.311075 -0.617271 0)
(-0.334004 -0.5682 0)
(-0.354228 -0.52407 0)
(-0.372169 -0.488801 0)
(-0.388994 -0.465551 0)
(-0.406743 -0.456216 0)
(-0.428484 -0.460948 0)
(-0.458426 -0.477561 0)
(-0.501808 -0.501022 0)
(-0.564723 -0.523627 0)
(-0.649547 -0.538091 0)
(-0.0205996 -0.840504 0)
(-0.0483305 -0.854168 0)
(-0.0756907 -0.85015 0)
(-0.102212 -0.843447 0)
(-0.12886 -0.834972 0)
(-0.156069 -0.823836 0)
(-0.184257 -0.808642 0)
(-0.213464 -0.78796 0)
(-0.243355 -0.760717 0)
(-0.273285 -0.726536 0)
(-0.302405 -0.685994 0)
(-0.329826 -0.640715 0)
(-0.354818 -0.593282 0)
(-0.377005 -0.546959 0)
(-0.396534 -0.505251 0)
(-0.414177 -0.471369 0)
(-0.4314 -0.447708 0)
(-0.450403 -0.435347 0)
(-0.47413 -0.433561 0)
(-0.506196 -0.439341 0)
(-0.550659 -0.447141 0)
(-0.612046 -0.449642 0)
(-0.693319 -0.442078 0)
(-0.0221709 -0.806135 0)
(-0.0537266 -0.822256 0)
(-0.0850235 -0.820151 0)
(-0.115636 -0.814248 0)
(-0.146242 -0.805718 0)
(-0.177046 -0.794025 0)
(-0.208316 -0.778138 0)
(-0.239979 -0.756976 0)
(-0.271633 -0.729771 0)
(-0.302621 -0.696367 0)
(-0.332156 -0.657422 0)
(-0.359483 -0.614474 0)
(-0.384068 -0.569825 0)
(-0.405769 -0.526278 0)
(-0.424962 -0.486746 0)
(-0.442609 -0.453788 0)
(-0.460276 -0.42915 0)
(-0.480108 -0.413305 0)
(-0.504732 -0.40501 0)
(-0.537062 -0.400888 0)
(-0.580097 -0.395254 0)
(-0.636858 -0.380856 0)
(-0.709552 -0.35292 0)
(-0.0226905 -0.769373 0)
(-0.056426 -0.787285 0)
(-0.0901861 -0.786833 0)
(-0.123452 -0.781741 0)
(-0.156641 -0.773379 0)
(-0.189756 -0.761518 0)
(-0.22293 -0.745447 0)
(-0.25601 -0.724389 0)
(-0.288563 -0.697824 0)
(-0.319962 -0.665752 0)
(-0.349508 -0.628851 0)
(-0.376582 -0.588517 0)
(-0.400813 -0.546741 0)
(-0.422225 -0.505871 0)
(-0.441323 -0.468271 0)
(-0.459133 -0.435932 0)
(-0.477177 -0.410077 0)
(-0.49741 -0.390768 0)
(-0.522062 -0.376513 0)
(-0.553368 -0.363914 0)
(-0.5934 -0.347494 0)
(-0.643924 -0.320212 0)
(-0.705718 -0.276793 0)
(-0.0223724 -0.731823 0)
(-0.0569083 -0.75075 0)
(-0.0918729 -0.751594 0)
(-0.126549 -0.74725 0)
(-0.161126 -0.739201 0)
(-0.195439 -0.727466 0)
(-0.229509 -0.711599 0)
(-0.263128 -0.691071 0)
(-0.295864 -0.665559 0)
(-0.327146 -0.635161 0)
(-0.35637 -0.600533 0)
(-0.383044 -0.562898 0)
(-0.406924 -0.523939 0)
(-0.428134 -0.485579 0)
(-0.447234 -0.4497 0)
(-0.465218 -0.417816 0)
(-0.483479 -0.390751 0)
(-0.503712 -0.368307 0)
(-0.527735 -0.348943 0)
(-0.557189 -0.32947 0)
(-0.593395 -0.304882 0)
(-0.637185 -0.268641 0)
(-0.687987 -0.215315 0)
(-0.021458 -0.694754 0)
(-0.0556814 -0.713897 0)
(-0.0907997 -0.715625 0)
(-0.125839 -0.711908 0)
(-0.160797 -0.70425 0)
(-0.195373 -0.692847 0)
(-0.229497 -0.677459 0)
(-0.262931 -0.657751 0)
(-0.295263 -0.633542 0)
(-0.325988 -0.604991 0)
(-0.354599 -0.572699 0)
(-0.380711 -0.537712 0)
(-0.404173 -0.501421 0)
(-0.425162 -0.465378 0)
(-0.444229 -0.431052 0)
(-0.462285 -0.399574 0)
(-0.480543 -0.371469 0)
(-0.500418 -0.3464 0)
(-0.523343 -0.3229 0)
(-0.55047 -0.298131 0)
(-0.582546 -0.26771 0)
(-0.619784 -0.225833 0)
(-0.660705 -0.167299 0)
(-0.0201743 -0.659091 0)
(-0.0532311 -0.677725 0)
(-0.087651 -0.679911 0)
(-0.1222 -0.676659 0)
(-0.156713 -0.669412 0)
(-0.19079 -0.658468 0)
(-0.22429 -0.643735 0)
(-0.256955 -0.62502 0)
(-0.288409 -0.60224 0)
(-0.318213 -0.57558 0)
(-0.345951 -0.545573 0)
(-0.371325 -0.513094 0)
(-0.394247 -0.479275 0)
(-0.414911 -0.445348 0)
(-0.433821 -0.412446 0)
(-0.451774 -0.381398 0)
(-0.469787 -0.352518 0)
(-0.489003 -0.325407 0)
(-0.510516 -0.298751 0)
(-0.535092 -0.270117 0)
(-0.563075 -0.235806 0)
(-0.594305 -0.190856 0)
(-0.626867 -0.130555 0)
(-0.018702 -0.625444 0)
(-0.0499815 -0.64299 0)
(-0.0830405 -0.645233 0)
(-0.116427 -0.642261 0)
(-0.149844 -0.635394 0)
(-0.182824 -0.624971 0)
(-0.215169 -0.610989 0)
(-0.246613 -0.593347 0)
(-0.276816 -0.572026 0)
(-0.305404 -0.547214 0)
(-0.332041 -0.519368 0)
(-0.356497 -0.489207 0)
(-0.378725 -0.45764 0)
(-0.398911 -0.425634 0)
(-0.417493 -0.394056 0)
(-0.435138 -0.363502 0)
(-0.452672 -0.334145 0)
(-0.470994 -0.305577 0)
(-0.490908 -0.276664 0)
(-0.51289 -0.245389 0)
(-0.537013 -0.208719 0)
(-0.562927 -0.162536 0)
(-0.588612 -0.102743 0)
(-0.0171675 -0.594166 0)
(-0.0462775 -0.610223 0)
(-0.077492 -0.612175 0)
(-0.109214 -0.609295 0)
(-0.141046 -0.602744 0)
(-0.172478 -0.592848 0)
(-0.203268 -0.579646 0)
(-0.233152 -0.56309 0)
(-0.261821 -0.543193 0)
(-0.288964 -0.520127 0)
(-0.314307 -0.494275 0)
(-0.337676 -0.46622 0)
(-0.359048 -0.436682 0)
(-0.378587 -0.406416 0)
(-0.396655 -0.37608 0)
(-0.413791 -0.346102 0)
(-0.430645 -0.316562 0)
(-0.4479 -0.287076 0)
(-0.466133 -0.256695 0)
(-0.485604 -0.223786 0)
(-0.506216 -0.185921 0)
(-0.527552 -0.139763 0)
(-0.547681 -0.0818464 0)
(-0.0156487 -0.565414 0)
(-0.042382 -0.579759 0)
(-0.0714342 -0.581145 0)
(-0.101143 -0.57818 0)
(-0.131043 -0.571859 0)
(-0.160603 -0.562459 0)
(-0.189554 -0.550021 0)
(-0.217633 -0.534514 0)
(-0.244566 -0.515959 0)
(-0.27009 -0.494504 0)
(-0.293987 -0.470459 0)
(-0.316122 -0.444292 0)
(-0.336485 -0.416569 0)
(-0.355212 -0.387876 0)
(-0.372593 -0.358713 0)
(-0.389043 -0.329388 0)
(-0.405058 -0.299927 0)
(-0.421142 -0.269993 0)
(-0.43769 -0.238808 0)
(-0.454814 -0.205075 0)
(-0.472321 -0.166883 0)
(-0.489798 -0.121571 0)
(-0.505509 -0.0662615 0)
(-0.0141836 -0.539216 0)
(-0.0384816 -0.551765 0)
(-0.0652011 -0.552395 0)
(-0.0926825 -0.549197 0)
(-0.120426 -0.543015 0)
(-0.147898 -0.534056 0)
(-0.174816 -0.522332 0)
(-0.200925 -0.507804 0)
(-0.225983 -0.490483 0)
(-0.249767 -0.470482 0)
(-0.272101 -0.448051 0)
(-0.292882 -0.423558 0)
(-0.312104 -0.397448 0)
(-0.329875 -0.370176 0)
(-0.346415 -0.342121 0)
(-0.362035 -0.313511 0)
(-0.377099 -0.284346 0)
(-0.391962 -0.254342 0)
(-0.406882 -0.222879 0)
(-0.421872 -0.188943 0)
(-0.43669 -0.151047 0)
(-0.450968 -0.107093 0)
(-0.463212 -0.0547099 0)
(-0.0127796 -0.515521 0)
(-0.0346924 -0.526279 0)
(-0.0590335 -0.526046 0)
(-0.0841887 -0.522507 0)
(-0.109652 -0.516384 0)
(-0.134908 -0.507801 0)
(-0.159673 -0.496724 0)
(-0.183709 -0.483085 0)
(-0.206801 -0.46687 0)
(-0.228765 -0.448161 0)
(-0.249456 -0.427149 0)
(-0.268791 -0.404126 0)
(-0.286765 -0.379441 0)
(-0.30346 -0.353449 0)
(-0.319034 -0.326441 0)
(-0.333712 -0.298587 0)
(-0.347748 -0.269881 0)
(-0.361382 -0.240096 0)
(-0.374766 -0.208748 0)
(-0.387849 -0.175055 0)
(-0.400376 -0.137875 0)
(-0.412038 -0.0955603 0)
(-0.421589 -0.0461669 0)
(-0.01142 -0.494237 0)
(-0.0310682 -0.503244 0)
(-0.0530834 -0.502107 0)
(-0.0759064 -0.49817 0)
(-0.0990502 -0.49205 0)
(-0.12203 -0.483786 0)
(-0.14458 -0.473283 0)
(-0.166485 -0.460433 0)
(-0.187562 -0.445192 0)
(-0.207657 -0.427606 0)
(-0.226653 -0.407824 0)
(-0.24448 -0.386077 0)
(-0.261129 -0.362641 0)
(-0.276654 -0.337796 0)
(-0.291166 -0.31177 0)
(-0.304819 -0.284695 0)
(-0.31778 -0.256566 0)
(-0.330199 -0.22721 0)
(-0.342152 -0.196258 0)
(-0.353548 -0.163114 0)
(-0.36414 -0.126907 0)
(-0.373681 -0.0863491 0)
(-0.381157 -0.0398436 0)
(-0.0100681 -0.475265 0)
(-0.0276161 -0.482537 0)
(-0.0474295 -0.480509 0)
(-0.067982 -0.476169 0)
(-0.0888261 -0.470032 0)
(-0.109523 -0.462046 0)
(-0.129837 -0.452047 0)
(-0.149591 -0.439885 0)
(-0.168635 -0.425483 0)
(-0.186843 -0.408859 0)
(-0.204117 -0.390126 0)
(-0.220398 -0.36947 0)
(-0.235669 -0.347116 0)
(-0.249961 -0.32329 0)
(-0.263344 -0.298175 0)
(-0.275914 -0.27188 0)
(-0.287774 -0.244405 0)
(-0.299006 -0.215622 0)
(-0.309633 -0.185256 0)
(-0.319541 -0.152858 0)
(-0.328502 -0.117766 0)
(-0.336324 -0.0789693 0)
(-0.342208 -0.0351523 0)
(-0.00867729 -0.458536 0)
(-0.0243284 -0.463992 0)
(-0.0421091 -0.461125 0)
(-0.0604884 -0.456435 0)
(-0.0790853 -0.450302 0)
(-0.0975214 -0.442574 0)
(-0.115613 -0.433019 0)
(-0.133225 -0.421446 0)
(-0.150242 -0.407753 0)
(-0.166566 -0.391934 0)
(-0.182115 -0.37408 0)
(-0.196835 -0.354343 0)
(-0.2107 -0.332915 0)
(-0.223721 -0.309982 0)
(-0.235934 -0.2857 0)
(-0.247391 -0.260161 0)
(-0.258146 -0.233376 0)
(-0.268231 -0.205255 0)
(-0.277629 -0.175594 0)
(-0.286222 -0.144058 0)
(-0.293799 -0.110137 0)
(-0.300222 -0.0730373 0)
(-0.304874 -0.0316596 0)
(-0.00723011 -0.44403 0)
(-0.021229 -0.447401 0)
(-0.0371625 -0.443805 0)
(-0.0534596 -0.438879 0)
(-0.0698603 -0.432811 0)
(-0.0860668 -0.425341 0)
(-0.101961 -0.416177 0)
(-0.117459 -0.405097 0)
(-0.132479 -0.391984 0)
(-0.146944 -0.376824 0)
(-0.160786 -0.35969 0)
(-0.17395 -0.340716 0)
(-0.186403 -0.320066 0)
(-0.198137 -0.297905 0)
(-0.209164 -0.27437 0)
(-0.219501 -0.249546 0)
(-0.229165 -0.223453 0)
(-0.238151 -0.196034 0)
(-0.246417 -0.167139 0)
(-0.253841 -0.136515 0)
(-0.260237 -0.103767 0)
(-0.265507 -0.0682569 0)
(-0.26919 -0.0290517 0)
(-0.00583897 -0.43173 0)
(-0.0184119 -0.43254 0)
(-0.0326728 -0.428413 0)
(-0.0469217 -0.423438 0)
(-0.061139 -0.417527 0)
(-0.075131 -0.410319 0)
(-0.088857 -0.401486 0)
(-0.10228 -0.390797 0)
(-0.115348 -0.378139 0)
(-0.127998 -0.363497 0)
(-0.140165 -0.346938 0)
(-0.151794 -0.328583 0)
(-0.162845 -0.30858 0)
(-0.173296 -0.287076 0)
(-0.183138 -0.264197 0)
(-0.192367 -0.240028 0)
(-0.200972 -0.214601 0)
(-0.208922 -0.187885 0)
(-0.216155 -0.159772 0)
(-0.222548 -0.130067 0)
(-0.227931 -0.0984563 0)
(-0.232238 -0.0644079 0)
(-0.23514 -0.0271093 0)
(-0.00488369 -0.421406 0)
(-0.0160323 -0.419216 0)
(-0.0287696 -0.414897 0)
(-0.0408987 -0.410124 0)
(-0.0528786 -0.404463 0)
(-0.0646427 -0.397499 0)
(-0.0762239 -0.388913 0)
(-0.0876208 -0.3785 0)
(-0.0987935 -0.366166 0)
(-0.109681 -0.351908 0)
(-0.120218 -0.335791 0)
(-0.130343 -0.317927 0)
(-0.14001 -0.298449 0)
(-0.149189 -0.277492 0)
(-0.157862 -0.255176 0)
(-0.166008 -0.231589 0)
(-0.173601 -0.206777 0)
(-0.180592 -0.180732 0)
(-0.186904 -0.153383 0)
(-0.192404 -0.124575 0)
(-0.196931 -0.0940459 0)
(-0.20043 -0.0613301 0)
(-0.202682 -0.0256858 0)
(-0.00505235 -0.412207 0)
(-0.0142529 -0.407281 0)
(-0.0255614 -0.403349 0)
(-0.0353711 -0.399057 0)
(-0.0449943 -0.393686 0)
(-0.054499 -0.386887 0)
(-0.0639626 -0.378423 0)
(-0.0733893 -0.368148 0)
(-0.0827303 -0.356004 0)
(-0.0919134 -0.342001 0)
(-0.100863 -0.326206 0)
(-0.109514 -0.308717 0)
(-0.117816 -0.289654 0)
(-0.125737 -0.26914 0)
(-0.133255 -0.247288 0)
(-0.140349 -0.224193 0)
(-0.146985 -0.199919 0)
(-0.153108 -0.174484 0)
(-0.158627 -0.147848 0)
(-0.163398 -0.119895 0)
(-0.167241 -0.0903915 0)
(-0.170078 -0.0588995 0)
(-0.171776 -0.024687 0)
(-0.00727662 -0.402867 0)
(-0.0132753 -0.396471 0)
(-0.0230181 -0.393928 0)
(-0.0301935 -0.390376 0)
(-0.0373301 -0.385226 0)
(-0.0445702 -0.37843 0)
(-0.0519706 -0.369918 0)
(-0.0594992 -0.35963 0)
(-0.0670755 -0.347547 0)
(-0.0746055 -0.333687 0)
(-0.0820022 -0.318109 0)
(-0.0891959 -0.300895 0)
(-0.0961377 -0.282148 0)
(-0.102799 -0.261975 0)
(-0.109164 -0.240484 0)
(-0.115221 -0.217776 0)
(-0.120947 -0.193931 0)
(-0.126293 -0.169003 0)
(-0.13117 -0.142995 0)
(-0.135417 -0.115832 0)
(-0.138805 -0.0873136 0)
(-0.14117 -0.0569942 0)
(-0.142405 -0.0240561 0)
(-0.0129109 -0.394041 0)
(-0.0133274 -0.386818 0)
(-0.0209033 -0.38695 0)
(-0.0250804 -0.384263 0)
(-0.0296745 -0.379091 0)
(-0.0347267 -0.372041 0)
(-0.04017 -0.363283 0)
(-0.0458911 -0.352837 0)
(-0.051765 -0.340701 0)
(-0.0576759 -0.326889 0)
(-0.0635301 -0.31144 0)
(-0.0692592 -0.294416 0)
(-0.0748201 -0.275893 0)
(-0.0801929 -0.255964 0)
(-0.0853747 -0.234724 0)
(-0.0903722 -0.212275 0)
(-0.0951897 -0.188715 0)
(-0.099813 -0.164135 0)
(-0.104183 -0.1386 0)
(-0.10815 -0.112113 0)
(-0.111426 -0.0845514 0)
(-0.113652 -0.0554626 0)
(-0.114591 -0.0237913 0)
(-0.0250965 -0.387327 0)
(-0.0137903 -0.381358 0)
(-0.0188333 -0.384118 0)
(-0.019755 -0.38158 0)
(-0.0218583 -0.375793 0)
(-0.0248933 -0.368123 0)
(-0.0285303 -0.358907 0)
(-0.0325374 -0.348171 0)
(-0.0367496 -0.335888 0)
(-0.0410438 -0.322042 0)
(-0.0453317 -0.306639 0)
(-0.0495542 -0.289713 0)
(-0.0536781 -0.271315 0)
(-0.0576933 -0.251515 0)
(-0.0616106 -0.230392 0)
(-0.0654582 -0.208036 0)
(-0.0692778 -0.184553 0)
(-0.0731152 -0.160064 0)
(-0.0769987 -0.134703 0)
(-0.0808802 -0.108605 0)
(-0.084496 -0.0818317 0)
(-0.0872194 -0.0540722 0)
(-0.0883109 -0.0239328 0)
(-0.0521183 -0.368984 0)
(-0.0123597 -0.388348 0)
(-0.0159772 -0.388124 0)
(-0.0138269 -0.38304 0)
(-0.0137329 -0.375682 0)
(-0.0150362 -0.367061 0)
(-0.0170404 -0.357273 0)
(-0.0194031 -0.34621 0)
(-0.0219537 -0.33376 0)
(-0.0245882 -0.319849 0)
(-0.0272399 -0.304448 0)
(-0.029868 -0.28756 0)
(-0.0324515 -0.269214 0)
(-0.034988 -0.249455 0)
(-0.0374936 -0.228338 0)
(-0.0400067 -0.20593 0)
(-0.042594 -0.182314 0)
(-0.0453594 -0.157602 0)
(-0.0484539 -0.131953 0)
(-0.052056 -0.105602 0)
(-0.0562141 -0.0788703 0)
(-0.0603242 -0.0518984 0)
(-0.0629327 -0.02351 0)
(-0.0875093 -0.310582 0)
(-0.00646701 -0.40816 0)
(-0.00891327 -0.392935 0)
(-0.00578659 -0.382677 0)
(-0.00487501 -0.37325 0)
(-0.00505046 -0.363692 0)
(-0.0056422 -0.353456 0)
(-0.0064113 -0.342181 0)
(-0.0072667 -0.329643 0)
(-0.00816146 -0.315716 0)
(-0.00906853 -0.300343 0)
(-0.00997237 -0.283512 0)
(-0.0108655 -0.26524 0)
(-0.0117477 -0.245556 0)
(-0.0126281 -0.224497 0)
(-0.0135286 -0.202101 0)
(-0.0144937 -0.178401 0)
(-0.0156078 -0.153431 0)
(-0.0170306 -0.127229 0)
(-0.0190641 -0.0998742 0)
(-0.0221856 -0.0716111 0)
(-0.0267826 -0.0429047 0)
(-0.0328325 -0.015982 0)
(1.07533 1.07137 0)
(0.634174 0.670434 0)
(0.183243 0.32766 0)
(0.111098 0.330177 0)
(1.51175 1.18366 0)
(1.43278 1.11939 0)
(1.24391 0.977155 0)
(1.06293 0.856683 0)
(1.50709 0.988449 0)
(1.57738 1.07626 0)
(1.59124 1.11414 0)
(1.53785 1.09353 0)
(1.42217 0.838842 0)
(1.49546 0.938857 0)
(1.56117 1.03543 0)
(1.60357 1.10722 0)
(1.29854 0.713351 0)
(1.36138 0.80153 0)
(1.42743 0.899169 0)
(1.49279 0.998069 0)
(1.17421 0.605433 0)
(1.23726 0.679867 0)
(1.30742 0.770209 0)
(1.37699 0.878577 0)
(1.05947 0.530384 0)
(1.13204 0.582177 0)
(1.21296 0.64949 0)
(1.30656 0.752563 0)
(1.13857 0.261574 0)
(1.16806 0.318021 0)
(1.18183 0.366839 0)
(1.29083 0.535938 0)
(1.45091 0.313635 0)
(1.47841 0.323548 0)
(1.50045 0.27699 0)
(1.49047 0.330325 0)
(1.53467 0.222711 0)
(1.60243 0.285655 0)
(1.66826 0.353633 0)
(1.73297 0.488655 0)
(1.42209 0.017477 0)
(1.51758 0.0962503 0)
(1.61368 0.209368 0)
(1.76059 0.441392 0)
(1.20324 -0.217787 0)
(1.30793 -0.130139 0)
(1.40299 0.0158254 0)
(1.5669 0.336598 0)
(0.90423 -0.45614 0)
(1.00308 -0.358101 0)
(1.08641 -0.176047 0)
(1.22058 0.184505 0)
(0.508934 -0.635521 0)
(0.580141 -0.528111 0)
(0.619187 -0.318985 0)
(0.672881 0.0121383 0)
(0.076957 -0.722067 0)
(0.103035 -0.616966 0)
(0.122315 -0.422316 0)
(0.0944885 -0.0987834 0)
(-0.275676 -0.727571 0)
(-0.282731 -0.647446 0)
(-0.282075 -0.492212 0)
(-0.264573 -0.237751 0)
(-0.488991 -0.690686 0)
(-0.502003 -0.643095 0)
(-0.488764 -0.542576 0)
(-0.455353 -0.373158 0)
(-0.632184 -0.635149 0)
(-0.660858 -0.62723 0)
(-0.670555 -0.594011 0)
(-0.658763 -0.521294 0)
(-0.724504 -0.544092 0)
(-0.77056 -0.552965 0)
(-0.81032 -0.556851 0)
(-0.843154 -0.537225 0)
(-0.769097 -0.434414 0)
(-0.821953 -0.440563 0)
(-0.875829 -0.454068 0)
(-0.933808 -0.456019 0)
(-0.777136 -0.327546 0)
(-0.8264 -0.321986 0)
(-0.880408 -0.32733 0)
(-0.942259 -0.328847 0)
(-0.760666 -0.236793 0)
(-0.800711 -0.219697 0)
(-0.845444 -0.212736 0)
(-0.897493 -0.205779 0)
(-0.730151 -0.16613 0)
(-0.760185 -0.141236 0)
(-0.793397 -0.125026 0)
(-0.831859 -0.110783 0)
(-0.691904 -0.11377 0)
(-0.713444 -0.0846609 0)
(-0.736668 -0.0629195 0)
(-0.763229 -0.0442938 0)
(-0.649405 -0.0761855 0)
(-0.664431 -0.0454506 0)
(-0.680094 -0.0209371 0)
(-0.697756 -3.70724e-05 0)
(-0.604607 -0.0496549 0)
(-0.614868 -0.0189349 0)
(-0.625127 0.0065467 0)
(-0.636528 0.0284034 0)
(-0.558847 -0.0311801 0)
(-0.565682 -0.00141256 0)
(-0.57216 0.023968 0)
(-0.579246 0.0459696 0)
(-0.513151 -0.0185728 0)
(-0.517566 0.00977324 0)
(-0.521435 0.0344534 0)
(-0.525572 0.0561115 0)
(-0.468323 -0.0101878 0)
(-0.471056 0.0165441 0)
(-0.473163 0.0402139 0)
(-0.475321 0.0612429 0)
(-0.424919 -0.00474556 0)
(-0.426514 0.0203407 0)
(-0.42747 0.0428664 0)
(-0.428341 0.0631116 0)
(-0.383263 -0.00130195 0)
(-0.384108 0.022205 0)
(-0.384343 0.0435659 0)
(-0.384415 0.0629643 0)
(-0.343486 0.000804156 0)
(-0.343852 0.0228558 0)
(-0.343659 0.0431004 0)
(-0.343267 0.0616528 0)
(-0.305598 0.00202922 0)
(-0.305669 0.0227773 0)
(-0.305242 0.0419924 0)
(-0.304608 0.059741 0)
(-0.269544 0.00268587 0)
(-0.269442 0.0222905 0)
(-0.268906 0.040583 0)
(-0.268174 0.0575957 0)
(-0.235247 0.00297705 0)
(-0.235046 0.0215988 0)
(-0.234479 0.0390865 0)
(-0.233738 0.0554495 0)
(-0.202622 0.00302193 0)
(-0.202366 0.0208202 0)
(-0.201815 0.03763 0)
(-0.201117 0.0534433 0)
(-0.171596 0.00288406 0)
(-0.17131 0.0200193 0)
(-0.170803 0.0362874 0)
(-0.170186 0.0516627 0)
(-0.142129 0.00259991 0)
(-0.141831 0.0192396 0)
(-0.141396 0.0351143 0)
(-0.140896 0.0501738 0)
(-0.114248 0.00218881 0)
(-0.113973 0.0185347 0)
(-0.11366 0.0341916 0)
(-0.113344 0.0490659 0)
(-0.0880425 0.00162625 0)
(-0.0879145 0.0179748 0)
(-0.0878941 0.0336612 0)
(-0.0879295 0.0484924 0)
(-0.0636248 0.00158463 0)
(-0.0641047 0.0181853 0)
(-0.0649004 0.0340614 0)
(-0.0657091 0.048927 0)
(-0.0425209 0.0074545 0)
(-0.0451313 0.0244536 0)
(-0.047506 0.0393349 0)
(-0.0494952 0.0529419 0)
(-0.659325 0.599618 0)
(-0.283735 0.177186 0)
(-0.307044 0.0255049 0)
(-0.260529 -0.0641777 0)
(-0.211696 -0.112819 0)
(-0.156047 -0.132299 0)
(-0.106555 -0.13003 0)
(-0.0678329 -0.116379 0)
(-0.0392359 -0.0983917 0)
(-0.0185893 -0.0794642 0)
(-0.00390871 -0.0610478 0)
(0.00621207 -0.0439133 0)
(0.0126801 -0.0285847 0)
(0.0160778 -0.0155141 0)
(0.0169091 -0.00507113 0)
(0.0156404 0.00259726 0)
(0.0127445 0.00759195 0)
(0.00838091 0.00987517 0)
(0.00328419 0.0101064 0)
(0.689644 0.697308 0)
(0.461653 0.385908 0)
(-0.0677198 0.139171 0)
(-0.169592 -0.103083 0)
(-0.172938 -0.166598 0)
(-0.131288 -0.185182 0)
(-0.0796546 -0.173304 0)
(-0.0384857 -0.148126 0)
(-0.0105658 -0.120337 0)
(0.00724135 -0.0942998 0)
(0.0181945 -0.0708704 0)
(0.0245075 -0.0500911 0)
(0.0275435 -0.0319447 0)
(0.028017 -0.0165821 0)
(0.026344 -0.0042157 0)
(0.0229149 0.00506175 0)
(0.0180299 0.0113614 0)
(0.0117779 0.014811 0)
(0.00467837 0.0161901 0)
(1.37102 0.989817 0)
(1.13666 0.780622 0)
(0.753525 0.500675 0)
(0.103832 0.134293 0)
(-0.0470231 -0.153754 0)
(-0.0710812 -0.229898 0)
(-0.0344386 -0.216939 0)
(0.00278956 -0.179025 0)
(0.0267382 -0.139647 0)
(0.03949 -0.105345 0)
(0.0452003 -0.0765918 0)
(0.046608 -0.0523917 0)
(0.0453527 -0.0318815 0)
(0.0421954 -0.0146957 0)
(0.037463 -0.000779371 0)
(0.0313584 0.00988312 0)
(0.0240195 0.0173757 0)
(0.0155099 0.0220105 0)
(0.00612297 0.0246846 0)
(1.59494 1.13527 0)
(1.44798 1.05842 0)
(1.21732 0.896693 0)
(0.724459 0.584167 0)
(0.192907 0.0674027 0)
(0.0461172 -0.221602 0)
(0.0427182 -0.247136 0)
(0.0620529 -0.202701 0)
(0.0750938 -0.152596 0)
(0.0791317 -0.110373 0)
(0.077325 -0.0768375 0)
(0.0724127 -0.0499248 0)
(0.0659171 -0.0277944 0)
(0.0584194 -0.00943535 0)
(0.0500518 0.00552639 0)
(0.0407956 0.0172093 0)
(0.0305952 0.0257451 0)
(0.0194697 0.0315163 0)
(0.00762947 0.0354752 0)
(1.57132 1.12939 0)
(1.54359 1.19884 0)
(1.41571 1.14233 0)
(1.17687 0.95952 0)
(0.660676 0.522372 0)
(0.254335 -0.066684 0)
(0.162764 -0.233432 0)
(0.144108 -0.20721 0)
(0.135442 -0.152977 0)
(0.125597 -0.106071 0)
(0.113683 -0.069795 0)
(0.101058 -0.04163 0)
(0.0885072 -0.0189938 0)
(0.0761213 -0.0003149 0)
(0.0636941 0.0150928 0)
(0.0509358 0.0274062 0)
(0.0375819 0.0367487 0)
(0.0235905 0.0435133 0)
(0.00919388 0.0486297 0)
(1.48007 1.0503 0)
(1.52586 1.2257 0)
(1.46719 1.26589 0)
(1.34646 1.19693 0)
(1.02625 0.89183 0)
(0.557607 0.262203 0)
(0.326591 -0.131499 0)
(0.247143 -0.174816 0)
(0.20531 -0.13335 0)
(0.176414 -0.0889685 0)
(0.152237 -0.0538011 0)
(0.130966 -0.0266825 0)
(0.111944 -0.00502255 0)
(0.0944684 0.0129993 0)
(0.0778256 0.0281791 0)
(0.0614044 0.0406949 0)
(0.0447568 0.0505778 0)
(0.0277779 0.0581423 0)
(0.0107772 0.06417 0)
(1.436 0.976845 0)
(1.49067 1.22341 0)
(1.45232 1.33943 0)
(1.37332 1.33092 0)
(1.19349 1.15518 0)
(0.793692 0.601519 0)
(0.509346 0.0615678 0)
(0.360995 -0.0903007 0)
(0.277522 -0.0869467 0)
(0.22684 -0.0565686 0)
(0.189864 -0.0280518 0)
(0.160049 -0.00495463 0)
(0.134834 0.0141275 0)
(0.112511 0.0304975 0)
(0.0918004 0.0448089 0)
(0.0717971 0.0571218 0)
(0.0518859 0.0672857 0)
(0.0319296 0.075449 0)
(0.0123266 0.0821373 0)
(1.41558 0.857684 0)
(1.45194 1.22799 0)
(1.4082 1.40008 0)
(1.34237 1.42652 0)
(1.23825 1.3488 0)
(0.922837 0.871208 0)
(0.664075 0.296201 0)
(0.466351 0.0465215 0)
(0.341134 -0.0114151 0)
(0.270441 -0.00897017 0)
(0.222718 0.00669753 0)
(0.186058 0.0229382 0)
(0.15584 0.0379012 0)
(0.129382 0.051777 0)
(0.105069 0.0647435 0)
(0.0817654 0.076553 0)
(0.0587649 0.0867928 0)
(0.0359521 0.0953754 0)
(0.0138399 0.102462 0)
(1.42641 0.721773 0)
(1.39704 1.27036 0)
(1.34676 1.46546 0)
(1.2832 1.50493 0)
(1.20937 1.47471 0)
(0.97637 1.06972 0)
(0.761513 0.528259 0)
(0.5338 0.218576 0)
(0.381883 0.0875674 0)
(0.300414 0.0498454 0)
(0.247433 0.0474968 0)
(0.207144 0.05503 0)
(0.173827 0.0650802 0)
(0.144456 0.076107 0)
(0.117254 0.0875368 0)
(0.091072 0.0987162 0)
(0.0652502 0.108924 0)
(0.0397632 0.117807 0)
(0.0152651 0.125112 0)
(1.45587 0.892862 0)
(1.33389 1.35517 0)
(1.27062 1.54418 0)
(1.20924 1.57529 0)
(1.14891 1.55956 0)
(0.966998 1.20536 0)
(0.78812 0.753507 0)
(0.542615 0.405216 0)
(0.389412 0.194802 0)
(0.312044 0.11088 0)
(0.262029 0.0890974 0)
(0.222636 0.0882545 0)
(0.188622 0.0939946 0)
(0.157623 0.102555 0)
(0.12826 0.11265 0)
(0.0996343 0.123282 0)
(0.0712775 0.133459 0)
(0.0433369 0.142577 0)
(0.0166369 0.149945 0)
(1.42095 1.17975 0)
(1.26915 1.4801 0)
(1.19094 1.63434 0)
(1.13118 1.64697 0)
(1.07932 1.62884 0)
(0.915964 1.3052 0)
(0.733744 0.975752 0)
(0.491947 0.584013 0)
(0.365056 0.290765 0)
(0.306766 0.162594 0)
(0.267983 0.125406 0)
(0.233701 0.119578 0)
(0.200991 0.123087 0)
(0.169317 0.130311 0)
(0.138283 0.139638 0)
(0.107505 0.149972 0)
(0.0768332 0.160187 0)
(0.0466357 0.169503 0)
(0.017884 0.176749 0)
(1.31066 1.42305 0)
(1.19479 1.63211 0)
(1.12651 1.72167 0)
(1.05946 1.70014 0)
(0.990965 1.67705 0)
(0.823059 1.42569 0)
(0.612922 1.20238 0)
(0.409608 0.733285 0)
(0.324812 0.358502 0)
(0.293812 0.195751 0)
(0.270929 0.152004 0)
(0.243565 0.147067 0)
(0.212677 0.151568 0)
(0.180411 0.159045 0)
(0.147697 0.168333 0)
(0.114796 0.178652 0)
(0.0819142 0.188963 0)
(0.0496258 0.198432 0)
(0.0189808 0.205476 0)
(1.17773 1.52589 0)
(1.12353 1.72236 0)
(1.07544 1.82719 0)
(0.999952 1.78877 0)
(0.882424 1.7241 0)
(0.697957 1.61454 0)
(0.488861 1.40842 0)
(0.345532 0.838465 0)
(0.29564 0.391925 0)
(0.288611 0.208251 0)
(0.279333 0.168744 0)
(0.256577 0.1713 0)
(0.225757 0.18006 0)
(0.191808 0.189195 0)
(0.156806 0.198965 0)
(0.121529 0.209378 0)
(0.0864428 0.219701 0)
(0.052222 0.229183 0)
(0.0199097 0.235872 0)
(1.01398 1.50244 0)
(1.02365 1.74621 0)
(1.02942 1.90619 0)
(0.963555 1.91191 0)
(0.799512 1.79965 0)
(0.551779 1.77957 0)
(0.428913 1.56167 0)
(0.343858 0.903889 0)
(0.307386 0.399518 0)
(0.308313 0.207528 0)
(0.301866 0.181443 0)
(0.276582 0.19614 0)
(0.241669 0.210847 0)
(0.203857 0.222 0)
(0.16551 0.232121 0)
(0.127462 0.242327 0)
(0.0901821 0.252321 0)
(0.054255 0.261517 0)
(0.0205861 0.267592 0)
(0.725693 1.18161 0)
(0.901918 1.62455 0)
(0.985367 1.93952 0)
(0.966272 2.06538 0)
(0.840235 2.00126 0)
(0.587419 1.90496 0)
(0.49345 1.6653 0)
(0.441524 0.949136 0)
(0.386973 0.402073 0)
(0.366636 0.21188 0)
(0.343366 0.202456 0)
(0.304455 0.228535 0)
(0.259943 0.247464 0)
(0.215742 0.259138 0)
(0.173014 0.268487 0)
(0.131962 0.277626 0)
(0.0926969 0.286636 0)
(0.0554732 0.295087 0)
(0.0209171 0.300263 0)
(0.0156066 0.435453 0)
(0.682686 1.34579 0)
(0.8844 1.86985 0)
(0.964331 2.10417 0)
(0.938772 2.1397 0)
(0.814978 2.05066 0)
(0.705449 1.79677 0)
(0.650304 1.03903 0)
(0.544953 0.442854 0)
(0.463913 0.249509 0)
(0.399441 0.247958 0)
(0.335849 0.276338 0)
(0.277321 0.293332 0)
(0.225159 0.301928 0)
(0.177745 0.308378 0)
(0.134016 0.315082 0)
(0.093382 0.3222 0)
(0.0555575 0.329343 0)
(0.020804 0.333323 0)
(-0.317787 0.0677276 0)
(0.418976 0.928416 0)
(0.708833 1.65501 0)
(0.906294 2.04586 0)
(0.982759 2.14343 0)
(0.979837 2.08878 0)
(0.940376 1.89753 0)
(0.916092 1.17201 0)
(0.738593 0.545773 0)
(0.569864 0.34438 0)
(0.451774 0.330245 0)
(0.360144 0.344031 0)
(0.287723 0.349602 0)
(0.228528 0.350282 0)
(0.177599 0.351214 0)
(0.13243 0.353922 0)
(0.091586 0.358197 0)
(0.0541874 0.363478 0)
(0.0201544 0.365994 0)
(-0.557792 -0.243247 0)
(-0.181953 0.461407 0)
(0.394593 1.31951 0)
(0.76231 1.88926 0)
(0.939297 2.07615 0)
(1.01264 2.03439 0)
(1.03324 1.86979 0)
(1.06453 1.28561 0)
(0.851459 0.71093 0)
(0.625436 0.49523 0)
(0.471322 0.444872 0)
(0.363256 0.427381 0)
(0.28402 0.413151 0)
(0.222086 0.401898 0)
(0.170603 0.395185 0)
(0.126201 0.392676 0)
(0.0868127 0.393416 0)
(0.0511399 0.396458 0)
(0.0189126 0.397338 0)
(-0.844233 -0.385191 0)
(-0.66963 0.081029 0)
(-0.20576 0.749123 0)
(0.371549 1.58377 0)
(0.759841 1.92195 0)
(0.92112 1.9571 0)
(0.952511 1.81658 0)
(0.95395 1.39625 0)
(0.789993 0.898878 0)
(0.586553 0.665194 0)
(0.438019 0.567286 0)
(0.335959 0.513037 0)
(0.261687 0.476722 0)
(0.20365 0.45242 0)
(0.155804 0.437414 0)
(0.114953 0.429336 0)
(0.0789268 0.426385 0)
(0.046381 0.42712 0)
(0.0170847 0.426344 0)
(-1.00902 -0.389029 0)
(-1.00963 -0.111875 0)
(-0.798426 0.402366 0)
(-0.351783 1.01265 0)
(0.226161 1.5906 0)
(0.537117 1.81742 0)
(0.679964 1.74607 0)
(0.637836 1.46097 0)
(0.579543 1.04831 0)
(0.459517 0.801028 0)
(0.355808 0.667095 0)
(0.279904 0.585197 0)
(0.22154 0.531721 0)
(0.17394 0.496753 0)
(0.133857 0.474686 0)
(0.0991784 0.461788 0)
(0.0682602 0.455634 0)
(0.0401081 0.454342 0)
(0.014748 0.452052 0)
(-1.04448 -0.291946 0)
(-1.1595 -0.122948 0)
(-1.16754 0.193378 0)
(-0.9861 0.663703 0)
(-0.566777 1.18505 0)
(-0.206561 1.54003 0)
(0.0925527 1.62685 0)
(0.219866 1.40026 0)
(0.297383 1.09027 0)
(0.285502 0.865906 0)
(0.245271 0.724857 0)
(0.205798 0.632999 0)
(0.169422 0.571636 0)
(0.136452 0.530833 0)
(0.106881 0.504411 0)
(0.0801483 0.488336 0)
(0.0555596 0.479977 0)
(0.0327202 0.477213 0)
(0.0120374 0.473681 0)
(-0.988463 -0.170035 0)
(-1.1107 -0.0340696 0)
(-1.19014 0.190299 0)
(-1.16262 0.513437 0)
(-0.969063 0.896752 0)
(-0.669723 1.22148 0)
(-0.349341 1.34735 0)
(-0.0916963 1.24091 0)
(0.0656678 1.03266 0)
(0.122749 0.86125 0)
(0.134708 0.739752 0)
(0.128207 0.654181 0)
(0.113635 0.594184 0)
(0.0960274 0.552862 0)
(0.0777062 0.525301 0)
(0.0595344 0.508051 0)
(0.0418025 0.498711 0)
(0.0247323 0.495162 0)
(0.0091202 0.490715 0)
(-0.900104 -0.0712953 0)
(-0.989736 0.0517322 0)
(-1.05302 0.23476 0)
(-1.05307 0.472973 0)
(-0.949156 0.740682 0)
(-0.738349 0.968954 0)
(-0.474001 1.07723 0)
(-0.237708 1.04026 0)
(-0.0803594 0.927274 0)
(0.00241992 0.815453 0)
(0.0423196 0.724141 0)
(0.0583405 0.6536 0)
(0.0611932 0.60108 0)
(0.0569671 0.563358 0)
(0.0489703 0.537422 0)
(0.038971 0.520825 0)
(0.0279753 0.511662 0)
(0.0166727 0.508001 0)
(0.00617448 0.502941 0)
(-0.810643 -0.00308918 0)
(-0.867609 0.107239 0)
(-0.902001 0.258718 0)
(-0.891536 0.440857 0)
(-0.814194 0.632365 0)
(-0.665977 0.791434 0)
(-0.476311 0.876082 0)
(-0.297056 0.875736 0)
(-0.164462 0.822266 0)
(-0.0794033 0.755382 0)
(-0.0280473 0.692035 0)
(0.00108165 0.638389 0)
(0.0160036 0.595984 0)
(0.022056 0.564227 0)
(0.0226012 0.541773 0)
(0.0197578 0.527174 0)
(0.0149089 0.519098 0)
(0.00899817 0.515889 0)
(0.0033596 0.510444 0)
(-0.729432 0.041034 0)
(-0.762964 0.138309 0)
(-0.776902 0.263503 0)
(-0.757378 0.405294 0)
(-0.693448 0.547103 0)
(-0.585317 0.664451 0)
(-0.450716 0.734554 0)
(-0.318679 0.751702 0)
(-0.211033 0.731261 0)
(-0.132515 0.693903 0)
(-0.0784735 0.652706 0)
(-0.0429235 0.6146 0)
(-0.020589 0.582676 0)
(-0.00734944 0.557796 0)
(-0.000259676 0.539769 0)
(0.00276014 0.527972 0)
(0.00320534 0.521583 0)
(0.00203912 0.519228 0)
(0.000774943 0.513591 0)
(-0.657095 0.0683608 0)
(-0.675268 0.15365 0)
(-0.677365 0.257784 0)
(-0.654489 0.370646 0)
(-0.601333 0.480086 0)
(-0.519792 0.571134 0)
(-0.420908 0.631029 0)
(-0.32117 0.656201 0)
(-0.233943 0.654019 0)
(-0.164544 0.63609 0)
(-0.112446 0.611645 0)
(-0.0749093 0.586613 0)
(-0.0487072 0.564297 0)
(-0.0309021 0.546222 0)
(-0.0191289 0.532883 0)
(-0.0115597 0.524238 0)
(-0.00678813 0.519853 0)
(-0.00397708 0.518743 0)
(-0.00149271 0.512748 0)
(-0.592113 0.084366 0)
(-0.600398 0.159394 0)
(-0.596003 0.247028 0)
(-0.573013 0.339009 0)
(-0.528809 0.426589 0)
(-0.465475 0.500259 0)
(-0.390084 0.552415 0)
(-0.312553 0.580773 0)
(-0.241504 0.58908 0)
(-0.181536 0.584055 0)
(-0.13364 0.571934 0)
(-0.0968028 0.55733 0)
(-0.0691902 0.543227 0)
(-0.0488343 0.531335 0)
(-0.0339605 0.522498 0)
(-0.0230743 0.517004 0)
(-0.0149491 0.514719 0)
(-0.00891618 0.515132 0)
(-0.00333807 0.508446 0)
(-0.533126 0.0927845 0)
(-0.535072 0.159361 0)
(-0.527204 0.234234 0)
(-0.505457 0.310935 0)
(-0.4685 0.383203 0)
(-0.418139 0.444826 0)
(-0.359057 0.491077 0)
(-0.29756 0.520424 0)
(-0.239394 0.534856 0)
(-0.188176 0.53836 0)
(-0.145285 0.535102 0)
(-0.110588 0.528528 0)
(-0.0831407 0.521137 0)
(-0.0616987 0.514566 0)
(-0.0449951 0.509774 0)
(-0.0318642 0.507218 0)
(-0.0212895 0.506963 0)
(-0.0127416 0.508897 0)
(-0.00472931 0.50153 0)
(-0.479281 0.0961666 0)
(-0.477266 0.155885 0)
(-0.467695 0.220949 0)
(-0.44771 0.286367 0)
(-0.416624 0.347648 0)
(-0.375894 0.400648 0)
(-0.328706 0.442328 0)
(-0.279214 0.471627 0)
(-0.231328 0.489615 0)
(-0.187777 0.49872 0)
(-0.149915 0.501739 0)
(-0.11802 0.501206 0)
(-0.0916906 0.499135 0)
(-0.0701831 0.496972 0)
(-0.0526254 0.495656 0)
(-0.0381376 0.495707 0)
(-0.0259071 0.497303 0)
(-0.0155135 0.500606 0)
(-0.00570915 0.492706 0)
(-0.429962 0.0963175 0)
(-0.42563 0.15048 0)
(-0.415471 0.207985 0)
(-0.397435 0.26499 0)
(-0.37117 0.318245 0)
(-0.337817 0.364925 0)
(-0.299585 0.403017 0)
(-0.259276 0.431766 0)
(-0.219596 0.451758 0)
(-0.182582 0.464513 0)
(-0.149419 0.471932 0)
(-0.120549 0.475875 0)
(-0.0958796 0.477928 0)
(-0.0749933 0.479315 0)
(-0.0573083 0.480889 0)
(-0.0421759 0.483164 0)
(-0.0289636 0.486371 0)
(-0.0173353 0.490826 0)
(-0.00633265 0.482593 0)
(-0.384592 0.0945221 0)
(-0.379076 0.144165 0)
(-0.369044 0.1958 0)
(-0.352992 0.246451 0)
(-0.330739 0.293734 0)
(-0.303169 0.33568 0)
(-0.271837 0.370915 0)
(-0.238677 0.398896 0)
(-0.205591 0.419949 0)
(-0.1741 0.435057 0)
(-0.145191 0.445534 0)
(-0.119337 0.452751 0)
(-0.096607 0.457946 0)
(-0.0767901 0.462129 0)
(-0.0595074 0.466041 0)
(-0.0442894 0.470154 0)
(-0.0306534 0.474708 0)
(-0.0183269 0.480086 0)
(-0.00664921 0.471729 0)
(-0.342616 0.0916697 0)
(-0.336678 0.137617 0)
(-0.327215 0.184646 0)
(-0.313095 0.230428 0)
(-0.294224 0.273184 0)
(-0.271284 0.311509 0)
(-0.24539 0.344441 0)
(-0.217901 0.371583 0)
(-0.19018 0.393125 0)
(-0.163365 0.409721 0)
(-0.138255 0.422302 0)
(-0.115295 0.431885 0)
(-0.0946254 0.439436 0)
(-0.0761601 0.445778 0)
(-0.0596591 0.451537 0)
(-0.0447866 0.457126 0)
(-0.0311803 0.46277 0)
(-0.0186156 0.468851 0)
(-0.00670726 0.460573 0)
(-0.303536 0.0883564 0)
(-0.297671 0.131268 0)
(-0.289034 0.174646 0)
(-0.27675 0.216644 0)
(-0.260768 0.255907 0)
(-0.241617 0.291409 0)
(-0.220105 0.322462 0)
(-0.19721 0.348772 0)
(-0.173921 0.370454 0)
(-0.151096 0.387961 0)
(-0.12937 0.401967 0)
(-0.109134 0.413238 0)
(-0.0905518 0.422529 0)
(-0.0736084 0.430506 0)
(-0.0581562 0.437692 0)
(-0.0439571 0.444436 0)
(-0.0307434 0.450931 0)
(-0.0183271 0.45752 0)
(-0.00655898 0.449495 0)
(-0.266939 0.0849702 0)
(-0.261457 0.125382 0)
(-0.253781 0.165843 0)
(-0.24322 0.204862 0)
(-0.22974 0.241389 0)
(-0.213752 0.274655 0)
(-0.195854 0.304156 0)
(-0.176757 0.329677 0)
(-0.157191 0.351291 0)
(-0.137806 0.369323 0)
(-0.119102 0.384273 0)
(-0.101408 0.396726 0)
(-0.0848874 0.407279 0)
(-0.0695615 0.416471 0)
(-0.0553427 0.424734 0)
(-0.0420632 0.432357 0)
(-0.0295277 0.439495 0)
(-0.017577 0.446427 0)
(-0.00625254 0.43879 0)
(-0.232496 0.0817548 0)
(-0.227585 0.120116 0)
(-0.22093 0.158233 0)
(-0.211975 0.194884 0)
(-0.200691 0.229237 0)
(-0.187396 0.260707 0)
(-0.172538 0.288918 0)
(-0.156643 0.313708 0)
(-0.140257 0.335133 0)
(-0.123871 0.353432 0)
(-0.107879 0.368985 0)
(-0.0925522 0.382249 0)
(-0.0780386 0.393699 0)
(-0.0643765 0.403772 0)
(-0.0515155 0.412827 0)
(-0.039337 0.421099 0)
(-0.0276999 0.428703 0)
(-0.0164676 0.435841 0)
(-0.00582723 0.428692 0)
(-0.199963 0.0788588 0)
(-0.195735 0.115554 0)
(-0.190117 0.151784 0)
(-0.182655 0.186538 0)
(-0.173319 0.219147 0)
(-0.162354 0.249158 0)
(-0.1501 0.276286 0)
(-0.136951 0.300414 0)
(-0.123317 0.321584 0)
(-0.109576 0.33998 0)
(-0.0960344 0.355898 0)
(-0.0829126 0.369701 0)
(-0.0703378 0.381771 0)
(-0.058353 0.392468 0)
(-0.0469297 0.402087 0)
(-0.0359826 0.410819 0)
(-0.0254095 0.418742 0)
(-0.0150907 0.425974 0)
(-0.00531663 0.419376 0)
(-0.169185 0.0763751 0)
(-0.165712 0.111737 0)
(-0.161121 0.146451 0)
(-0.155045 0.179676 0)
(-0.147448 0.210872 0)
(-0.138522 0.239686 0)
(-0.128527 0.265904 0)
(-0.117762 0.289438 0)
(-0.106541 0.310325 0)
(-0.0951533 0.32871 0)
(-0.0838388 0.34483 0)
(-0.0727731 0.358976 0)
(-0.0620621 0.371462 0)
(-0.0517458 0.382585 0)
(-0.0418069 0.39259 0)
(-0.0321808 0.40163 0)
(-0.0227914 0.409751 0)
(-0.0135312 0.416988 0)
(-0.00475258 0.41096 0)
(-0.14012 0.0743734 0)
(-0.137455 0.108688 0)
(-0.133868 0.14218 0)
(-0.12907 0.174162 0)
(-0.123025 0.204204 0)
(-0.115888 0.232033 0)
(-0.107864 0.257485 0)
(-0.0991851 0.280497 0)
(-0.0900929 0.301099 0)
(-0.0808112 0.319411 0)
(-0.0715271 0.335624 0)
(-0.0623789 0.349978 0)
(-0.0534515 0.362731 0)
(-0.0447779 0.374133 0)
(-0.036344 0.384385 0)
(-0.028096 0.393612 0)
(-0.0199716 0.401828 0)
(-0.0118716 0.408995 0)
(-0.00416764 0.403514 0)
(-0.112908 0.0729264 0)
(-0.111097 0.106417 0)
(-0.108475 0.138913 0)
(-0.104832 0.169873 0)
(-0.10015 0.198967 0)
(-0.0945671 0.225984 0)
(-0.0882524 0.250798 0)
(-0.0813922 0.27336 0)
(-0.0741752 0.293698 0)
(-0.0667752 0.311909 0)
(-0.0593371 0.32815 0)
(-0.0519683 0.342621 0)
(-0.0447344 0.355538 0)
(-0.0376593 0.367111 0)
(-0.0307274 0.377507 0)
(-0.0238871 0.386821 0)
(-0.0170772 0.395046 0)
(-0.0102024 0.402074 0)
(-0.00359958 0.397066 0)
(-0.088045 0.0721388 0)
(-0.0871221 0.104924 0)
(-0.0853932 0.136554 0)
(-0.082743 0.166643 0)
(-0.0792061 0.194945 0)
(-0.0749238 0.221294 0)
(-0.0700491 0.245585 0)
(-0.0647371 0.267776 0)
(-0.0591382 0.287887 0)
(-0.0533872 0.305998 0)
(-0.0475954 0.322239 0)
(-0.0418448 0.336778 0)
(-0.0361844 0.3498 0)
(-0.0306299 0.361478 0)
(-0.0251633 0.371951 0)
(-0.0197305 0.381284 0)
(-0.0142571 0.389442 0)
(-0.00863519 0.396251 0)
(-0.00309266 0.391507 0)
(-0.0667772 0.0723657 0)
(-0.0667802 0.104244 0)
(-0.0658095 0.134904 0)
(-0.063913 0.164132 0)
(-0.0612273 0.191713 0)
(-0.0579256 0.217485 0)
(-0.0541599 0.24134 0)
(-0.050066 0.263228 0)
(-0.0457652 0.283156 0)
(-0.0413619 0.301187 0)
(-0.03694 0.317428 0)
(-0.0325606 0.332023 0)
(-0.028261 0.345131 0)
(-0.024054 0.3569 0)
(-0.019927 0.367444 0)
(-0.0158356 0.376802 0)
(-0.0117033 0.384905 0)
(-0.00742142 0.391544 0)
(-0.00282916 0.387115 0)
(-0.0520182 0.0743787 0)
(-0.0531149 0.104278 0)
(-0.0526348 0.133573 0)
(-0.0510971 0.161824 0)
(-0.0488267 0.188693 0)
(-0.0460442 0.213952 0)
(-0.0429073 0.237455 0)
(-0.0395389 0.259123 0)
(-0.036039 0.27894 0)
(-0.0324875 0.296946 0)
(-0.0289463 0.313225 0)
(-0.0254597 0.327895 0)
(-0.0220563 0.341093 0)
(-0.01875 0.352944 0)
(-0.0155414 0.363534 0)
(-0.0124136 0.372866 0)
(-0.00932437 0.38078 0)
(-0.0062122 0.386768 0)
(-0.00268843 0.380857 0)
)
;

boundaryField
{
    leftWall
    {
        type            noSlip;
    }
    rightWall
    {
        type            noSlip;
    }
    lowerWall
    {
        type            noSlip;
    }
    atmosphere
    {
        type            pressureInletOutletVelocity;
        value           nonuniform List<vector> 
46
(
(0 -0.310582 0)
(0 -0.40816 0)
(0 -0.392935 0)
(0 -0.382677 0)
(0 -0.37325 0)
(0 -0.363692 0)
(0 -0.353456 0)
(0 -0.342181 0)
(0 -0.329643 0)
(0 -0.315716 0)
(0 -0.300343 0)
(0 -0.283512 0)
(0 -0.26524 0)
(0 -0.245556 0)
(0 -0.224497 0)
(0 -0.202101 0)
(0 -0.178401 0)
(0 -0.153431 0)
(0 -0.127229 0)
(0 -0.0998742 0)
(0 -0.0716111 0)
(0 -0.0429047 0)
(0 -0.015982 0)
(-0.0425209 0.0074545 0)
(-0.0451313 0.0244536 0)
(-0.047506 0.0393349 0)
(-0.0494952 0.0529419 0)
(-0.0520182 0.0743787 0)
(-0.0531149 0.104278 0)
(-0.0526348 0.133573 0)
(-0.0510971 0.161824 0)
(-0.0488267 0.188693 0)
(-0.0460442 0.213952 0)
(-0.0429073 0.237455 0)
(-0.0395389 0.259123 0)
(-0.036039 0.27894 0)
(-0.0324875 0.296946 0)
(-0.0289463 0.313225 0)
(-0.0254597 0.327895 0)
(-0.0220563 0.341093 0)
(-0.01875 0.352944 0)
(-0.0155414 0.363534 0)
(-0.0124136 0.372866 0)
(-0.00932437 0.38078 0)
(-0.0062122 0.386768 0)
(-0.00268843 0.380857 0)
)
;
    }
    defaultFaces
    {
        type            empty;
    }
}


// ************************************************************************* //
